tree
version=v4
num_class=1
num_tree_per_iteration=1
label_index=0
max_feature_idx=41
objective=binary sigmoid:1
feature_names=n_active_ch n_rows_1d n_rows_3d n_rows_7d n_rows_28d n_bad_1d n_bad_3d n_bad_7d n_bad_28d n_undef_1d n_undef_3d n_undef_7d n_undef_28d n_alarm_1d n_alarm_3d n_alarm_7d n_alarm_28d n_ch_bad_1d n_ch_bad_7d n_ch_bad_28d act_share_1d act_share_7d rate_7d rate_28d n_dying_ch dying_share ev_inc_6h ev_inc_24h ev_inc_72h ev_inc_168h ev_inc_672h ev_fail_3h ev_fail_24h ev_fail_168h ev_h_since_inc ev_h_since_prev ev_gap_last ev_relapse_rate ev_open_ch is_rearm hour dow
feature_infos=[0:1459] [0:200094] [0:575548] [0:1039472] [0:3446064] [0:32012] [0:32027] [0:32027] [0:32057] [0:37262] [0:71955] [0:122355] [0:165289] [0:32013] [0:32065] [0:32176] [0:33059] [0:383] [0:947] [0:1109] [0:1] [0.0054644808743169399:1] [0:52] [0:13] [0:1420] [0:1] [0:3] [0:7] [0:11] [0:18] [0:25] [0:191] [0:561] [0:1165] [1:22977.983611111111] [2.0238888888888891:28233.218888888889] [1.0238888888888888:21790.846388888887] [0.090909090909090912:0.96551724137931039] [0:195] [0:1] [0:23] [0:6]
tree_sizes=889 898 896 897 901 900 898 909 901 903 900 908 902 901 896 902 904 899 896 913 905 899 900 902 907 903 902 908 904 900 905 901 909 903 900 904 905 895 909 902 912 909 904 906 904 901 910 900 901 903 906 905 905 902 913 906 905 913

Tree=0
num_leaves=7
num_cat=0
split_feature=36 28 16 29 4 37
split_gain=3938.11 1841.17 531.535 523.336 305.982 305.03
threshold=2701.1322222222229 1.0000000180025095e-35 288.50000000000006 2.5000000000000004 151889.50000000003 0.45804195804195807
decision_type=8 2 10 2 8 2
left_child=1 2 -1 5 -2 -3
right_child=4 3 -4 -5 -6 -7
leaf_value=-0.55517088902200795 -0.58750230924736291 -0.53863103645598143 -0.51670443268349109 -0.43337354893874402 -0.51805565351072913 -0.48200422834612755
leaf_weight=2009.6437188386917 3345.9975360631943 297.01916825771332 1615.7098569869995 489.2217139005661 163.38378012180328 1206.6694223880768
leaf_count=8647 13389 256 6952 313 535 1020
internal_value=-0.542716 -0.516767 -0.538014 -0.478227 -0.584238 -0.493136
internal_weight=9127.65 5618.26 3625.35 1992.91 3509.38 1503.69
internal_count=31112 17188 15599 1589 13924 1276
is_linear=0
shrinkage=1


Tree=1
num_leaves=7
num_cat=0
split_feature=35 24 29 16 36 24
split_gain=4648.36 852.197 708.465 333.763 308.057 242.851
threshold=1501.2641666666671 145.50000000000003 2.5000000000000004 706.50000000000011 3493.0963888888896 706.50000000000011
decision_type=8 8 2 10 8 8
left_child=2 4 3 -1 -2 -3
right_child=1 5 -4 -5 -6 -7
leaf_value=0.02674125487434886 -0.020677617695952496 -0.0053231346845013464 0.10028785018574232 0.065977572172381496 -0.047979627095203196 0.041137721509478038
leaf_weight=1995.6022304743528 1698.5545764714479 1119.1455896645784 536.85199585556984 747.02382080256939 2682.0783686190844 370.27506931126118
leaf_count=5366 6831 4410 375 1808 10973 1394
internal_value=0.000301491 -0.0263311 0.0479396 0.0375289 -0.0374291 0.00632619
internal_weight=9149.53 5870.05 3279.48 2742.63 4380.63 1489.42
internal_count=31157 23608 7549 7174 17804 5804
is_linear=0
shrinkage=0.05


Tree=2
num_leaves=7
num_cat=0
split_feature=35 30 24 37 16 24
split_gain=4145.81 979.872 451.291 358.086 275.92 263.287
threshold=2665.1501388888896 2.5000000000000004 102.50000000000001 0.28991596638655465 728.50000000000011 849.50000000000011
decision_type=8 2 10 2 10 10
left_child=1 3 -2 -1 5 -5
right_child=2 -3 -4 4 -6 -7
leaf_value=-0.036630603548378902 -0.043231958279257479 0.074552583220398094 -0.0095037675904475448 0.0099059613347916887 0.055745612591925779 0.051734674453881295
leaf_weight=246.85849323868752 3224.5579989701509 1139.4451573342085 1436.2060711085796 1971.0941038876772 599.74117060005665 461.05983301997185
leaf_count=782 13517 1626 5760 6188 1787 1338
internal_value=1.94676e-05 0.034702 -0.03286 0.0207605 0.025486 0.0179252
internal_weight=9078.96 4418.2 4660.76 3278.75 3031.9 2432.15
internal_count=30998 11721 19277 10095 9313 7526
is_linear=0
shrinkage=0.05


Tree=3
num_leaves=7
num_cat=0
split_feature=35 24 38 35 4 2
split_gain=3801.04 714.564 501.404 424.949 261.82 237.859
threshold=1332.7075000000002 706.50000000000011 1.0000000180025095e-35 5436.9231944444455 83666.500000000015 2606.5000000000005
decision_type=8 8 2 8 10 10
left_child=2 3 -1 4 -2 -4
right_child=1 -3 5 -5 -6 -7
leaf_value=0.022390144994004962 -0.023115677986606836 0.038337036318425013 0.086717151240374213 -0.039710507884556698 0.012163484406855996 0.048168011816312223
leaf_weight=1345.656812235713 1630.8255599439144 438.26630067825317 665.96063187718391 3160.3354520946741 771.29969477653503 1072.821096688509
leaf_count=5667 6340 1600 454 13469 2905 628
internal_value=0.000359446 -0.0228239 0.0454263 -0.0276729 -0.0117861 0.0631388
internal_weight=9085.17 6000.73 3084.44 5562.46 2402.13 1738.78
internal_count=31063 24314 6749 22714 9245 1082
is_linear=0
shrinkage=0.05


Tree=4
num_leaves=7
num_cat=0
split_feature=35 24 30 0 36 35
split_gain=3378.59 708.824 488.809 400.664 234.158 222.411
threshold=1332.7075000000002 706.50000000000011 2.5000000000000004 34.500000000000007 4824.6498611111119 205.22361111111113
decision_type=8 8 2 10 10 10
left_child=2 3 -1 -2 -5 -4
right_child=1 -3 5 4 -6 -7
leaf_value=0.026599657909178693 -0.036428804297096218 0.037864317546938746 0.082171403395772988 0.00067563464989835794 -0.045002082171693984 0.035253177367021264
leaf_weight=1946.3631253987551 3657.9412802010775 453.92463935911655 810.06496077775955 1505.6644838452339 339.78436550498009 382.94272777438164
leaf_count=5083 15499 1607 715 5825 1416 962
internal_value=0.000219935 -0.0218967 0.0421569 -0.0268557 -0.00783343 0.0673211
internal_weight=9096.69 5957.31 3139.37 5503.39 1845.45 1193.01
internal_count=31107 24347 6760 22740 7241 1677
is_linear=0
shrinkage=0.05


Tree=5
num_leaves=7
num_cat=0
split_feature=35 30 24 24 12 35
split_gain=3048.1 695.004 370.458 274.023 239.076 183.21
threshold=2665.1501388888896 2.5000000000000004 108.50000000000001 729.50000000000011 20.500000000000004 205.22361111111113
decision_type=8 2 10 10 10 10
left_child=1 3 4 -1 -2 -3
right_child=2 5 -4 -5 -6 -7
leaf_value=0.0084971850622131435 -0.050934514019733305 0.075884160637542455 -0.0077336071350137259 0.041729319344872673 -0.023044585907665067 0.032480818780490112
leaf_weight=2440.0338842123747 1797.6268565356731 780.22403518855572 1361.2872916162014 828.5282588750124 1364.1327610760927 369.00790500640869
leaf_count=7736 7976 693 5517 2415 5818 952
internal_value=-0.000742326 0.028781 -0.0295786 0.0169719 -0.0389569 0.0621488
internal_weight=8940.84 4417.79 4523.05 3268.56 3161.76 1149.23
internal_count=31107 11796 19311 10151 13794 1645
is_linear=0
shrinkage=0.05


Tree=6
num_leaves=7
num_cat=0
split_feature=35 34 24 16 35 24
split_gain=2939.09 669.426 327.085 263.217 239.939 224.791
threshold=2818.6045833333342 14.850416666666669 102.50000000000001 540.50000000000011 205.22361111111113 849.50000000000011
decision_type=8 10 8 8 10 10
left_child=1 4 -2 5 -1 -3
right_child=2 3 -4 -5 -6 -7
leaf_value=0.067397670951069341 -0.038143367831177853 -0.0062832125197408153 -0.0086846214213181314 0.034597124028266264 0.03264907337497288 0.042382119187481054
leaf_weight=978.47561880946159 3014.676509141922 1582.0797351300716 1374.8531722277403 844.81400227546692 1041.2563802301884 274.00808681547642
leaf_count=404 13260 6751 5561 3493 467 1129
internal_value=0.00049733 0.0278687 -0.0289369 0.0115504 0.0496082 0.000995651
internal_weight=9110.16 4720.63 4389.53 2700.9 2019.73 1856.09
internal_count=31065 12244 18821 11373 871 7880
is_linear=0
shrinkage=0.05


Tree=7
num_leaves=7
num_cat=0
split_feature=36 38 24 29 14 38
split_gain=2067.27 911.735 307.707 218.239 208.709 141.827
threshold=3012.6204166666671 1.0000000180025095e-35 831.50000000000011 2.5000000000000004 1.0000000180025095e-35 1.0000000180025095e-35
decision_type=8 2 10 2 8 2
left_child=1 2 -1 -3 -2 -6
right_child=4 3 -4 -5 5 -7
leaf_value=-0.0034886395037543403 -0.049113136228610993 0.03460226595909581 0.036326083120552383 0.073032379215655641 -0.027557869926037128 0.015786226906880692
leaf_weight=3199.6169289201498 1256.7840886861086 1512.910035610199 566.90646687150002 494.86902126669884 1665.2858799248934 209.50911571085453
leaf_count=13826 5681 1117 2323 202 7713 242
internal_value=-0.000672019 0.0170652 0.00254416 0.0442323 -0.0333527 -0.022685
internal_weight=8905.88 5774.3 3766.52 2007.78 3131.58 1874.79
internal_count=31104 17468 16149 1319 13636 7955
is_linear=0
shrinkage=0.05


Tree=8
num_leaves=7
num_cat=0
split_feature=35 35 24 16 24 1
split_gain=2328.58 562.402 316.208 262.424 170.459 163.58
threshold=2818.6045833333342 228.41652777777782 102.50000000000001 548.50000000000011 758.50000000000011 2369.5000000000005
decision_type=8 10 10 10 10 10
left_child=1 -1 -2 4 -3 -5
right_child=2 3 -4 5 -6 -7
leaf_value=0.054688315990030323 -0.035928037775833352 -0.00160816205052176 -0.0067814303534393695 0.05364906752325635 0.031534639854401969 0.014569150740141028
leaf_weight=1137.0338509529829 2964.8364975750446 1932.1685812026262 1359.1181896328926 550.31408420205116 480.28664988279343 526.95781141519547
leaf_count=1107 13335 6390 5574 1674 1439 1606
internal_value=-0.000420385 0.0242211 -0.026785 0.0142301 0.00504169 0.0346884
internal_weight=8950.72 4626.76 4323.95 3489.73 2412.46 1077.27
internal_count=31125 12216 18909 11109 7829 3280
is_linear=0
shrinkage=0.05


Tree=9
num_leaves=7
num_cat=0
split_feature=35 24 29 37 0 38
split_gain=2117.64 462.956 313.169 233.995 224.034 166.464
threshold=1669.4718055555556 145.50000000000003 2.5000000000000004 0.45804195804195807 19.500000000000004 1.0000000180025095e-35
decision_type=8 8 2 2 10 2
left_child=2 4 3 -1 -2 -5
right_child=1 -3 -4 5 -6 -7
leaf_value=-0.0057392947512913467 -0.039842290188929014 0.0045030458143111574 0.065372840255136941 0.017818814439480593 -0.015794607983298656 0.043629086274182632
leaf_weight=563.03156208992004 2136.4300953745842 1405.2708883583546 516.36232016980648 1356.1303681582212 1787.4913969635963 1172.6511097252369
leaf_count=1424 9731 5440 369 5605 7710 862
internal_value=-9.21744e-05 -0.0201119 0.0294634 0.0233703 -0.0289217 0.0298501
internal_weight=8937.37 5329.19 3608.18 3091.81 3923.92 2528.78
internal_count=31141 22881 8260 7891 17441 6467
is_linear=0
shrinkage=0.05


Tree=10
num_leaves=7
num_cat=0
split_feature=36 34 16 4 16 21
split_gain=1729.22 778.706 258.085 256.749 199.034 153.549
threshold=2701.1322222222229 106.64805555555557 285.50000000000006 151889.50000000003 566.50000000000011 0.46963109354413707
decision_type=8 10 10 8 10 8
left_child=1 4 -3 5 -1 -2
right_child=3 2 -4 -5 -6 -7
leaf_value=0.027709977244901225 -0.01965021137498707 -0.010381206519973865 0.016718652427763266 0.032322585884208915 0.058672139521109959 -0.042773553574274849
leaf_weight=1318.8865212202072 1277.5678688585758 1888.7263877689838 1633.9956133663654 155.48469579219818 871.69900274276733 1678.6668469458818
leaf_count=1182 5538 8337 6823 542 814 7755
internal_value=0.000434137 0.0167646 0.0021948 -0.0295284 0.0401363 -0.0328306
internal_weight=8825.03 5713.31 3522.72 3111.72 2190.59 2956.23
internal_count=30991 17156 15160 13835 1996 13293
is_linear=0
shrinkage=0.05


Tree=11
num_leaves=7
num_cat=0
split_feature=36 30 24 24 16 8
split_gain=1499.67 614.706 395.616 215.787 186.682 158.271
threshold=2914.9948611111117 2.5000000000000004 716.50000000000011 100.50000000000001 717.50000000000011 60.500000000000007
decision_type=8 2 10 8 10 10
left_child=1 2 4 -2 -1 -6
right_child=3 -3 -4 -5 5 -7
leaf_value=-0.0059199721006363872 -0.03650769545606683 0.047204065096403833 0.034525367393254174 -0.0052846640603306134 0.068723930377925055 0.0086697707191660655
leaf_weight=3111.1317481398582 2285.3392278254032 1146.6290509998798 977.62791913747787 732.14623928070068 149.40881231427193 385.27240352332592
leaf_count=11237 10763 1627 2852 2947 479 1234
internal_value=-0.000418044 0.0145167 0.00636787 -0.0289532 -0.00121953 0.0259323
internal_weight=8787.56 5770.07 4623.44 3017.49 3645.81 534.681
internal_count=31139 17429 15802 13710 12950 1713
is_linear=0
shrinkage=0.05


Tree=12
num_leaves=7
num_cat=0
split_feature=35 35 34 37 37 16
split_gain=1678.37 416.111 223.316 204.93 204.195 165.889
threshold=2818.6045833333342 228.41652777777782 5507.9051388888902 0.25833333333333336 0.37797619047619052 706.50000000000011
decision_type=8 10 8 2 2 10
left_child=1 -1 4 -3 -2 -5
right_child=2 3 -4 5 -6 -7
leaf_value=0.047642493397639811 -0.026481277953978893 -0.031808289315624197 -0.038082168462707504 0.009414591389314015 0.0015187328618941026 0.035388958371868388
leaf_weight=1113.418176472187 1442.2964600175619 237.34579250216484 1502.0743035972118 2488.1991928219795 1182.7131551504135 814.14318661391735
leaf_count=1103 6540 808 7488 7998 4888 2283
internal_value=0.000469154 0.0210465 -0.0227283 0.0126252 -0.0138868 0.015862
internal_weight=8780.19 4653.11 4127.08 3539.69 2625.01 3302.34
internal_count=31108 12192 18916 11089 11428 10281
is_linear=0
shrinkage=0.05


Tree=13
num_leaves=7
num_cat=0
split_feature=35 16 38 4 34 2
split_gain=1638.83 449.714 261.428 205.468 153.639 143.001
threshold=1309.4962500000004 288.50000000000006 1.0000000180025095e-35 2535.5000000000005 2404.6625000000008 3761.5000000000005
decision_type=8 8 2 10 8 10
left_child=2 3 -1 -2 -3 -4
right_child=1 4 5 -5 -6 -7
leaf_value=0.013412621954607629 -0.043368106246555592 0.017305540835174785 0.058361809613979548 -0.017482835379606838 -0.018223385328628591 0.029263501097042999
leaf_weight=1357.3135739862919 1021.9893339425325 1122.0560476928949 796.54215882718563 3086.472387060523 412.25609458982944 936.70444567501545
leaf_count=5566 4884 3952 547 13635 1929 527
internal_value=0.000677867 -0.0153487 0.0299168 -0.0239667 0.00773105 0.0427655
internal_weight=8733.33 5642.77 3090.56 4108.46 1534.31 1733.25
internal_count=31040 24400 6640 18519 5881 1074
is_linear=0
shrinkage=0.05


Tree=14
num_leaves=7
num_cat=0
split_feature=35 16 29 4 2 37
split_gain=1400.16 433.599 231.11 201.322 191.479 178.7
threshold=1244.207916666667 288.50000000000006 2.5000000000000004 2364.5000000000005 3761.5000000000005 0.39047619047619053
decision_type=8 8 2 10 10 2
left_child=2 3 4 -2 5 -1
right_child=1 -3 -4 -5 -6 -7
leaf_value=-0.016255729323034113 -0.042976559975920176 0.0077423190690811272 0.058363255410008134 -0.016804798258531355 0.0084450490957149963 0.043836156413523994
leaf_weight=138.52128554880619 958.73590251803398 1594.2535874396563 512.56823308765888 3157.2961945086718 1316.2852471768856 997.78392070531845
leaf_count=320 4703 6062 378 14017 3174 2439
internal_value=9.36085e-05 -0.0143786 0.0279414 -0.0229457 0.0214777 0.0364715
internal_weight=8675.44 5710.29 2965.16 4116.03 2452.59 1136.31
internal_count=31093 24782 6311 18720 5933 2759
is_linear=0
shrinkage=0.05


Tree=15
num_leaves=7
num_cat=0
split_feature=35 16 34 36 37 21
split_gain=1211.4 353.978 196.86 187.857 171.016 159.879
threshold=2818.6045833333342 558.50000000000011 5507.9051388888902 237.7490277777778 0.37797619047619052 0.46963109354413707
decision_type=8 10 8 10 2 10
left_child=1 -1 4 -3 -2 -6
right_child=2 3 -4 -5 5 -7
leaf_value=0.0060357164981361842 -0.024714250645910919 0.051834292684648578 -0.036239949962716976 0.017447712615845067 0.017797913557331544 -0.019169788799044109
leaf_weight=2982.9080799669027 1422.3702509701252 819.77863319218159 1427.0245515555143 780.74830286204815 641.0003896355629 529.45342825353146
leaf_count=8434 6604 1697 7416 2080 2530 2304
internal_value=-0.00132724 0.0162355 -0.0213476 0.0351669 -0.0130972 0.00106521
internal_weight=8603.28 4583.44 4019.85 1600.53 2592.82 1170.45
internal_count=31065 12211 18854 3777 11438 4834
is_linear=0
shrinkage=0.05


Tree=16
num_leaves=7
num_cat=0
split_feature=36 38 4 24 23 24
split_gain=1006.2 498.653 235.359 189.605 167.542 184.654
threshold=2914.9948611111117 1.0000000180025095e-35 236708.50000000003 863.50000000000011 5.936436594464511 447.50000000000006
decision_type=8 2 8 10 10 10
left_child=1 3 4 -1 5 -2
right_child=2 -3 -4 -5 -6 -7
leaf_value=-0.0026606139964191686 -0.032298337016160299 0.032691908313441757 0.076690328613951086 0.030433240199329151 0.010780003889519205 0.039724279518796479
leaf_weight=3216.8105479180813 2439.6108659356833 2008.7667330354452 52.61303748190403 494.9932731539011 281.62628020346165 88.270968616008759
leaf_count=14042 11952 1316 159 1994 1306 289
internal_value=0.000551341 0.0126587 -0.0236277 0.00178767 -0.0256393 -0.0297099
internal_weight=8582.69 5720.57 2862.12 3711.8 2809.51 2527.88
internal_count=31058 17352 13706 16036 13547 12241
is_linear=0
shrinkage=0.05


Tree=17
num_leaves=7
num_cat=0
split_feature=35 16 28 24 4 36
split_gain=1018.79 308.624 250.587 216.472 171.655 157.959
threshold=2665.1501388888896 558.50000000000011 2.5000000000000004 108.50000000000001 132140.00000000003 31.714305555555558
decision_type=8 10 2 10 10 10
left_child=1 2 -1 -2 -3 -6
right_child=3 4 -4 -5 5 -7
leaf_value=0.0024940246288762589 -0.026790330533527869 0.04413891843756132 0.062080728255479695 -0.001871912438819964 0.056119239846468161 -0.011712362324930078
leaf_weight=2771.4764289259911 2734.7769723534584 1116.0080732405186 183.47784654796124 1279.3369954675436 112.75875739753246 312.17147162556648
leaf_count=8038 13792 2599 76 5434 242 883
internal_value=-0.000564235 0.0157745 0.00629248 -0.0188608 0.0338783 0.00673064
internal_weight=8510.01 4495.89 2954.95 4014.11 1540.94 424.93
internal_count=31064 11838 8114 19226 3724 1125
is_linear=0
shrinkage=0.05


Tree=18
num_leaves=7
num_cat=0
split_feature=35 16 29 4 36 36
split_gain=836.278 378.708 206.008 160.053 157.899 159.667
threshold=1187.8637500000002 291.50000000000006 2.5000000000000004 2535.5000000000005 4824.6498611111119 3317.0227777777786
decision_type=8 8 2 10 10 10
left_child=2 3 -1 -2 5 -3
right_child=1 4 -4 -5 -6 -7
leaf_value=0.014847630418372983 -0.038053134666996592 0.0091707204952937386 0.050550557803305009 -0.01477807768948438 -0.040895032477257613 0.081120935343001369
leaf_weight=2293.1763516664505 972.67777840793133 1385.1711459606886 487.80455513298512 3081.0194976627827 143.60826425254345 76.822758823633194
leaf_count=5640 4962 5180 382 14008 691 224
internal_value=-0.00123928 -0.0122698 0.0211897 -0.0204029 0.00826341 0.0132151
internal_weight=8440.28 5659.3 2780.98 4053.7 1605.6 1461.99
internal_count=31087 25065 6022 18970 6095 5404
is_linear=0
shrinkage=0.05


Tree=19
num_leaves=7
num_cat=0
split_feature=35 35 14 37 36 36
split_gain=841.752 274.281 197.217 180.012 130.937 132.894
threshold=2818.6045833333342 205.22361111111113 1.0000000180025095e-35 0.25833333333333336 4917.4005555555568 3806.3420833333334
decision_type=8 10 8 2 10 10
left_child=1 -1 -2 -3 5 -4
right_child=2 3 4 -5 -6 -7
leaf_value=0.036960429176220264 -0.033120099028273162 -0.033364642646291236 -0.0067014643051479294 0.010627372197920509 -0.030426341050615008 0.045446317465527304
leaf_weight=1016.7614131271839 1323.5609230399132 245.12987934052944 1876.6146526187658 3331.3485866338015 568.76238809525967 125.67947095632553
leaf_count=1012 6889 827 8787 10411 2796 432
internal_value=-0.000383189 0.0141088 -0.017471 0.00756981 -0.00936632 -0.00332322
internal_weight=8487.86 4593.24 3894.62 3576.48 2571.06 2002.29
internal_count=31154 12250 18904 11238 12015 9219
is_linear=0
shrinkage=0.05


Tree=20
num_leaves=7
num_cat=0
split_feature=35 29 37 24 12 16
split_gain=746.6 248.242 192.17 180.596 185.755 153.969
threshold=2892.4106944444452 2.5000000000000004 0.44949494949494956 102.50000000000001 21.500000000000004 728.50000000000011
decision_type=8 2 2 8 10 10
left_child=1 2 -1 4 -2 -4
right_child=3 -3 5 -5 -6 -7
leaf_value=-0.011987064227564102 -0.036487124384038228 0.046675849826371789 0.0077295557788555035 -0.0018950121998061037 -0.0089891874186194144 0.032155925220570161
leaf_weight=877.16540862619877 1457.3281237930059 477.13353036344051 2406.7993390411139 1287.0796171724796 1066.1027105748653 878.92693892121315
leaf_count=2740 7855 372 7068 5481 5372 2185
internal_value=-0.000761389 0.0127007 0.00875528 -0.0171492 -0.0249105 0.0143025
internal_weight=8450.54 4640.03 4162.89 3810.51 2523.43 3285.73
internal_count=31073 12365 11993 18708 13227 9253
is_linear=0
shrinkage=0.05


Tree=21
num_leaves=7
num_cat=0
split_feature=35 37 35 23 3 12
split_gain=681.726 328.159 226.618 212.744 167.677 159.501
threshold=5507.604444444446 0.37797619047619052 228.41652777777782 5.0353701788701182 17389.000000000004 773.00000000000011
decision_type=8 2 10 8 10 10
left_child=1 4 -3 -2 5 -1
right_child=3 2 -4 -5 -6 -7
leaf_value=-0.03452760660022635 -0.02698805419579562 0.036498664866038616 0.0096348239357173862 0.015358296897377444 0.012381670522935165 0.051729203976696003
leaf_weight=701.98264908790588 2228.2792985290289 994.36486756801605 3691.5934375524521 338.71118597686291 381.64702928066254 53.608009487390518
leaf_count=2704 11861 1011 12538 1601 1237 142
internal_value=6.04071e-05 0.0095227 0.0153682 -0.0213815 -0.0145253 -0.028108
internal_weight=8390.19 5823.2 4685.96 2566.99 1137.24 755.591
internal_count=31094 17632 13549 13462 4083 2846
is_linear=0
shrinkage=0.05


Tree=22
num_leaves=7
num_cat=0
split_feature=34 36 36 37 24 23
split_gain=714.187 369.81 188.997 161.565 155.242 114.758
threshold=52.826111111111125 3513.7331944444445 20.552777777777781 0.37797619047619052 831.50000000000011 5.0353701788701182
decision_type=8 8 10 2 10 10
left_child=2 4 -1 -4 -2 -3
right_child=1 5 3 -5 -6 -7
leaf_value=0.053811923682776014 -0.0030828302373270763 -0.02936558477025469 -0.014591905962942287 0.0244371234993301 0.02434596209003502 0.0042163488285941056
leaf_weight=448.49464145302773 3387.6735358983278 1829.4124989807606 317.64850068092346 1515.9604939520359 603.38000555336475 294.00422522425652
leaf_count=277 15177 10331 248 1029 2436 1569
internal_value=0.00102456 -0.00788554 0.0248626 0.0176546 0.00108921 -0.0247169
internal_weight=8396.57 6114.47 2282.1 1833.61 3991.05 2123.42
internal_count=31067 29513 1554 1277 17613 11900
is_linear=0
shrinkage=0.05


Tree=23
num_leaves=7
num_cat=0
split_feature=35 37 23 24 23 21
split_gain=581.957 295.855 162.311 230.31 149.924 132.484
threshold=5507.604444444446 0.37797619047619052 12.99467867376177 79.500000000000014 5.0353701788701182 0.24511625690870978
decision_type=8 2 10 10 8 10
left_child=1 -1 3 -3 -2 -6
right_child=4 2 -4 -5 5 -7
leaf_value=-0.014279424892633927 -0.024926822244272548 -0.0064199284684909701 0.069796309737509055 0.019155484582919949 0.079248293155165031 -0.0032399510966132309
leaf_weight=1127.8811341673136 2167.5997767597437 1180.2971380800009 122.84457851946354 3433.7616266906261 53.047472953796387 299.39355157315731
leaf_count=4096 11852 3962 113 9477 205 1412
internal_value=5.55132e-05 0.0086899 0.0141683 0.0126133 -0.0200163 0.0101106
internal_weight=8384.83 5864.78 4736.9 4614.06 2520.04 352.441
internal_count=31117 17648 13552 13439 13469 1617
is_linear=0
shrinkage=0.05


Tree=24
num_leaves=7
num_cat=0
split_feature=38 35 35 35 4 15
split_gain=597.336 276.895 192.84 107.371 113.861 89.6557
threshold=1.0000000180025095e-35 5575.9002777777787 205.22361111111113 15925.140833333337 2448.5000000000005 61.500000000000007
decision_type=2 8 10 10 10 10
left_child=1 -1 -2 4 -3 -4
right_child=2 3 5 -5 -6 -7
leaf_value=0.0004064061333463427 0.039540479197964301 -0.037345522426371507 -0.0033137368801339192 -0.05400520390411763 -0.010915105285680841 0.023019067514478502
leaf_weight=3719.419406324625 930.80574394762516 552.58133912086487 654.59011322259903 226.42009322345257 1540.9419706910849 631.45699459314346
leaf_count=16237 557 3360 619 1389 8434 495
internal_value=9.50947e-05 -0.00805404 0.0222639 -0.0215898 -0.0179637 0.00965491
internal_weight=8256.22 6039.36 2216.85 2319.94 2093.52 1286.05
internal_count=31091 29420 1671 13183 11794 1114
is_linear=0
shrinkage=0.05


Tree=25
num_leaves=7
num_cat=0
split_feature=35 4 35 1 37 12
split_gain=615.695 270.552 218.415 177.116 166.18 157.174
threshold=1332.7075000000002 2364.5000000000005 30.675000000000004 2555.5000000000005 0.37797619047619052 32.500000000000007
decision_type=8 8 10 10 2 10
left_child=2 5 -1 -4 -3 -2
right_child=1 4 3 -5 -6 -7
leaf_value=0.049054849031145334 -0.047530816281330435 -0.017063437285956589 0.022421365724791503 -0.0048101409834037968 0.0028476283265620956 0.0027336190309744956
leaf_weight=480.51628932356834 651.02067042887211 1715.9944691509008 1621.2205489724874 941.15975145995617 2676.4644745439291 203.16477563977242
leaf_count=202 3749 8642 4155 2414 10907 1088
internal_value=0.000408152 -0.00996686 0.018284 0.0124294 -0.00494155 -0.0356293
internal_weight=8289.54 5246.64 3042.9 2562.38 4392.46 854.185
internal_count=31157 24386 6771 6569 19549 4837
is_linear=0
shrinkage=0.05


Tree=26
num_leaves=7
num_cat=0
split_feature=35 4 36 27 4 0
split_gain=524.022 263.968 197.517 141.569 149.375 121.636
threshold=1244.207916666667 2364.5000000000005 5118.1291666666675 2.5000000000000004 25782.500000000004 33.500000000000007
decision_type=8 8 10 2 10 8
left_child=3 -2 5 4 -1 -3
right_child=1 2 -4 -5 -6 -7
leaf_value=0.029686301513551235 -0.035155887740702593 -0.0091475947431093763 -0.030147978678413113 0.067604350821242706 0.0057066134967210793 0.0086343896200295565
leaf_weight=1015.6675517112017 837.82301665842533 1934.7190439105034 644.47804355621338 126.44835908710957 1794.2020667344332 1902.3770099878311
leaf_count=2157 4795 9031 3498 52 4146 7368
internal_value=-0.000124891 -0.00948189 -0.00464835 0.0168134 0.0144117 -0.000331779
internal_weight=8255.72 5319.4 4481.57 2936.32 2809.87 3837.1
internal_count=31047 24692 19897 6355 6303 16399
is_linear=0
shrinkage=0.05


Tree=27
num_leaves=7
num_cat=0
split_feature=35 22 14 16 4 19
split_gain=453.327 188.767 177.136 120.523 119.281 116.244
threshold=2846.2472222222227 11.095189929230523 1.0000000180025095e-35 558.50000000000011 41151.000000000007 27.500000000000004
decision_type=8 10 8 10 10 10
left_child=1 3 -2 -1 -5 -6
right_child=2 -3 -4 4 5 -7
leaf_value=0.0025184795849915935 -0.029165320563823427 0.06875654979780936 -0.0056876726718972309 0.036530772698604046 0.034258594526521254 -0.0047525681631641154
leaf_weight=2943.8809100538492 1201.7600089758635 128.56038689613342 2413.5735302120447 624.25659087300301 277.01924508810043 588.32819974422455
leaf_count=8438 6948 150 11878 1367 738 1581
internal_value=-0.000307095 0.0101682 -0.0135213 0.00839378 0.0199578 0.00786094
internal_weight=8177.38 4562.05 3615.33 4433.48 1489.6 865.347
internal_count=31100 12274 18826 12124 3686 2319
is_linear=0
shrinkage=0.05


Tree=28
num_leaves=7
num_cat=0
split_feature=37 15 34 30 19 24
split_gain=412.13 288.942 140.39 107.452 104.785 101.302
threshold=0.25833333333333336 113.50000000000001 8051.884027777779 2.5000000000000004 4.5000000000000009 27.500000000000004
decision_type=2 10 8 2 10 10
left_child=5 2 -2 -3 -4 -1
right_child=1 3 4 -5 -6 -7
leaf_value=-0.047135947769262297 0.00086377649352005394 0.012296501030682194 0.00033317388821077249 0.037476461227865375 -0.040054698978885313 -0.017066424361548971
leaf_weight=399.86174474656582 4168.8127259463072 1398.4991485923529 268.36767987906933 608.37139277160168 394.6073582470417 944.80498747527599
leaf_count=2356 14885 4418 1628 897 2380 4513
internal_value=-0.0008986 0.00408192 -0.00254504 0.0200038 -0.0238259 -0.0261497
internal_weight=8183.33 6838.66 4831.79 2006.87 662.975 1344.67
internal_count=31077 24208 18893 5315 4008 6869
is_linear=0
shrinkage=0.05


Tree=29
num_leaves=7
num_cat=0
split_feature=35 24 2 4 12 33
split_gain=413.796 219.68 159.854 150.975 132.639 123.692
threshold=1187.8637500000002 716.50000000000011 2924.0000000000005 2364.5000000000005 25.500000000000004 6.5000000000000009
decision_type=8 8 10 10 10 2
left_child=2 3 -1 4 -2 -4
right_child=1 -3 5 -5 -6 -7
leaf_value=0.02949579962595671 -0.044300154290429661 0.022098265959338198 5.069790519763515e-05 -0.0078994311049361918 -0.00067274659753703211 0.040550081891913559
leaf_weight=1135.5074274092913 580.30995523929596 520.78212293982506 1473.0926721990108 3999.9094613194466 248.2731226682663 211.20470094680786
leaf_count=2442 3559 1793 3396 18491 1345 207
internal_value=-0.000444712 -0.00861318 0.015039 -0.011945 -0.0313103 0.00523416
internal_weight=8169.08 5349.27 2819.8 4828.49 828.583 1684.3
internal_count=31233 25188 6045 23395 4904 3603
is_linear=0
shrinkage=0.05


Tree=30
num_leaves=7
num_cat=0
split_feature=15 24 37 12 34 22
split_gain=351.926 265.329 131.434 130.044 170.203 145.977
threshold=143.50000000000003 121.50000000000001 0.39047619047619053 24.500000000000004 946.325138888889 1.0720487265222964
decision_type=8 10 2 10 8 10
left_child=1 3 -3 4 -1 -5
right_child=-2 2 -4 5 -6 -7
leaf_value=0.00080619195005800822 0.020455869691328288 -0.016414847986393002 0.011526200698812284 0.01088873100575035 -0.032670467196324708 -0.018071464350932046
leaf_weight=526.68735256791115 1667.5592693686485 512.52109868824482 2256.3512838631868 823.94384777545929 1353.1573909670115 911.41336688399315
leaf_count=1397 4532 2164 7124 3599 8305 3848
internal_value=3.79357e-05 -0.00530719 0.00633402 -0.0142196 -0.0233139 -0.00432945
internal_weight=8051.63 6384.07 2768.87 3615.2 1879.84 1735.36
internal_count=30969 26437 9288 17149 9702 7447
is_linear=0
shrinkage=0.05


Tree=31
num_leaves=7
num_cat=0
split_feature=37 15 28 36 35 36
split_gain=303.147 208.067 143.757 130.652 129.802 128.489
threshold=0.25833333333333336 108.50000000000001 2.5000000000000004 335.4570833333334 87.317916666666676 379.47569444444451
decision_type=2 8 2 10 10 10
left_child=4 2 3 -2 -1 -5
right_child=1 -3 -4 5 -6 -7
leaf_value=0.052422965525581601 -0.012543225489634491 0.016708276389223821 0.056908608427074917 0.059927149399845718 -0.026160387029111921 0.0019362202359398427
leaf_weight=50.31296594440937 2175.2457788586617 2047.5237832963467 95.102176800370216 94.621846660971642 1246.7261837273836 2330.3006075918674
leaf_count=31 9725 5482 50 264 6783 8630
internal_value=-0.000834171 0.00342856 -0.0023741 -0.00366015 -0.0229225 0.00431771
internal_weight=8039.83 6742.79 4695.27 4600.17 1297.04 2424.92
internal_count=30965 24151 18669 18619 6814 8894
is_linear=0
shrinkage=0.05


Tree=32
num_leaves=7
num_cat=0
split_feature=37 28 24 8 24 15
split_gain=297.409 199.184 124.019 123.622 117.331 96.5051
threshold=0.25833333333333336 1.0000000180025095e-35 863.50000000000011 1.5000000000000002 27.500000000000004 24.500000000000004
decision_type=2 2 10 8 10 10
left_child=4 2 -2 -3 -1 -5
right_child=1 3 -4 5 -6 -7
leaf_value=-0.045666534145248829 -0.0046508743378661441 -0.014865523403926831 0.020909445090323112 0.045754426557279175 -0.012437452461816739 0.015959473964605092
leaf_weight=374.25142819434404 4161.3915169090033 263.37170207500458 530.59608437120914 332.59839041531086 907.36022302508354 1460.5889340937138
leaf_count=2367 20474 181 2150 244 4474 1311
internal_value=-0.000248622 0.00394886 -0.00174119 0.0169033 -0.0222806 0.0215977
internal_weight=8030.16 6748.55 4691.99 2056.56 1281.61 1793.19
internal_count=31201 24360 22624 1736 6841 1555
is_linear=0
shrinkage=0.05


Tree=33
num_leaves=7
num_cat=0
split_feature=35 16 2 23 21 12
split_gain=308.894 211.949 135.952 118.099 115.352 107.83
threshold=1187.8637500000002 291.50000000000006 2606.5000000000005 1.5466605063930785 0.6002056202878685 61.500000000000007
decision_type=8 8 10 10 10 10
left_child=2 4 -1 -4 -2 -6
right_child=1 -3 3 -5 5 -7
leaf_value=0.026549771716263149 -0.0084466823276764316 0.0074043567888667132 -0.005994457487356164 0.021011537169911432 -0.040847033475377104 -0.0092055260266019883
leaf_weight=1093.0098303705454 2563.5127079114318 1613.9883379787207 1087.1628594696522 638.53426963090897 647.45124236494303 464.64717149734497
leaf_count=2362 12731 6136 2505 1163 3958 2280
internal_value=-0.000561455 -0.00768366 0.012794 0.00403001 -0.01431 -0.0277272
internal_weight=8108.31 5289.6 2818.71 1725.7 3675.61 1112.1
internal_count=31135 25105 6030 3668 18969 6238
is_linear=0
shrinkage=0.05


Tree=34
num_leaves=7
num_cat=0
split_feature=35 0 37 35 34 12
split_gain=313.492 186.879 121.082 108.092 105.899 105.198
threshold=1187.8637500000002 21.500000000000004 0.45804195804195807 14711.324027777779 59.632916666666674 713.50000000000011
decision_type=8 8 2 10 10 10
left_child=2 3 -1 -2 5 -4
right_child=1 -3 4 -5 -6 -7
leaf_value=-0.010474396864300942 -0.014596131238219262 0.0012680103877504463 0.036968662006507134 -0.055116599879554667 0.0059411044216225511 0.0070779216547941504
leaf_weight=438.52902144193649 2115.3800847902894 2919.4881870672107 903.97319269180298 174.5638303309679 1032.7487219572067 439.45052050054073
leaf_count=918 11286 12566 631 1278 4204 331
internal_value=0.000140858 -0.00712216 0.013572 -0.0177984 0.0180225 0.0272535
internal_weight=8024.13 5209.43 2814.7 2289.94 2376.17 1343.42
internal_count=31214 25130 6084 12564 5166 962
is_linear=0
shrinkage=0.05


Tree=35
num_leaves=7
num_cat=0
split_feature=14 38 24 1 27 37
split_gain=278.536 175.945 151.424 100.924 93.9595 96.9186
threshold=18.500000000000004 1.0000000180025095e-35 14.500000000000002 949.50000000000011 2.5000000000000004 0.25833333333333336
decision_type=8 2 10 10 2 2
left_child=2 -2 -1 -3 5 -4
right_child=1 3 4 -5 -6 -7
leaf_value=-0.027690831029666525 0.002161128722252075 0.04436879178266967 -0.021418995831359769 0.014871144775280407 0.061213742791539807 -0.00082890745584815711
leaf_weight=794.0352866128087 2094.634833201766 459.65282760560513 698.20709346979856 793.93995678424835 49.900446563959122 3054.2606988549232
leaf_count=4768 9513 340 3786 524 24 12188
internal_value=8.44938e-05 0.0110445 -0.00790262 0.0258203 -0.00373937 -0.00468343
internal_weight=7944.63 3348.23 4596.4 1253.59 3802.37 3752.47
internal_count=31143 10377 20766 864 15998 15974
is_linear=0
shrinkage=0.05


Tree=36
num_leaves=7
num_cat=0
split_feature=14 36 22 24 4 36
split_gain=232.506 160.325 136.686 148.42 106.075 88.257
threshold=1.0000000180025095e-35 5118.1291666666675 24.457002346748819 16.500000000000004 202207.00000000003 3317.0227777777786
decision_type=8 10 8 10 10 10
left_child=4 2 3 -2 -1 -5
right_child=1 -3 -4 5 -6 -7
leaf_value=-0.019526086311830625 -0.0211302271167539 -0.024338189777732545 0.051848606780240704 0.0060970451790581361 0.050702192940965132 0.037979256365221509
leaf_weight=1565.8683419600129 491.17180668562651 455.84475085884333 155.22270721197128 4982.0738160908222 50.993382215499878 222.24570488929749
leaf_count=8344 2292 2616 366 16463 182 908
internal_value=-0.00027621 0.00406302 0.00629473 0.00500883 -0.0171617 0.00749369
internal_weight=7923.42 6306.56 5850.71 5695.49 1616.86 5204.32
internal_count=31171 22645 20029 19663 8526 17371
is_linear=0
shrinkage=0.05


Tree=37
num_leaves=7
num_cat=0
split_feature=34 23 24 27 9 36
split_gain=226.109 164.911 133.689 109.529 104.984 83.0369
threshold=5507.9051388888902 12.99467867376177 15.500000000000002 2.5000000000000004 19.500000000000004 1.7748611111111112
decision_type=8 10 10 2 10 8
left_child=1 2 -1 5 -2 -4
right_child=4 -3 3 -5 -6 -7
leaf_value=-0.02073454759610974 -0.023384141246994183 0.053502109148744287 -0.027805855200405839 0.06237657758748294 0.050773949835753535 0.0052632985705121467
leaf_weight=547.48409832268953 1074.8703974634409 159.46883064508438 191.41663606464863 76.97995288670063 45.334959700703621 5727.340990357101
leaf_count=2745 7122 207 666 37 264 19957
internal_value=0.00057115 0.00405013 0.00280498 0.00496991 -0.0201707 0.00417125
internal_weight=7822.9 6702.69 6543.22 5995.74 1120.21 5918.76
internal_count=30998 23612 23405 20660 7386 20623
is_linear=0
shrinkage=0.05


Tree=38
num_leaves=7
num_cat=0
split_feature=38 4 35 15 31 12
split_gain=239.932 165.246 116.814 109.494 111.283 107.609
threshold=1.0000000180025095e-35 2183.5000000000005 15925.140833333337 143.50000000000003 1.5000000000000002 20.500000000000004
decision_type=2 10 10 8 2 10
left_child=1 5 -3 4 -2 -1
right_child=3 2 -4 -5 -6 -7
leaf_value=-0.041472872307157516 0.014367664143089829 -9.3512741400055222e-05 -0.045503718492728142 0.030987472212144668 -0.019515193793443325 -0.00039804871113459524
leaf_weight=455.56278718262911 1099.7444463521242 4915.9489763453603 140.8223262950778 713.1343696564436 305.76757663488388 244.04358960688114
leaf_count=3241 995 23809 1082 558 94 1449
internal_value=0.000731654 -0.00456412 -0.00140181 0.0150972 0.00695344 -0.0272492
internal_weight=7875.02 5756.38 5056.77 2118.65 1405.51 699.606
internal_count=31228 29581 24891 1647 1089 4690
is_linear=0
shrinkage=0.05


Tree=39
num_leaves=7
num_cat=0
split_feature=37 15 21 23 1 8
split_gain=232.691 162.754 126.738 117.272 92.1162 88.6963
threshold=0.25833333333333336 116.50000000000001 0.6002056202878685 5.936436594464511 2010.5000000000002 14.500000000000002
decision_type=2 8 10 8 10 10
left_child=-1 2 5 4 -3 -2
right_child=1 3 -4 -5 -6 -7
leaf_value=-0.020457654889601565 0.011822873821315073 0.023847195251896505 -0.015071115127098451 0.052711410560665764 0.00037994366720531621 -0.0041219798806718692
leaf_weight=1208.2493368908763 1639.4247535914183 794.15480048954487 1265.3140372261405 189.05378846824169 877.49422051012516 1853.2231831774116
leaf_count=6804 6638 2121 5674 360 2657 6730
internal_value=-0.00032703 0.00336052 -0.00154584 0.015877 0.0115665 0.00336863
internal_weight=7826.91 6618.66 4757.96 1860.7 1671.65 3492.65
internal_count=30984 24180 19042 5138 4778 13368
is_linear=0
shrinkage=0.05


Tree=40
num_leaves=7
num_cat=0
split_feature=29 4 37 21 23 36
split_gain=218.482 177.995 120.875 98.1048 92.3994 94.1055
threshold=2.5000000000000004 2364.5000000000005 0.6814634146341465 0.41688948306595369 5.0353701788701182 5118.1291666666675
decision_type=2 10 2 10 10 8
left_child=1 3 4 -1 5 -3
right_child=-2 2 -4 -5 -6 -7
leaf_value=-0.0077423481933606535 0.035952187583981117 -0.00047470037588665605 0.013612277373675192 -0.042348843872931703 0.021832408644937587 -0.017579242125981828
leaf_weight=466.38520616292953 409.86674419045448 3701.5635615810752 1549.7569297552109 364.0802440866828 362.65043404698372 1022.4235579818487
leaf_count=2553 366 13624 4659 2544 1426 6045
internal_value=0.000635046 -0.00132632 0.00141079 -0.0230767 -0.00231637 -0.00419135
internal_weight=7876.73 7466.86 6636.39 830.465 5086.64 4723.99
internal_count=31217 30851 25754 5097 21095 19669
is_linear=0
shrinkage=0.05


Tree=41
num_leaves=7
num_cat=0
split_feature=34 24 36 19 35 14
split_gain=224.802 150.943 113.281 99.3041 93.8795 84.4632
threshold=9.8809722222222245 19.500000000000004 4917.4005555555568 19.500000000000004 9116.8369444444452 7.5000000000000009
decision_type=8 10 10 10 10 8
left_child=5 -2 4 -4 -3 -1
right_child=1 2 3 -5 -6 -7
leaf_value=-0.00017724877393198081 -0.021118735569995647 0.0015630017777980053 -0.0057881696412383846 -0.050551068867622964 0.071746003096679944 0.022593301295839151
leaf_weight=587.8120783418417 1065.0881989747286 4248.1963951960206 346.11434026062489 189.31836897134781 43.193853870034218 1320.2133419960737
leaf_count=199 7002 19612 2262 1250 244 488
internal_value=0.000703032 -0.00412907 -0.000362149 -0.0219367 0.00235208 0.0155962
internal_weight=7799.94 5891.91 4826.82 535.433 4291.39 1908.03
internal_count=31057 30370 23368 3512 19856 687
is_linear=0
shrinkage=0.05


Tree=42
num_leaves=7
num_cat=0
split_feature=37 16 24 23 36 38
split_gain=202.361 138.453 112.75 134.646 170.011 109.86
threshold=0.25833333333333336 958.50000000000011 133.50000000000003 5.0353701788701182 335.4570833333334 1.5000000000000002
decision_type=2 8 10 10 10 2
left_child=-1 2 3 4 -2 -3
right_child=1 5 -4 -5 -6 -7
leaf_value=-0.018760369427083631 -0.023020081639306404 0.012631626095494562 0.0081691125186321451 0.022529025340960705 0.0024000231446994137 0.055774843638097121
leaf_weight=1177.3035152330995 1253.0435946583748 635.57329177856445 2797.135126516223 363.86520513892174 1376.6816803812981 189.06676974892616
leaf_count=6808 6350 1917 8814 1424 5628 207
internal_value=0.000293935 0.00369654 0.000958798 -0.00578072 -0.00973316 0.0227997
internal_weight=7792.67 6615.37 5790.73 2993.59 2629.73 824.64
internal_count=31148 24340 22216 13402 11978 2124
is_linear=0
shrinkage=0.05


Tree=43
num_leaves=7
num_cat=0
split_feature=37 34 19 20 38 12
split_gain=175.041 156.096 120.871 103.785 116.853 90.728
threshold=0.37797619047619052 5507.9051388888902 4.5000000000000009 0.28897569444444449 1.0000000180025095e-35 373.50000000000006
decision_type=2 8 10 10 2 10
left_child=-1 3 -3 4 -2 -6
right_child=1 2 -4 -5 5 -7
leaf_value=-0.01216793094600725 0.0055539832776011341 0.010320852725116561 -0.032571073767723828 -0.004490861009602963 0.034367974945308105 0.0063266398303336805
leaf_weight=2137.2779022604227 2393.0997658371925 252.69274035841227 454.16039414703846 1275.0343099236488 806.59943215548992 451.63205647468567
leaf_count=11280 10365 1632 3003 3938 556 341
internal_value=-1.325e-06 0.00462146 -0.0172729 0.00777726 0.0120615 0.0243676
internal_weight=7770.5 5633.22 706.853 4926.37 3651.33 1258.23
internal_count=31115 19835 4635 15200 11262 897
is_linear=0
shrinkage=0.05


Tree=44
num_leaves=7
num_cat=0
split_feature=37 32 37 24 35 34
split_gain=177.515 123.062 94.7237 91.8662 171.271 164.755
threshold=0.25833333333333336 2.5000000000000004 0.17424242424242428 59.500000000000007 3220.1077777777782 830.24958333333348
decision_type=2 2 2 10 10 10
left_child=2 -2 -1 -4 -5 -6
right_child=1 -3 3 4 5 -7
leaf_value=0.0015213399074761559 0.0021881917334801216 0.032411628075119318 -0.044487589754249927 -0.061662106147790101 0.10971894312007724 -0.0032767851574994102
leaf_weight=415.45640195161104 6190.3965840637684 351.25455731153488 394.88873105496168 99.781331896781921 33.580954171717167 195.26771439611912
leaf_count=2192 23894 247 2907 345 134 1187
internal_value=0.000659526 0.00383456 -0.0175132 -0.0283785 -0.00864494 0.0152955
internal_weight=7680.63 6541.65 1138.98 723.519 328.63 228.849
internal_count=30906 24141 6765 4573 1666 1321
is_linear=0
shrinkage=0.05


Tree=45
num_leaves=7
num_cat=0
split_feature=15 27 37 36 15 38
split_gain=168.595 115.249 105.819 84.326 70.4181 83.7701
threshold=1.0000000180025095e-35 2.5000000000000004 0.25833333333333336 1.4283333333333335 108.50000000000001 2.5000000000000004
decision_type=8 2 2 8 8 2
left_child=-1 2 -2 -4 -5 -6
right_child=1 -3 3 4 5 -7
leaf_value=-0.025459295299870829 -0.015182326908665739 0.053194521494912307 -0.039859012604649219 0.00012664529442415098 0.0084908560328236567 0.045298452791976605
leaf_weight=628.00694061815739 907.33780384063721 101.11143887042999 107.20412702858448 4003.904338337481 1747.7409640401602 165.146335542202
leaf_count=4154 5118 55 434 15730 5302 156
internal_value=-0.000743306 0.00148039 0.000688201 0.00308924 0.0039004 0.0117784
internal_weight=7660.45 7032.45 6931.33 6024 5916.79 1912.89
internal_count=30949 26795 26740 21622 21188 5458
is_linear=0
shrinkage=0.05


Tree=46
num_leaves=7
num_cat=0
split_feature=15 24 22 16 35 37
split_gain=145.892 108.734 111.308 127.539 86.3937 77.6642
threshold=150.50000000000003 135.50000000000003 1.4560782138994408 97.500000000000014 11481.93652777778 0.62115563839701782
decision_type=10 10 10 10 10 2
left_child=1 4 5 -4 -1 -3
right_child=-2 2 3 -5 -6 -7
leaf_value=-0.0068347259155866055 0.013662854753445836 -0.010528420633859685 0.068178626400921399 0.010849366418171968 -0.035029941761188108 0.0090842083681143045
leaf_weight=3386.1150683611631 1515.2561191096902 1046.0854760408401 122.45997811853886 417.27853716909885 290.96741071343422 966.19471640884876
leaf_count=16032 4280 3944 243 1487 2389 2783
internal_value=-0.000225342 -0.00361196 0.00431274 0.0243631 -0.00911035 -0.00111226
internal_weight=7744.36 6229.1 2552.02 539.739 3677.08 2012.28
internal_count=31158 26878 8457 1730 18421 6727
is_linear=0
shrinkage=0.05


Tree=47
num_leaves=7
num_cat=0
split_feature=15 22 4 12 27 4
split_gain=132.541 108.511 95.5149 116.664 74.543 68.4672
threshold=1.0000000180025095e-35 35.665644235385699 2183.5000000000005 51.500000000000007 2.5000000000000004 1075.0000000000002
decision_type=10 10 10 10 2 10
left_child=-1 2 3 -2 -4 -5
right_child=1 -3 4 5 -6 -7
leaf_value=-0.021851573743869215 -0.032117544362725355 0.051074040022166214 0.0022861555624819787 0.052092024084219625 0.049755853943838829 -0.017783163184953814
leaf_weight=630.22820843011141 406.49164210259914 105.83312790095806 6369.9400899708271 73.261881433427334 78.807809680700302 59.966819241642952
leaf_count=4173 2593 259 23332 329 45 308
internal_value=2.9678e-05 0.00198754 0.00120819 -0.0188989 0.00290436 0.0211353
internal_weight=7724.53 7094.3 6988.47 539.72 6448.75 133.229
internal_count=31039 26866 26607 3230 23377 637
is_linear=0
shrinkage=0.05


Tree=48
num_leaves=7
num_cat=0
split_feature=37 29 24 22 3 24
split_gain=145.91 112.305 111.688 93.3732 104.301 76.5025
threshold=0.25833333333333336 2.5000000000000004 872.50000000000011 0.6141212194428417 17179.500000000004 27.500000000000004
decision_type=2 2 10 10 10 10
left_child=5 2 -2 -4 -5 -1
right_child=1 -3 3 4 -6 -7
leaf_value=-0.037212758801754564 -0.00049847726557973278 0.030868446326396973 0.038428850352049806 -0.01254982706382993 0.044358418828715017 -0.0078964002153333289
leaf_weight=301.03227072954178 5421.0240060985088 351.65373338013887 355.41065986454487 287.44694340229034 106.1334225833416 830.44084892421961
leaf_count=2340 21535 362 1027 877 349 4463
internal_value=0.000708922 0.00358748 0.0020089 0.0200396 0.00316008 -0.0158255
internal_weight=7653.14 6521.67 6170.02 748.991 393.58 1131.47
internal_count=30953 24150 23788 2253 1226 6803
is_linear=0
shrinkage=0.05


Tree=49
num_leaves=7
num_cat=0
split_feature=21 11 29 16 36 4
split_gain=130.33 134.836 108.734 99.458 83.8553 91.0014
threshold=0.6002056202878685 190.50000000000003 2.5000000000000004 281.50000000000006 1.7748611111111112 2183.5000000000005
decision_type=10 8 2 10 8 10
left_child=1 2 4 -2 -1 -6
right_child=3 -3 -4 -5 5 -7
leaf_value=-0.034666424456941493 -0.020103441528065036 0.030330984712776593 0.039220424235344629 0.00075210160996159038 -0.018297855213019323 0.0037145555879239175
leaf_weight=164.35291551053524 1238.7030309066176 431.89454964548349 177.4392591714859 1057.28157248348 526.14299553632736 4042.8560473546386
leaf_count=662 6801 1213 167 3335 3244 15738
internal_value=-0.000569181 0.00371247 0.00134296 -0.0105189 -0.000116845 0.00116249
internal_weight=7638.67 5342.69 4910.79 2295.98 4733.35 4569
internal_count=31160 21024 19811 10136 19644 18982
is_linear=0
shrinkage=0.05


Tree=50
num_leaves=7
num_cat=0
split_feature=34 19 35 16 21 15
split_gain=120.126 103.407 126.723 100.065 88.4836 85.2305
threshold=5507.9051388888902 4.5000000000000009 14711.324027777779 9.5000000000000018 0.081574453837783556 114.50000000000001
decision_type=8 10 10 10 10 10
left_child=4 2 3 -2 -1 -6
right_child=1 -3 -4 -5 5 -7
leaf_value=0.056099426271741915 -0.019896106133372185 -0.030649441840863125 -0.052922013954830462 0.031549247074082708 -0.0015696715594547012 0.011090253477550126
leaf_weight=71.682063356041908 144.0905352011323 538.62190393358469 83.964609518647194 255.61092408001423 4623.4651496112347 1860.4627792015672
leaf_count=184 1155 3816 823 1632 18234 5206
internal_value=0.000212448 -0.0156861 0.00112054 0.0129868 0.00270175 0.00206864
internal_weight=7577.9 1022.29 483.666 399.701 6555.61 6483.93
internal_count=31050 7426 3610 2787 23624 23440
is_linear=0
shrinkage=0.05


Tree=51
num_leaves=7
num_cat=0
split_feature=37 16 38 37 21 36
split_gain=126.967 83.534 115.383 95.977 88.5243 96.559
threshold=0.25833333333333336 973.50000000000011 1.5000000000000002 0.76533166458072599 0.6002056202878685 644.59027777777794
decision_type=2 8 2 2 10 10
left_child=-1 4 3 -3 -2 -6
right_child=1 2 -4 -5 5 -7
leaf_value=-0.016044833283353131 0.0040737367895907093 0.016545336358229371 0.054415405125909026 -0.035817893650184444 -0.018528286707996514 0.0070419809940085636
leaf_weight=1104.1375060155988 4142.1460199803114 493.31694139540195 162.97036514431238 101.29618057608604 1061.1776756048203 561.44734558463097
leaf_count=6845 15118 1508 203 330 4793 2219
internal_value=-0.000404821 0.00225306 0.0178049 0.00740063 0.000195649 -0.00968622
internal_weight=7626.49 6522.35 757.583 594.613 5764.77 1622.63
internal_count=31016 24171 2041 1838 22130 7012
is_linear=0
shrinkage=0.05


Tree=52
num_leaves=7
num_cat=0
split_feature=21 37 23 36 36 4
split_gain=108.393 93.9381 113.207 105.836 112.357 164.14
threshold=0.06277844413982181 0.56125000000000014 5.0353701788701182 5.0402777777777787 40.326250000000009 36901.500000000007
decision_type=10 2 10 10 10 8
left_child=-1 2 -2 -3 5 -5
right_child=1 3 -4 4 -6 -7
leaf_value=0.064041006675672682 -0.0081229518747368973 0.052294734018997424 0.017575781766435278 0.024946501137144427 0.0086927049903285977 -0.035527011548415859
leaf_weight=59.57147990167141 4141.2903450280428 113.24219922721386 473.21667858213186 158.04891456663609 2325.1685905009508 358.89874561131001
leaf_count=159 20036 286 1877 398 7076 1201
internal_value=-0.000466529 -0.00101611 -0.00547138 0.00593785 0.0040022 -0.0169763
internal_weight=7629.44 7569.87 4614.51 2955.36 2842.12 516.948
internal_count=31033 30874 21913 8961 8675 1599
is_linear=0
shrinkage=0.05


Tree=53
num_leaves=7
num_cat=0
split_feature=38 31 36 2 35 36
split_gain=122.162 113.777 114.287 195.023 94.2841 85.0621
threshold=1.0000000180025095e-35 1.5000000000000002 1241.6665277777781 9915.5000000000018 15925.140833333337 45.622083333333343
decision_type=2 2 10 10 10 8
left_child=4 2 3 5 -1 -2
right_child=1 -3 -4 -5 -6 -7
leaf_value=-0.0019743990686092202 0.014298135254755691 -0.010237432953708717 -0.0070570805423374183 -0.0084458960531640578 -0.042506610837597464 0.047888930626315947
leaf_weight=5376.0755368024111 282.57726639509201 467.13235168159008 353.91897710412741 315.35209777951241 142.43590453267097 596.66835749149323
leaf_count=28024 312 154 285 321 1402 543
internal_value=0.000790761 0.0113098 0.0178218 0.0251913 -0.00305809 0.0372352
internal_weight=7534.16 2015.65 1548.52 1194.6 5518.51 879.246
internal_count=31041 1615 1461 1176 29426 855
is_linear=0
shrinkage=0.05


Tree=54
num_leaves=7
num_cat=0
split_feature=15 27 24 23 31 27
split_gain=110.947 83.0612 80.4833 81.6521 99.9085 99.2744
threshold=1.0000000180025095e-35 2.5000000000000004 872.50000000000011 5.936436594464511 1.5000000000000002 1.0000000180025095e-35
decision_type=8 2 8 10 2 2
left_child=-1 2 3 4 5 -2
right_child=1 -3 -4 -5 -6 -7
leaf_value=-0.020005810379607844 -0.0036986509766015561 0.049661664726825067 0.017094560354023566 0.021764615702299796 -0.030354519502256594 0.013120140541336443
leaf_weight=606.81522066146135 4336.7233246266842 86.000583745539188 739.43701496720314 386.75827189534903 286.36033022403717 1094.587473012507
leaf_count=4194 22395 51 2214 1395 92 706
internal_value=0.000405187 0.00220562 0.00157346 -0.000319082 -0.00183059 -0.000300163
internal_weight=7536.68 6929.87 6843.87 6104.43 5717.67 5431.31
internal_count=31047 26853 26802 24588 23193 23101
is_linear=0
shrinkage=0.05


Tree=55
num_leaves=7
num_cat=0
split_feature=24 30 36 8 25 24
split_gain=119.137 93.0898 88.8134 86.9406 142.505 120.958
threshold=706.50000000000011 4.5000000000000009 24.626666666666669 21.500000000000004 0.22239159891598917 28.500000000000004
decision_type=10 2 10 8 10 10
left_child=1 3 -3 5 -5 -1
right_child=-2 2 -4 4 -6 -7
leaf_value=-0.010985555917817198 0.014552717564297902 0.046816783519219404 -0.0019881067550179695 0.014728646635139975 -0.015759016148167257 0.0088764329863305989
leaf_weight=1214.5972267016768 1219.5594126880169 176.55271797627211 190.78020787239075 457.47999120503664 2254.0401253178716 2058.5879403725266
leaf_count=7321 3541 226 301 1704 9178 8956
internal_value=0.000272147 -0.00247894 0.0217829 -0.00398504 -0.0105976 0.00150063
internal_weight=7571.6 6352.04 367.333 5984.71 2711.52 3273.19
internal_count=31227 27686 527 27159 10882 16277
is_linear=0
shrinkage=0.05


Tree=56
num_leaves=7
num_cat=0
split_feature=23 34 4 24 12 31
split_gain=129.529 120.44 137.68 79.3686 92.4404 80.372
threshold=5.936436594464511 10765.585138888891 138948.50000000003 14.500000000000002 3928.5000000000005 1.5000000000000002
decision_type=8 8 10 10 10 2
left_child=1 3 -3 -1 5 -5
right_child=-2 2 -4 4 -6 -7
leaf_value=-0.018558084586680918 0.025010918638475835 -0.032675086500841312 0.074985252242093209 0.0012461363709679427 0.023832607692394495 -0.022796406990119991
leaf_weight=540.16701706498861 466.323766104877 458.20233263075352 27.059417739510536 5281.5841826722026 420.46379490196705 367.06851348280907
leaf_count=3246 1689 3800 156 20667 1433 120
internal_value=-0.000371975 -0.00205683 -0.0259682 -0.000282928 0.00135755 -0.000335008
internal_weight=7560.87 7094.55 485.262 6609.28 6069.12 5648.65
internal_count=31111 29422 3956 25466 22220 20787
is_linear=0
shrinkage=0.05


Tree=57
num_leaves=7
num_cat=0
split_feature=15 22 4 16 23 37
split_gain=95.1145 93.6222 80.4809 112.702 105.108 87.3708
threshold=1.0000000180025095e-35 35.665644235385699 2364.5000000000005 36.500000000000007 1.2389986153100445 0.73385416666666681
decision_type=8 8 10 10 10 2
left_child=-1 2 -2 4 -4 -5
right_child=1 -3 3 5 -6 -7
leaf_value=-0.019453047628015269 -0.017374348110827127 0.045037487317562457 0.037714704112420103 -0.0035453992769105547 -0.0076092032647880467 0.011159590103533316
leaf_weight=609.959876075387 584.22216340899467 113.94813566654921 386.67266814410686 4408.9157995954156 187.76819737255573 1304.9021018967032
leaf_count=4237 3584 265 1719 16885 851 3652
internal_value=-0.000601099 0.00105753 0.000296116 0.00195032 0.0229618 -0.000180304
internal_weight=7596.39 6986.43 6872.48 6288.26 574.441 5713.82
internal_count=31193 26956 26691 23107 2570 20537
is_linear=0
shrinkage=0.05


end of trees

feature_importances:
ev_h_since_prev=44
n_dying_ch=40
ev_gap_last=32
ev_relapse_rate=32
n_rows_28d=23
n_alarm_28d=23
ev_h_since_inc=15
n_alarm_7d=14
rate_28d=14
ev_open_ch=14
n_undef_28d=12
act_share_7d=10
ev_inc_168h=10
rate_7d=7
ev_inc_24h=7
n_rows_3d=6
n_alarm_3d=6
ev_inc_672h=6
n_ch_bad_28d=5
n_active_ch=4
n_rows_1d=4
n_bad_28d=4
ev_inc_72h=4
ev_fail_3h=4
n_rows_7d=2
n_undef_1d=1
n_undef_7d=1
act_share_1d=1
dying_share=1
ev_fail_24h=1
ev_fail_168h=1

parameters:
[boosting: gbdt]
[objective: binary]
[metric: average_precision]
[tree_learner: serial]
[device_type: cpu]
[data_sample_strategy: bagging]
[data: ]
[valid: ]
[num_iterations: 2000]
[learning_rate: 0.05]
[num_leaves: 7]
[num_threads: 6]
[seed: 50]
[deterministic: 1]
[force_col_wise: 1]
[force_row_wise: 0]
[histogram_pool_size: -1]
[max_depth: -1]
[min_data_in_leaf: 200]
[min_sum_hessian_in_leaf: 0.001]
[bagging_fraction: 0.8]
[pos_bagging_fraction: 1]
[neg_bagging_fraction: 1]
[bagging_freq: 1]
[bagging_seed: 20851]
[bagging_by_query: 0]
[feature_fraction: 0.8]
[feature_fraction_bynode: 1]
[feature_fraction_seed: 25954]
[extra_trees: 0]
[extra_seed: 11525]
[early_stopping_round: 0]
[early_stopping_min_delta: 0]
[first_metric_only: 1]
[max_delta_step: 0]
[lambda_l1: 0]
[lambda_l2: 5]
[linear_lambda: 0]
[min_gain_to_split: 0]
[drop_rate: 0.1]
[max_drop: 50]
[skip_drop: 0.5]
[xgboost_dart_mode: 0]
[uniform_drop: 0]
[drop_seed: 29710]
[top_rate: 0.2]
[other_rate: 0.1]
[min_data_per_group: 100]
[max_cat_threshold: 32]
[cat_l2: 10]
[cat_smooth: 10]
[max_cat_to_onehot: 4]
[top_k: 20]
[monotone_constraints: ]
[monotone_constraints_method: basic]
[monotone_penalty: 0]
[feature_contri: ]
[forcedsplits_filename: ]
[refit_decay_rate: 0.9]
[cegb_tradeoff: 1]
[cegb_penalty_split: 0]
[cegb_penalty_feature_lazy: ]
[cegb_penalty_feature_coupled: ]
[path_smooth: 0]
[interaction_constraints: ]
[verbosity: -1]
[saved_feature_importance_type: 0]
[use_quantized_grad: 0]
[num_grad_quant_bins: 4]
[quant_train_renew_leaf: 0]
[stochastic_rounding: 1]
[linear_tree: 0]
[max_bin: 255]
[max_bin_by_feature: ]
[min_data_in_bin: 3]
[bin_construct_sample_cnt: 200000]
[data_random_seed: 201]
[is_enable_sparse: 1]
[enable_bundle: 1]
[use_missing: 1]
[zero_as_missing: 0]
[feature_pre_filter: 1]
[pre_partition: 0]
[two_round: 0]
[header: 0]
[label_column: ]
[weight_column: ]
[group_column: ]
[ignore_column: ]
[categorical_feature: ]
[forcedbins_filename: ]
[precise_float_parser: 0]
[parser_config_file: ]
[objective_seed: 296]
[num_class: 1]
[is_unbalance: 0]
[scale_pos_weight: 1]
[sigmoid: 1]
[boost_from_average: 1]
[reg_sqrt: 0]
[alpha: 0.9]
[fair_c: 1]
[poisson_max_delta_step: 0.7]
[tweedie_variance_power: 1.5]
[lambdarank_truncation_level: 30]
[lambdarank_norm: 1]
[label_gain: ]
[lambdarank_position_bias_regularization: 0]
[eval_at: ]
[multi_error_top_k: 1]
[auc_mu_weights: ]
[num_machines: 1]
[local_listen_port: 12400]
[time_out: 120]
[machine_list_filename: ]
[machines: ]
[gpu_platform_id: -1]
[gpu_device_id: -1]
[gpu_use_dp: 0]
[num_gpu: 1]

end of parameters

pandas_categorical:[]
