tree
version=v4
num_class=1
num_tree_per_iteration=1
label_index=0
max_feature_idx=41
objective=binary sigmoid:1
feature_names=n_active_ch n_rows_1d n_rows_3d n_rows_7d n_rows_28d n_bad_1d n_bad_3d n_bad_7d n_bad_28d n_undef_1d n_undef_3d n_undef_7d n_undef_28d n_alarm_1d n_alarm_3d n_alarm_7d n_alarm_28d n_ch_bad_1d n_ch_bad_7d n_ch_bad_28d act_share_1d act_share_7d rate_7d rate_28d n_dying_ch dying_share ev_inc_6h ev_inc_24h ev_inc_72h ev_inc_168h ev_inc_672h ev_fail_3h ev_fail_24h ev_fail_168h ev_h_since_inc ev_h_since_prev ev_gap_last ev_relapse_rate ev_open_ch is_rearm hour dow
feature_infos=[0:1459] [0:200094] [0:575548] [0:1039472] [0:3446064] [0:32012] [0:32027] [0:32027] [0:32057] [0:37262] [0:71955] [0:122355] [0:165289] [0:32013] [0:32065] [0:32176] [0:33059] [0:383] [0:947] [0:1109] [0:1] [0.0054644808743169399:1] [0:52] [0:13] [0:1420] [0:1] [0:3] [0:7] [0:11] [0:18] [0:25] [0:191] [0:561] [0:1165] [1:22977.983611111111] [2.0238888888888891:28233.218888888889] [1.0238888888888888:21790.846388888887] [0.090909090909090912:0.96551724137931039] [0:195] [0:1] [0:23] [0:6]
tree_sizes=885 897 900 896 896 898 899 901 904 900 905 901 900 899 906 902 902 909 898 906 897 905 909 902 904 900 903 909 899 904 896 909 899 910 904 901 904 896 902 908 913 904 900 904 901 907 893 905 910 903 909 910 897 902 899 906 902 905 904 911 905 906 903 906 906 893 909 902 905 901 906 901 901 905 906 911 914 897 907 901 902 901 898 904 906 912 914 911 909 905 897 904 902 897 912 906

Tree=0
num_leaves=7
num_cat=0
split_feature=35 24 29 35 16 16
split_gain=5071.12 1115.44 798.87 569.332 331.929 309.022
threshold=1187.8637500000002 706.50000000000011 2.5000000000000004 5436.9231944444455 686.50000000000011 291.50000000000006
decision_type=8 8 2 8 10 8
left_child=2 3 4 5 -1 -2
right_child=1 -3 -4 -5 -6 -7
leaf_value=-0.51343864770089331 -0.56880162642974652 -0.49645040386791628 -0.43121177753206141 -0.5876986875826079 -0.47208086276186056 -0.53256542142712926
leaf_weight=1490.6736433506012 1701.0040984153748 501.30698835849762 525.70998394489288 3271.6265380382538 725.3496185541153 894.54362380504608
leaf_count=3950 6493 1793 372 13475 1693 3289
internal_value=-0.543238 -0.567714 -0.486445 -0.573838 -0.499771 -0.556316
internal_weight=9110.21 6368.48 2741.73 5867.17 2216.02 2595.55
internal_count=31065 25050 6015 23257 5643 9782
is_linear=0
shrinkage=1


Tree=1
num_leaves=7
num_cat=0
split_feature=35 35 24 24 15 12
split_gain=4838.55 1133.5 428.12 379.045 278.101 225.657
threshold=2665.1501388888896 228.41652777777782 108.50000000000001 872.50000000000011 119.50000000000001 21.500000000000004
decision_type=8 10 8 10 10 10
left_child=1 -1 5 4 -3 -2
right_child=2 3 -4 -5 -6 -7
leaf_value=0.081616792443765143 -0.054978417610127145 0.0058360368246505503 -0.010676619417026573 0.061936153148390009 0.040073603608628917 -0.028414129830246906
leaf_weight=1133.8037832677364 1917.1507353186607 1944.6633248627186 1385.013212069869 540.25399495661259 849.77126017212868 1404.00896923244
leaf_count=1133 8089 6416 5503 1766 2529 5751
internal_value=0.00128494 0.0385266 -0.0340792 0.0237756 0.0163005 -0.043808
internal_weight=9174.67 4468.49 4706.17 3334.69 2794.43 3321.16
internal_count=31187 11844 19343 10711 8945 13840
is_linear=0
shrinkage=0.05


Tree=2
num_leaves=7
num_cat=0
split_feature=35 35 24 16 24 35
split_gain=4112.08 933.53 419.656 329.566 291.951 202.491
threshold=2665.1501388888896 228.41652777777782 121.50000000000001 540.50000000000011 747.50000000000011 1065.152638888889
decision_type=8 10 10 10 10 10
left_child=1 -1 -2 4 5 -3
right_child=2 3 -4 -5 -6 -7
leaf_value=0.074086147573895464 -0.041340940387104487 0.022368447945541117 -0.0071539009346968385 0.045036743706148262 0.045070920537761378 -0.011764506795571512
leaf_weight=1128.7404816746712 3415.5113663524389 710.69803446531296 1220.2939533293247 1022.0811492055655 487.4680439978838 1101.0062058717012
leaf_count=1129 14393 2032 4873 3244 1424 3955
internal_value=0.000579871 0.0348921 -0.0323592 0.0214806 0.0109338 0.00164993
internal_weight=9085.8 4449.99 4635.81 3321.25 2299.17 1811.7
internal_count=31050 11784 19266 10655 7411 5987
is_linear=0
shrinkage=0.05


Tree=3
num_leaves=7
num_cat=0
split_feature=35 16 30 36 36 37
split_gain=3647.11 745.383 454.479 310.955 232.719 209.594
threshold=1309.4962500000004 288.50000000000006 2.5000000000000004 3474.7206944444447 4824.6498611111119 0.45804195804195807
decision_type=8 8 2 8 10 2
left_child=2 3 5 -2 -3 -1
right_child=1 4 -4 -5 -6 -7
leaf_value=-0.0053628922198757679 -0.017948012366923699 0.013511842888488966 0.069402898770777099 -0.044554123574358007 -0.048983318419195829 0.037365111911757322
leaf_weight=353.46217101812363 1942.7402253895998 1405.2331342250109 1143.7975877225399 2553.73304900527 161.63347460329533 1495.4027227461338
leaf_count=861 7898 5206 1645 10668 689 4068
internal_value=-0.000463236 -0.0227521 0.0446582 -0.0330914 0.00692972 0.029204
internal_weight=9056 6063.34 2992.66 4496.47 1566.87 1848.86
internal_count=31035 24461 6574 18566 5895 4929
is_linear=0
shrinkage=0.05


Tree=4
num_leaves=7
num_cat=0
split_feature=35 38 24 29 24 16
split_gain=3251 722.739 374.393 255.347 234.074 232.59
threshold=2818.6045833333342 1.0000000180025095e-35 102.50000000000001 2.5000000000000004 837.50000000000011 350.50000000000006
decision_type=8 2 8 2 10 10
left_child=1 4 -2 5 -1 -3
right_child=2 3 -4 -5 -6 -7
leaf_value=0.0045881241836653762 -0.040387914559964211 0.019267344851583983 -0.0090700788746627056 0.084958054196457758 0.04275448118365905 0.059188703076840515
leaf_weight=2098.7205029428005 3095.5144218802452 650.49951502680779 1383.6821937710047 455.89131762087345 492.29006798565388 846.41742579638958
leaf_count=8908 13303 515 5603 191 2037 610
internal_value=-0.000523349 0.029259 -0.0307343 0.0521912 0.0119081 0.0419624
internal_weight=9023.02 4543.82 4479.2 1952.81 2591.01 1496.92
internal_count=31167 12261 18906 1316 10945 1125
is_linear=0
shrinkage=0.05


Tree=5
num_leaves=7
num_cat=0
split_feature=35 24 34 0 24 36
split_gain=3069.4 679.694 420.92 311.162 234.647 206.555
threshold=1332.7075000000002 145.50000000000003 14.850416666666669 34.500000000000007 706.50000000000011 4824.6498611111119
decision_type=8 8 10 10 8 10
left_child=2 3 -1 -2 -3 -5
right_child=1 4 -4 5 -6 -7
leaf_value=0.057388000895118356 -0.039297320847977622 -0.005037128215375576 0.020567230733229643 0.0018666076025238886 0.036893343582678505 -0.047480435641607782
leaf_weight=1686.9224182963371 3127.027063369751 1184.2632585316896 1449.695026025176 933.50628645718098 459.01371464133263 269.25662869215012
leaf_count=743 13412 4638 6024 3608 1643 1149
internal_value=0.000416182 -0.0206123 0.0404298 -0.0309935 0.00675162 -0.0093313
internal_weight=9109.68 5973.07 3136.62 4329.79 1643.28 1202.76
internal_count=31217 24450 6767 18169 6281 4757
is_linear=0
shrinkage=0.05


Tree=6
num_leaves=7
num_cat=0
split_feature=35 35 35 37 37 2
split_gain=2840.64 519.827 436.734 327.971 197.617 241.011
threshold=1501.2641666666671 5436.9231944444455 110.55194444444446 0.37797619047619052 0.25833333333333336 3761.5000000000005
decision_type=8 8 10 2 2 10
left_child=2 3 -1 -2 -4 -6
right_child=1 -3 4 -5 5 -7
leaf_value=0.067396128199893213 -0.031424490002852891 -0.03571754784784896 -0.037027742671402041 0.0070354106840136797 0.046308451144401575 0.014092470397309348
leaf_weight=852.31446179747581 805.51580247282982 3042.4915876090527 114.94724161922932 1749.5559288412333 1078.6269529312849 1264.362441778183
leaf_count=586 3220 13504 288 6802 3028 3572
internal_value=-6.36289e-05 -0.0217713 0.036621 -0.00512721 0.0258343 0.0289906
internal_weight=8907.81 5597.56 3310.25 2555.07 2457.94 2342.99
internal_count=31000 23526 7474 10022 6888 6600
is_linear=0
shrinkage=0.05


Tree=7
num_leaves=7
num_cat=0
split_feature=35 35 24 16 24 12
split_gain=2513.37 608.576 301.674 215.083 233.579 205.276
threshold=2846.2472222222227 205.22361111111113 102.50000000000001 728.50000000000011 872.50000000000011 20.500000000000004
decision_type=8 10 8 10 10 10
left_child=1 -1 5 4 -3 -2
right_child=2 3 -4 -5 -6 -7
leaf_value=0.058431319502603031 -0.047611793821913911 0.0029685140693751504 -0.0076491524884019658 0.039423554431029677 0.042432120772702572 -0.02084170824719388
leaf_weight=1083.5664132088423 1697.4233140349388 2357.0371367782354 1341.010291621089 745.66995048522949 441.0979088395834 1258.5845528841019
leaf_count=989 7780 7750 5508 2201 1336 5468
internal_value=0.000162894 0.0257192 -0.0273561 0.0156488 0.00925415 -0.0362683
internal_weight=8924.39 4627.37 4297.02 3543.8 2798.14 2956.01
internal_count=31032 12276 18756 11287 9086 13248
is_linear=0
shrinkage=0.05


Tree=8
num_leaves=7
num_cat=0
split_feature=35 35 24 37 12 16
split_gain=2275.94 528.817 299.314 227.276 188.117 182.901
threshold=2818.6045833333342 228.41652777777782 102.50000000000001 0.25833333333333336 20.500000000000004 706.50000000000011
decision_type=8 10 8 2 10 10
left_child=1 -1 4 -3 -2 -5
right_child=2 3 -4 5 -6 -7
leaf_value=0.054287242964625421 -0.046419406127016782 -0.031503984644845315 -0.0069992665918641554 0.011563341976230268 -0.020585933892951342 0.039431631496192956
leaf_weight=1097.4081791341305 1680.4964169114828 244.2092022895813 1345.2984213829041 2541.9017465561628 1234.1787150502205 764.3291861563921
leaf_count=1096 7824 823 5525 8074 5443 2233
internal_value=-0.000159127 0.0240245 -0.0265419 0.0146073 -0.0355346 0.0180557
internal_weight=8907.82 4647.85 4259.97 3550.44 2914.68 3306.23
internal_count=31018 12226 18792 11130 13267 10307
is_linear=0
shrinkage=0.05


Tree=9
num_leaves=7
num_cat=0
split_feature=35 30 24 24 12 35
split_gain=2133.8 542.488 273.432 218.553 179.642 149.185
threshold=2665.1501388888896 2.5000000000000004 102.50000000000001 729.50000000000011 21.500000000000004 205.22361111111113
decision_type=8 2 10 10 10 10
left_child=1 3 4 -1 -2 -3
right_child=2 5 -4 -5 -6 -7
leaf_value=0.0059297723485129752 -0.044633175741669917 0.064642837749744372 -0.0070890919398366161 0.034971750456812493 -0.019407927019719842 0.02588604663879894
leaf_weight=2486.5535510331392 1672.0530909746885 820.63117428123951 1409.3116258829832 872.38655167818069 1240.8616298437119 369.26986147463322
leaf_count=7673 7948 714 5803 2417 5496 922
internal_value=-6.0881e-05 0.0238299 -0.0252027 0.0135133 -0.0339392 0.0527738
internal_weight=8871.07 4548.84 4322.23 3358.94 2912.91 1189.9
internal_count=30973 11726 19247 10090 13444 1636
is_linear=0
shrinkage=0.05


Tree=10
num_leaves=7
num_cat=0
split_feature=35 29 24 15 12 24
split_gain=1789.66 476.355 294.465 255.693 173.012 146.053
threshold=2665.1501388888896 2.5000000000000004 102.50000000000001 114.50000000000001 21.500000000000004 872.50000000000011
decision_type=8 2 8 10 10 10
left_child=1 3 4 5 -2 -1
right_child=2 -3 -4 -5 -6 -7
leaf_value=0.00083798516124816062 -0.043358670867429172 0.067435279302959561 -0.0047520199844105675 0.032731568711513198 -0.018503722651000132 0.03148388503889122
leaf_weight=2125.5814698040485 1628.0027851611376 499.03137046098709 1414.5800760686398 1435.1137032210827 1247.246697306633 470.89226558804512
leaf_count=6471 7847 359 5786 3649 5528 1295
internal_value=-0.000320314 0.0215836 -0.0234519 0.0158316 -0.0326277 0.00644571
internal_weight=8820.45 4530.62 4289.83 4031.59 2875.25 2596.47
internal_count=30935 11774 19161 11415 13375 7766
is_linear=0
shrinkage=0.05


Tree=11
num_leaves=7
num_cat=0
split_feature=35 16 38 24 36 36
split_gain=1746.94 478.123 312.784 221.901 144.093 186.5
threshold=1309.4962500000004 291.50000000000006 1.0000000180025095e-35 147.50000000000003 4824.6498611111119 3359.7033333333338
decision_type=8 8 2 10 10 10
left_child=2 3 -1 -2 5 -3
right_child=1 4 -4 -5 -6 -7
leaf_value=0.012785964977488844 -0.03052181396535333 0.008877536023630183 0.045098192297270898 -0.0018766820420209739 -0.038145911630180961 0.091614081313294238
leaf_weight=1342.5696704089642 3323.1815182715654 1289.0007212311029 1704.2827745229006 849.28381763398647 146.45490817725658 67.039834037423134
leaf_count=5486 15336 4861 1075 3380 668 198
internal_value=0.00039421 -0.0159993 0.0309044 -0.0247005 0.00816587 0.0132894
internal_weight=8721.81 5674.96 3046.85 4172.47 1502.5 1356.04
internal_count=31004 24443 6561 18716 5727 5059
is_linear=0
shrinkage=0.05


Tree=12
num_leaves=7
num_cat=0
split_feature=36 30 24 4 21 23
split_gain=1289.2 644.452 272.441 266.75 172.906 209.964
threshold=2701.1322222222229 2.5000000000000004 716.50000000000011 151889.50000000003 0.6250428375599727 5.0353701788701182
decision_type=8 2 10 10 8 10
left_child=1 2 -1 4 5 -2
right_child=3 -3 -4 -5 -6 -7
leaf_value=-0.00161185229812171 -0.027637262615498599 0.046512027568466702 0.028415459178042675 0.038923978354912778 -0.047547051667070434 0.022080217555077088
leaf_weight=3565.1288533657789 1731.7317596673965 1156.4982894212008 953.3389984369278 142.56560532748699 959.64669221639633 238.16147251427174
leaf_count=12741 7753 1632 2839 524 4650 990
internal_value=-0.000828485 0.0132925 0.00474793 -0.0268927 -0.0301565 -0.0215857
internal_weight=8747.07 5674.97 4518.47 3072.11 2929.54 1969.89
internal_count=31129 17212 15580 13917 13393 8743
is_linear=0
shrinkage=0.05


Tree=13
num_leaves=7
num_cat=0
split_feature=35 16 28 2 36 36
split_gain=1396.01 419.222 279.166 221.01 207.269 231.252
threshold=2818.6045833333342 728.50000000000011 2.5000000000000004 260.50000000000006 4824.6498611111119 3806.3420833333334
decision_type=8 10 2 10 10 10
left_child=1 2 -1 -2 5 -5
right_child=3 -3 -4 4 -6 -7
leaf_value=0.0061450919029307442 -0.040670421260979306 0.04433722954612377 0.069177299824064772 -0.010454668437058367 -0.036973980986621038 0.064445351937535436
leaf_weight=3316.146438151598 1137.8881264775991 1143.159386113286 180.59804248809814 2052.2742178738117 764.03626246750355 103.53199936449528
leaf_count=9647 5557 2558 85 9326 3573 342
internal_value=-0.000606217 0.0181175 0.00949467 -0.0220122 -0.0146839 -0.00671682
internal_weight=8697.63 4639.9 3496.74 4057.73 2919.84 2155.81
internal_count=31088 12290 9732 18798 13241 9668
is_linear=0
shrinkage=0.05


Tree=14
num_leaves=7
num_cat=0
split_feature=35 30 37 14 24 1
split_gain=1238.31 381.407 231.656 221.061 143.821 129.352
threshold=2892.4106944444452 2.5000000000000004 0.25833333333333336 1.0000000180025095e-35 459.50000000000006 1704.5000000000002
decision_type=8 2 2 10 10 10
left_child=1 2 -1 -2 -5 -3
right_child=3 5 -4 4 -6 -7
leaf_value=-0.038104197269891699 -0.037050661564361737 0.056286950727584086 0.012117528484991154 -0.015948366294987998 0.025655230475175036 0.022681876878548446
leaf_weight=242.23047976195812 1389.4286726117134 652.62775567173958 3246.5607883781195 2390.4353974014521 222.98267617821693 526.46124030649662
leaf_count=825 6857 962 9960 10957 897 712
internal_value=-0.000572641 0.0169169 0.00858104 -0.0209636 -0.0123564 0.0414415
internal_weight=8670.73 4667.88 3488.79 4002.85 2613.42 1179.09
internal_count=31170 12459 10785 18711 11854 1674
is_linear=0
shrinkage=0.05


Tree=15
num_leaves=7
num_cat=0
split_feature=36 34 4 24 23 16
split_gain=1124.25 528.617 228.247 193.801 176.522 131.059
threshold=2701.1322222222229 52.826111111111125 151889.50000000003 831.50000000000011 2.6525021272327147 574.50000000000011
decision_type=8 8 10 10 10 10
left_child=1 4 -2 5 -1 -3
right_child=2 3 -4 -5 -6 -7
leaf_value=0.026885465466618616 -0.028043223056014335 -0.0084264699395049762 0.034355246901897389 0.028344752962051578 0.066360240818456886 0.016202846046242624
leaf_weight=1669.6817513257265 2808.1420984566212 2445.848048299551 150.48751093447208 579.96687360107899 341.13302581012249 687.94380033016205
leaf_count=1080 13341 10856 544 2339 224 2843
internal_value=0.00018447 0.0131162 -0.0248168 0.00192441 0.0337303 -0.00300254
internal_weight=8683.2 5724.57 2958.63 3713.76 2010.81 3133.79
internal_count=31227 17342 13885 16038 1304 13699
is_linear=0
shrinkage=0.05


Tree=16
num_leaves=7
num_cat=0
split_feature=35 4 37 38 1 34
split_gain=1128.81 389.209 320.136 211.638 140.737 132.084
threshold=1309.4962500000004 2364.5000000000005 0.37797619047619052 1.0000000180025095e-35 2640.5000000000005 5289.063472222223
decision_type=8 8 2 2 10 8
left_child=3 -2 -3 -1 -5 -4
right_child=1 2 5 4 -6 -7
leaf_value=0.0089817084849859799 -0.042619843193679577 -0.02386460971759307 0.008506655199345084 0.045825475504860866 0.016400019283548121 -0.019399292708960549
leaf_weight=1353.7830596119165 952.87851458787918 1805.4823336303234 2228.0846392661333 1134.3945345729589 644.05551490187645 518.52220360934734
leaf_count=5511 4826 8570 8502 751 364 2603
internal_value=-1.49213e-05 -0.0136464 -0.00754129 0.0239262 0.0352451 0.00321271
internal_weight=8637.2 5504.97 4552.09 3132.23 1778.45 2746.61
internal_count=31127 24501 19675 6626 1115 11105
is_linear=0
shrinkage=0.05


Tree=17
num_leaves=7
num_cat=0
split_feature=35 16 38 21 37 24
split_gain=1106.83 437.158 213.935 159.106 157.385 155.541
threshold=1187.8637500000002 288.50000000000006 1.0000000180025095e-35 0.49625410517758356 0.39047619047619053 706.50000000000011
decision_type=8 8 2 10 2 8
left_child=2 3 -1 4 -2 -3
right_child=1 5 -4 -5 -6 -7
leaf_value=0.0093964079357347075 -0.026786823131375516 0.00082054848906769936 0.036900685074325944 -0.03192242923118363 0.00018361534832880331 0.037230674050670008
leaf_weight=1221.5254213511944 984.42810270190239 1279.5083553642035 1688.0468021929264 1882.645311281085 1193.1101309657097 375.65282115340233
leaf_count=4962 4736 5023 1064 9251 4946 1177
internal_value=0.000310966 -0.0124671 0.0253895 -0.0212886 -0.0120427 0.00917138
internal_weight=8624.92 5715.34 2909.57 4060.18 2177.54 1655.16
internal_count=31159 25133 6026 18933 9682 6200
is_linear=0
shrinkage=0.05


Tree=18
num_leaves=7
num_cat=0
split_feature=35 16 29 4 24 37
split_gain=868.735 371.473 230.805 175.648 140.32 132.497
threshold=1187.8637500000002 288.50000000000006 2.5000000000000004 2364.5000000000005 706.50000000000011 0.28991596638655465
decision_type=8 10 2 10 10 2
left_child=2 3 5 -2 -3 -1
right_child=1 4 -4 -5 -6 -7
leaf_value=-0.035909372128643632 -0.039872176507544689 7.6025935049665915e-05 0.051347094603361371 -0.014839415365430758 0.035676843058621427 0.017521928820446907
leaf_weight=117.98889502882957 904.17322990298271 1285.7631035149097 526.1464186757803 3116.6659622788429 347.7169401794672 2168.8060740530491
leaf_count=219 4676 5052 387 14221 1156 5343
internal_value=-0.00105601 -0.01235 0.0216277 -0.0205111 0.00774007 0.0146928
internal_weight=8467.26 5654.32 2812.94 4020.84 1633.48 2286.79
internal_count=31054 25105 5949 18897 6208 5562
is_linear=0
shrinkage=0.05


Tree=19
num_leaves=7
num_cat=0
split_feature=38 35 29 8 16 4
split_gain=870.954 407.698 180.479 127.443 124.618 116.13
threshold=1.0000000180025095e-35 5575.9002777777787 2.5000000000000004 1.0000000180025095e-35 285.50000000000006 2364.5000000000005
decision_type=2 8 2 8 10 10
left_child=1 4 3 -2 -1 -3
right_child=2 5 -4 -5 -6 -7
leaf_value=-0.0079599217873733159 -0.012734775054054008 -0.043365076933047225 0.054827332101853532 0.024828697630714693 0.010290217792428549 -0.018629834710962294
leaf_weight=1902.1874260604382 259.66687552630901 646.90493288636208 449.7802416831255 1597.5095826536417 1830.747536227107 1811.0030041486025
leaf_count=8650 263 3692 194 1209 7586 9526
internal_value=0.000348071 -0.00942447 0.0265369 0.0195566 0.000992307 -0.0252148
internal_weight=8497.8 6190.84 2306.96 1857.18 3732.93 2457.91
internal_count=31120 29454 1666 1472 16236 13218
is_linear=0
shrinkage=0.05


Tree=20
num_leaves=7
num_cat=0
split_feature=36 30 4 37 24 13
split_gain=701.067 334.456 188.489 186.164 138.979 134.802
threshold=2914.9948611111117 2.5000000000000004 236708.50000000003 0.25833333333333336 872.50000000000011 7.5000000000000009
decision_type=8 2 8 2 10 10
left_child=1 3 -2 -1 -5 -3
right_child=2 5 -4 4 -6 -7
leaf_value=-0.025679299124487034 -0.022941611341221635 0.014481259963633586 0.079647127114032462 0.0032113798660643577 0.029105780754509897 0.04969969493204611
leaf_weight=480.56965993344784 2678.1271184682846 493.50768385827541 40.755737662315369 3485.7285620421171 604.01682104170322 615.29516416788101
leaf_count=2022 13453 815 151 11921 1830 821
internal_value=-0.000404209 0.00959065 -0.0212604 0.00359907 0.00706661 0.03416
internal_weight=8398 5679.12 2718.88 4570.32 4089.75 1108.8
internal_count=31013 17409 13604 15773 13751 1636
is_linear=0
shrinkage=0.05


Tree=21
num_leaves=7
num_cat=0
split_feature=35 29 16 21 25 4
split_gain=714.774 320.617 221.367 193.822 225.531 165.777
threshold=2846.2472222222227 2.5000000000000004 706.50000000000011 0.52539302382706965 0.49070426428916997 113834.50000000001
decision_type=8 2 10 10 10 10
left_child=1 2 -1 4 -2 -4
right_child=3 -3 5 -5 -6 -7
leaf_value=0.0018890546882470629 0.044972150083515856 0.051191569682098863 0.042446740495906285 -0.028817009680442065 -0.011342507500847553 -0.00094312815278235589
leaf_weight=3172.3840752393007 191.26354721188545 484.34942078590393 689.74047431349754 1703.2247581034899 1890.1902287602425 321.92352503538132
leaf_count=9438 881 377 1652 8869 9074 896
internal_value=-0.000196474 0.0128887 0.0083989 -0.0163327 -0.00607242 0.0287028
internal_weight=8453.08 4668.4 4184.05 3784.68 2081.45 1011.66
internal_count=31187 12363 11986 18824 9955 2548
is_linear=0
shrinkage=0.05


Tree=22
num_leaves=7
num_cat=0
split_feature=38 36 16 24 24 23
split_gain=773.949 370.019 211.347 122.301 121.694 113.159
threshold=1.0000000180025095e-35 3513.7331944444445 391.50000000000006 109.50000000000001 831.50000000000011 5.0353701788701182
decision_type=2 8 8 10 10 10
left_child=1 4 3 -2 -1 -3
right_child=2 5 -4 -5 -6 -7
leaf_value=-0.0033640941741703775 -0.0057386736764388872 -0.029947510930602408 0.041566064647645007 0.027015028381535147 0.020900532509358364 0.0042799765073060171
leaf_weight=3378.0085370689631 567.51070089638233 1845.0715102553368 1083.0912523716688 564.60802733898163 604.88256561756134 276.39485163986683
leaf_count=15188 521 10371 789 326 2445 1480
internal_value=0.000540044 -0.00864814 0.025822 0.0106431 0.000342565 -0.0254886
internal_weight=8319.57 6104.36 2215.21 1132.12 3982.89 2121.47
internal_count=31120 29484 1636 847 17633 11851
is_linear=0
shrinkage=0.05


Tree=23
num_leaves=7
num_cat=0
split_feature=35 4 29 37 4 12
split_gain=651.729 256.162 219.641 199.372 175.565 137.194
threshold=1309.4962500000004 2364.5000000000005 2.5000000000000004 0.37797619047619052 26624.000000000004 32.500000000000007
decision_type=8 8 2 2 10 10
left_child=2 5 4 -3 -1 -2
right_child=1 3 -4 -5 -6 -7
leaf_value=0.03001829708592026 -0.046404853715396432 -0.018647018717546798 0.049118181208111282 0.0030345060847606657 0.0028355051072678529 -0.00010389818941572711
leaf_weight=925.55782783031464 655.52323566377163 1746.9525705724955 488.82334026694298 2682.7659688591957 1645.6920121759176 211.16012586653233
leaf_count=2136 3720 8713 385 11036 4109 1088
internal_value=0.00020133 -0.0104098 0.0185542 -0.00552744 0.0126596 -0.0351893
internal_weight=8356.48 5296.4 3060.07 4429.72 2571.25 866.683
internal_count=31187 24557 6630 19749 6245 4808
is_linear=0
shrinkage=0.05


Tree=24
num_leaves=7
num_cat=0
split_feature=35 37 29 23 21 24
split_gain=531.091 335.061 191.513 149.272 152.262 136.418
threshold=5507.604444444446 0.37797619047619052 2.5000000000000004 5.0353701788701182 0.24332721976480745 93.500000000000014
decision_type=8 2 2 8 10 10
left_child=1 -1 5 -2 -5 -3
right_child=3 2 -4 4 -6 -7
leaf_value=-0.016141559902964859 -0.023979624061192154 -0.002677004596688827 0.045873463733338685 0.085963917750291274 -0.0033050926905153506 0.016812262764409166
leaf_weight=1119.3333458006382 2153.1298389285803 1276.5683209747076 429.83443360030651 52.546153411269188 279.16261553764343 3011.9500048607588
leaf_count=4074 11872 4324 334 192 1367 8851
internal_value=0.000161684 0.00840193 0.0142353 -0.0191753 0.0119026 0.0110145
internal_weight=8322.52 5837.69 4718.35 2484.84 331.709 4288.52
internal_count=31014 17583 13509 13431 1559 13175
is_linear=0
shrinkage=0.05


Tree=25
num_leaves=7
num_cat=0
split_feature=15 24 35 22 16 23
split_gain=435.009 342.073 152.775 127.517 130.203 120.572
threshold=143.50000000000003 123.50000000000001 11264.77263888889 1.4560782138994408 92.500000000000014 12.99467867376177
decision_type=10 10 10 10 10 10
left_child=1 2 -1 -3 -5 -2
right_child=5 3 -4 4 -6 -7
leaf_value=-0.012362594161528809 0.017855051094064666 0.0017817786739043112 -0.045050163733722129 0.06914134126211996 0.014210157267003072 0.065033918006741714
leaf_weight=3376.751786544919 1619.0006677508354 2190.0324680954218 396.1796398460865 140.6946215480566 430.69330562651157 144.02042381465435
leaf_count=15022 4414 7380 2426 264 1572 188
internal_value=-0.000122445 -0.00607164 -0.0158501 0.00729313 0.0282185 0.0218821
internal_weight=8297.37 6534.35 3772.93 2761.42 571.388 1763.02
internal_count=31266 26664 17448 9216 1836 4602
is_linear=0
shrinkage=0.05


Tree=26
num_leaves=7
num_cat=0
split_feature=38 36 20 37 12 24
split_gain=541.569 294.646 125.278 104.243 123.643 99.9637
threshold=1.0000000180025095e-35 3513.7331944444445 0.3330653804930333 0.45804195804195807 788.50000000000011 872.50000000000011
decision_type=2 8 10 2 10 10
left_child=1 5 3 -2 -5 -1
right_child=2 -3 -4 4 -6 -7
leaf_value=-0.0027891032673748187 0.0020397018032088064 -0.023162904312446955 0.0015759792829797342 0.0424671478413359 0.0069094839107489807 0.020734647652466624
leaf_weight=3423.6298793256283 313.72659114003181 2018.8394186347723 610.40210960805416 1031.5342347472906 322.80927930772305 515.1273078918457
leaf_count=15439 219 11753 487 719 260 2086
internal_value=0.000272716 -0.00765709 0.0209784 0.0280525 0.0340485 0.00030982
internal_weight=8236.07 5957.6 2278.47 1668.07 1354.34 3938.76
internal_count=30963 29278 1685 1198 979 17525
is_linear=0
shrinkage=0.05


Tree=27
num_leaves=7
num_cat=0
split_feature=37 27 24 23 16 8
split_gain=422.81 294.345 235.319 136.295 118.699 100.106
threshold=0.37797619047619052 1.0000000180025095e-35 88.500000000000014 5.0353701788701182 35.500000000000007 1.5000000000000002
decision_type=2 2 10 10 10 10
left_child=3 2 5 -1 -4 -2
right_child=1 -3 4 -5 -6 -7
leaf_value=-0.021139954836658842 0.0048266611034427694 0.023503603910911618 0.071075254433959997 0.036501043192894288 0.0073659990610292457 -0.02233275736976436
leaf_weight=2216.9332219958305 464.64341266453266 1797.9947649240494 70.61847223341465 103.08319927752018 2303.2027551084757 1237.0530127435923
leaf_count=10812 2424 917 310 340 9765 6414
internal_value=-0.000456714 0.00668231 -0.000758442 -0.0185059 0.00940668 -0.0149245
internal_weight=8193.53 5873.51 4075.52 2320.02 2373.82 1701.7
internal_count=30982 19830 18913 11152 10075 8838
is_linear=0
shrinkage=0.05


Tree=28
num_leaves=7
num_cat=0
split_feature=38 24 29 24 16 1
split_gain=486.779 266.072 168.855 116.95 104.394 149.08
threshold=1.0000000180025095e-35 19.500000000000004 2.5000000000000004 863.50000000000011 590.50000000000011 2480.5000000000005
decision_type=2 10 2 10 8 10
left_child=1 -1 4 -3 -2 -6
right_child=2 3 -4 -5 5 -7
leaf_value=-0.028282587137232248 0.0058039640324941827 -0.0044692669083432361 0.050683061479901606 0.020239871226273059 0.052362343790714319 0.0022888194374665158
leaf_weight=1165.6168074905872 1239.976609647274 4218.614902317524 379.03216759860516 535.14774538576603 345.5304349809885 258.90857100486755
leaf_count=6825 976 20367 194 2170 281 204
internal_value=0.000564119 -0.00692934 0.0204844 -0.00166933 0.0141582 0.0311083
internal_weight=8142.83 5919.38 2223.45 4753.76 1844.42 604.439
internal_count=31017 29362 1655 22537 1461 485
is_linear=0
shrinkage=0.05


Tree=29
num_leaves=7
num_cat=0
split_feature=37 15 21 4 21 3
split_gain=409.863 283.028 150.866 145.557 97.2838 101.914
threshold=0.25833333333333336 108.50000000000001 0.6002056202878685 32445.000000000004 0.95920722135007852 7095.0000000000009
decision_type=2 8 10 10 10 10
left_child=-1 2 -2 -3 5 -4
right_child=1 3 4 -5 -6 -7
leaf_value=-0.025539873712107176 0.0034979755469159595 0.038035480317303146 -0.044904946785099292 0.010408575749741522 0.015609282418867441 -0.011805362932288897
leaf_weight=1315.382241114974 3454.2864128798246 734.78132970631123 342.37091894447803 1357.2822506427765 193.35990619659424 720.33223237097263
leaf_count=6867 13156 1630 1868 3893 748 2897
internal_value=-4.55222e-05 0.00489946 -0.00190118 0.0201793 -0.0167043 -0.0226294
internal_weight=8117.8 6802.41 4710.35 2092.06 1256.06 1062.7
internal_count=31059 24192 18669 5523 5513 4765
is_linear=0
shrinkage=0.05


Tree=30
num_leaves=7
num_cat=0
split_feature=34 37 29 24 23 36
split_gain=351.437 316.289 166.208 126.573 118.939 116.819
threshold=5507.9051388888902 0.39047619047619053 2.5000000000000004 82.500000000000014 5.0353701788701182 1.7748611111111112
decision_type=8 2 2 8 10 8
left_child=1 4 3 -3 5 -1
right_child=-2 2 -4 -5 -6 -7
leaf_value=-0.07169402726964097 -0.024533765306741909 -0.0041491305351841262 0.042814765872609656 0.013908687863817652 0.041401891858226465 -0.01283791405618985
leaf_weight=84.136935219168663 1206.718444660306 1376.3981292396784 378.92963905632496 3269.3358814716339 90.951903000473976 1684.298626601696
leaf_count=365 7362 5045 341 9783 303 7824
internal_value=0.00029829 0.0046658 0.0111832 0.00855996 -0.0129292 -0.0158324
internal_weight=8090.77 6884.05 5024.66 4645.73 1859.39 1768.44
internal_count=31023 23661 15169 14828 8492 8189
is_linear=0
shrinkage=0.05


Tree=31
num_leaves=7
num_cat=0
split_feature=38 37 3 23 12 35
split_gain=349.825 209.4 136.127 115.058 106.895 87.8705
threshold=1.0000000180025095e-35 0.25833333333333336 530.50000000000011 2.6525021272327147 6.5000000000000009 14711.324027777779
decision_type=2 2 10 8 10 10
left_child=1 5 4 -2 -3 -1
right_child=3 2 -4 -5 -6 -7
leaf_value=-0.018009692378005586 0.01165640758678557 -0.042983568819292578 0.0020415116091131026 0.040314789769284376 -0.0026144242910923956 -0.052545388766442575
leaf_weight=894.21921133995056 1782.6456400752068 318.00368151068687 4094.2630451321602 433.39134375751019 334.48428876698017 230.86397722363472
leaf_count=5120 1212 1990 18978 451 1804 1565
internal_value=0.000434981 -0.00595405 -0.00134744 0.0173393 -0.0224664 -0.0252975
internal_weight=8087.87 5871.83 4746.75 2216.04 652.488 1125.08
internal_count=31120 29457 22772 1663 3794 6685
is_linear=0
shrinkage=0.05


Tree=32
num_leaves=7
num_cat=0
split_feature=35 16 40 27 38 37
split_gain=322.497 198.495 176.507 133.524 119.329 108.193
threshold=5575.9002777777787 958.50000000000011 11.500000000000002 2.5000000000000004 2.5000000000000004 0.37797619047619052
decision_type=8 10 2 2 2 2
left_child=1 3 -2 5 -3 -1
right_child=2 4 -4 -5 -6 -7
leaf_value=-0.013650334374224025 0.073460991308526 0.019119225788749462 -0.018210638109977483 0.057660294714893992 0.067167999326334438 0.0048394004945775835
leaf_weight=997.2989921271801 48.920121431350708 668.11737735569477 2253.7685987651348 101.10467880964279 157.63052283227444 3751.5273685008287
leaf_count=3961 16 1818 13287 43 168 11646
internal_value=-0.000346206 0.00605715 -0.0161081 0.00218657 0.0286405 0.000946106
internal_weight=7978.37 5675.68 2302.69 4849.93 825.748 4748.83
internal_count=30939 17636 13303 15650 1986 15607
is_linear=0
shrinkage=0.05


Tree=33
num_leaves=7
num_cat=0
split_feature=37 15 21 21 8 25
split_gain=289.218 167.751 121.046 128.407 110.167 227.784
threshold=0.25833333333333336 85.500000000000014 0.6002056202878685 0.95920722135007852 14.500000000000002 0.77772430756068889
decision_type=2 8 10 10 10 10
left_child=-1 2 4 -4 5 -2
right_child=1 -3 3 -5 -6 -7
leaf_value=-0.022619128740027885 0.024064526043945322 0.013776809881787332 -0.023930009341385054 0.022721414019683459 -0.0071591407047077033 -0.016200079942152609
leaf_weight=1273.1355663090944 1114.4315465837717 2440.1619006544352 946.87889148294926 170.44843271374702 1550.6885036677122 507.71568976342678
leaf_count=6836 4387 6836 4478 695 5832 2148
internal_value=-0.000814221 0.00332421 -0.00263014 -0.0167438 0.00235857 0.0114511
internal_weight=8003.46 6730.32 4290.16 1117.33 3172.84 1622.15
internal_count=31212 24376 17540 5173 12367 6535
is_linear=0
shrinkage=0.05


Tree=34
num_leaves=7
num_cat=0
split_feature=35 4 16 4 15 20
split_gain=297.143 212.2 154.276 124.435 117.211 109.605
threshold=1244.207916666667 2364.5000000000005 686.50000000000011 95154.500000000015 64.500000000000014 0.65571120689655182
decision_type=8 8 10 10 8 10
left_child=2 -2 -1 -4 5 -3
right_child=1 4 3 -5 -6 -7
leaf_value=0.004719906568134178 -0.030918934511053278 -0.00613384893623211 0.043057929030264709 0.0038065275956255086 0.0086792714006559742 -0.044729970314019582
leaf_weight=1889.1253252178431 802.29346004873514 2721.2224303483963 595.32603318989277 305.81683237850666 1434.4519726783037 192.54722261428833
leaf_count=4441 4910 13010 1231 681 5640 1222
internal_value=-0.000258471 -0.00737575 0.0128689 0.0298319 -0.00300125 -0.00875661
internal_weight=7940.78 5150.52 2790.27 901.143 4348.22 2913.77
internal_count=31135 24782 6353 1912 19872 14232
is_linear=0
shrinkage=0.05


Tree=35
num_leaves=7
num_cat=0
split_feature=34 37 23 22 24 36
split_gain=248.52 182.723 152.249 130.662 130.665 115.543
threshold=5507.9051388888902 0.37797619047619052 5.0353701788701182 24.457002346748819 85.500000000000014 1.7748611111111112
decision_type=8 2 10 8 10 8
left_child=1 2 5 4 -3 -1
right_child=-2 3 -4 -5 -6 -7
leaf_value=-0.070263969974247387 -0.021630688851737242 -0.0051318052600521549 0.05005878585399734 0.060393366983031951 0.012588262259649952 -0.010685003096984764
leaf_weight=80.962981149554253 1155.6676335334778 1506.1003989577293 94.147568091750145 112.86095976829529 3342.4426186084747 1618.7808601111174
leaf_count=361 7420 5261 297 113 9853 7710
internal_value=-0.000256596 0.00341329 -0.0102435 0.00835652 0.00708427 -0.0137207
internal_weight=7910.96 6755.3 1793.89 4961.4 4848.54 1699.74
internal_count=31015 23595 8368 15227 15114 8071
is_linear=0
shrinkage=0.05


Tree=36
num_leaves=7
num_cat=0
split_feature=37 22 24 37 24 19
split_gain=221.188 134.416 146.615 104.371 103.63 89.4514
threshold=0.25833333333333336 24.457002346748819 14.500000000000002 0.7386128364389235 27.500000000000004 19.500000000000004
decision_type=2 8 10 2 10 10
left_child=4 2 -2 -4 -1 -6
right_child=1 -3 3 -5 5 -7
leaf_value=-0.042879927748075218 -0.021025138972411705 0.04784534011762398 0.00067885485414731093 0.016381340607844363 -0.0024633949821944246 -0.041508786252266477
leaf_weight=348.82191134244204 623.143753439188 158.46784892678261 4474.7632324695587 1381.2150988429785 695.28895308077335 181.1527741253376
leaf_count=2348 3320 427 16437 3905 3495 995
internal_value=-0.000541493 0.0030656 0.00193432 0.00439332 -0.0200152 -0.0107234
internal_weight=7862.85 6637.59 6479.12 5855.98 1225.26 876.442
internal_count=30927 24089 23662 20342 6838 4490
is_linear=0
shrinkage=0.05


Tree=37
num_leaves=7
num_cat=0
split_feature=34 37 34 11 30 6
split_gain=236.682 186.24 109.991 100.495 91.1477 93.6434
threshold=5507.9051388888902 0.37797619047619052 29.43930555555556 356.50000000000006 3.5000000000000004 3.5000000000000004
decision_type=8 2 10 10 2 8
left_child=1 -1 4 -2 5 -3
right_child=3 2 -4 -5 -6 -7
leaf_value=-0.0097869053955814411 -0.023460280349602666 0.00042266520065519371 0.0036512305325327567 0.056627732148093995 0.037788197998088802 0.028452641396581463
leaf_weight=1782.6539534255862 1089.5659874901175 720.66642391681671 3264.7373508810997 35.980001240968704 476.36639741063118 503.20015573501587
leaf_count=8402 7160 309 14291 208 270 344
internal_value=0.000512944 0.00405758 0.00903323 -0.020661 0.0193266 0.0120162
internal_weight=7873.17 6747.62 4964.97 1125.55 1700.23 1223.87
internal_count=30984 23616 15214 7368 923 653
is_linear=0
shrinkage=0.05


Tree=38
num_leaves=7
num_cat=0
split_feature=37 28 16 24 38 37
split_gain=216.763 171.918 129.367 110.68 108.978 102.613
threshold=0.25833333333333336 2.5000000000000004 958.50000000000011 27.500000000000004 1.5000000000000002 0.76533166458072599
decision_type=2 2 8 10 2 2
left_child=3 2 -2 -1 5 -4
right_child=1 -3 4 -5 -6 -7
leaf_value=-0.042355354204121891 -0.00040875850347421539 0.045921866345471157 0.021720054039257405 -0.0093877108273871541 0.060493830829838127 -0.032232375157959882
leaf_weight=359.58476089686155 5754.1963530927896 227.02862296998501 487.95251756906509 857.76356522738934 141.49385587871075 102.68778446316719
leaf_count=2424 22082 152 1550 4454 182 336
internal_value=0.000108052 0.00363168 0.00211725 -0.0192592 0.0218385 0.0121481
internal_weight=7930.71 6713.36 6486.33 1217.35 732.134 590.64
internal_count=31180 24302 24150 6878 2068 1886
is_linear=0
shrinkage=0.05


Tree=39
num_leaves=7
num_cat=0
split_feature=15 34 3 8 36 19
split_gain=210.434 154.426 93.5631 83.6215 83.3736 99.7634
threshold=1.0000000180025095e-35 63.217361111111117 606.50000000000011 1.5000000000000002 4917.4005555555568 13.500000000000002
decision_type=8 8 10 8 10 10
left_child=-1 3 -3 -2 -4 -6
right_child=1 2 4 -5 5 -7
leaf_value=-0.025911284725313444 -0.010459076959597101 -0.018749147969585205 0.0033882758460149682 0.018227092465643038 0.00097875652121397856 -0.046544875244845907
leaf_weight=678.81168079376221 290.8689167201519 687.07640655338764 3905.7131291329861 1856.3948977440596 258.23270297050476 187.67896972596645
leaf_count=4228 204 4185 18009 1641 1626 1226
internal_value=0.000594555 0.00311467 -0.00167255 0.014326 0.00104209 -0.0193177
internal_weight=7864.78 7185.97 5038.7 2147.26 4351.62 445.912
internal_count=31119 26891 25046 1845 20861 2852
is_linear=0
shrinkage=0.05


Tree=40
num_leaves=7
num_cat=0
split_feature=15 27 4 16 14 21
split_gain=208.573 131.902 120.367 96.9674 119.524 117.974
threshold=1.0000000180025095e-35 2.5000000000000004 2364.5000000000005 36.500000000000007 18.500000000000004 0.57933578253010642
decision_type=8 2 8 10 10 10
left_child=-1 2 -2 -4 5 -5
right_child=1 -3 3 4 -6 -7
leaf_value=-0.026674212908288142 -0.018773436072437283 0.056363965631562866 0.022496587823777146 0.00035143226084366995 0.0082273304239007961 -0.023216351815125567
leaf_weight=669.24433697015047 654.93978095054626 106.53558349609375 612.03052291274071 1914.2034838274121 3143.5412757918239 729.75527026504278
leaf_count=4183 3629 50 2640 7608 9908 3105
internal_value=-8.76019e-05 0.00241397 0.00155989 0.00365387 0.00164354 -0.00618502
internal_weight=7830.25 7161.01 7054.47 6399.53 5787.5 2643.96
internal_count=31123 26940 26890 23261 20621 10713
is_linear=0
shrinkage=0.05


Tree=41
num_leaves=7
num_cat=0
split_feature=29 4 21 36 36 36
split_gain=199.515 161.831 110.511 107.179 152.444 117.527
threshold=2.5000000000000004 2364.5000000000005 0.41291708796764415 4917.4005555555568 3806.3420833333334 6841.5052777777792
decision_type=2 8 10 10 10 10
left_child=1 2 -1 4 -3 -5
right_child=-2 3 -4 5 -6 -7
leaf_value=-0.0045477649965543088 0.035778343877879343 0.0014984499277481966 -0.040966104710727196 -0.034817845106592769 0.053063749352773464 0.010944625984930676
leaf_weight=421.57956070452929 363.64804607629776 5842.5441706702113 409.50040053576231 402.09348288923502 141.94605751335621 211.0996932387352
leaf_count=2199 364 21394 2864 2496 497 1276
internal_value=-0.00012569 -0.00190612 -0.02263 0.000719522 0.0027648 -0.0191024
internal_weight=7792.41 7428.76 831.08 6597.68 5984.49 613.193
internal_count=31090 30726 5063 25663 21891 3772
is_linear=0
shrinkage=0.05


Tree=42
num_leaves=7
num_cat=0
split_feature=35 4 3 12 28 37
split_gain=262.129 163.365 145.307 116.421 88.5229 85.0504
threshold=1187.8637500000002 2364.5000000000005 5296.5000000000009 32.500000000000007 2.5000000000000004 0.75490951097420111
decision_type=8 8 10 10 2 2
left_child=2 3 -1 -2 -4 -3
right_child=1 5 4 -5 -6 -7
leaf_value=0.030352904345198106 -0.039408864088351855 -0.0043062479070863713 0.00134587896312187 0.0055130226845981033 0.037290940900169559 0.019592233897527005
leaf_weight=869.41374750435352 537.99507962167263 3980.5906303748488 1546.035473510623 194.86482052505016 187.68630990386009 405.68839421868324
leaf_count=2019 3722 18818 3779 1118 132 1488
internal_value=0.000828281 -0.0057402 0.0137316 -0.0275079 0.00533321 -0.00207608
internal_weight=7722.27 5119.14 2603.14 732.86 1733.72 4386.28
internal_count=31076 25146 5930 4840 3911 20306
is_linear=0
shrinkage=0.05


Tree=43
num_leaves=7
num_cat=0
split_feature=15 34 4 37 23 12
split_gain=188.502 118.461 107.86 76.4515 86.0183 104.843
threshold=1.0000000180025095e-35 37.387361111111119 1925.5000000000002 0.37797619047619052 0.92556524858230094 30.500000000000004
decision_type=8 8 10 2 8 10
left_child=-1 3 -3 -2 -5 -6
right_child=1 2 -4 4 5 -7
leaf_value=-0.025058899892019395 -0.0094350856112867029 -0.024833726454489675 0.00079442616384933394 0.0027789786930210937 0.045695673269494495 0.012962415783451413
leaf_weight=671.57148234546185 317.23543687164783 445.1099750623107 4668.0266513004899 637.53750179708004 408.00678387284279 614.54302826523781
leaf_count=4282 223 2979 22552 400 261 430
internal_value=0.000158234 0.00256264 -0.00145864 0.0129387 0.0172297 0.0261821
internal_weight=7762.03 7090.46 5113.14 1977.32 1660.09 1022.55
internal_count=31127 26845 25531 1314 1091 691
is_linear=0
shrinkage=0.05


Tree=44
num_leaves=7
num_cat=0
split_feature=37 16 19 38 24 23
split_gain=178.502 132.126 131.123 114.734 106.772 86.9006
threshold=0.25833333333333336 958.50000000000011 13.500000000000002 2.5000000000000004 27.500000000000004 5.0353701788701182
decision_type=2 10 10 2 10 10
left_child=4 5 -3 -4 -1 -2
right_child=1 2 3 -5 -6 -7
leaf_value=-0.042386567121755765 -0.0014048492484569006 0.064345308325865117 0.0038925678135567558 0.063160948135979209 -0.0087515589483914708 0.022019151829652223
leaf_weight=322.91360560059547 5377.4113918170333 143.40544478595257 581.19438029825687 90.157536029815674 854.93432323634624 422.39170364290476
leaf_count=2351 20405 391 1683 69 4473 1675
internal_value=-0.000222425 0.0029746 0.021764 0.01226 -0.018113 0.000318586
internal_weight=7792.41 6614.56 814.757 671.352 1177.85 5799.8
internal_count=31047 24223 2143 1752 6824 22080
is_linear=0
shrinkage=0.05


Tree=45
num_leaves=7
num_cat=0
split_feature=34 37 36 4 35 19
split_gain=166.118 142.169 105.545 103.266 152.179 102.02
threshold=5507.9051388888902 0.37797619047619052 1.7748611111111112 25782.500000000004 1501.2641666666671 4.5000000000000009
decision_type=8 2 8 10 10 10
left_child=1 2 -1 4 -3 -2
right_child=5 3 -4 -5 -6 -7
leaf_value=-0.060077745694245004 -0.0013329512218308015 0.030263810513658188 -0.0057597484057677045 0.0026214385737741482 -0.00036062456340453671 -0.032256092575821349
leaf_weight=89.635393708944321 504.25085214525461 999.80223353207111 1664.7654963284731 3223.1882165968418 680.11415699124336 562.29511842876673
leaf_count=393 3593 2382 8026 10063 2809 3827
internal_value=0.000562052 0.00350043 -0.0086978 0.00786955 0.0179012 -0.0177104
internal_weight=7724.05 6657.51 1754.4 4903.1 1679.92 1066.55
internal_count=31093 23673 8419 15254 5191 7420
is_linear=0
shrinkage=0.05


Tree=46
num_leaves=7
num_cat=0
split_feature=34 23 24 27 9 21
split_gain=160.082 129.713 83.8849 97.6169 79.2358 69.7761
threshold=5507.9051388888902 12.99467867376177 14.500000000000002 2.5000000000000004 12.500000000000002 0.24332721976480745
decision_type=8 8 10 2 10 8
left_child=1 2 -1 -4 5 -2
right_child=4 -3 3 -5 -6 -7
leaf_value=-0.017615462119416659 0.017226562502982535 0.048377811108806061 0.0028754016881110504 0.060298938726106921 0.039652447056508465 -0.025521911236995567
leaf_weight=500.4377306252718 103.21714498847723 149.02594386041164 5940.7423295304179 69.962027966976166 52.243199065327644 900.47134750336409
leaf_count=2514 598 215 20793 35 308 6528
internal_value=0.00015401 0.00302535 0.001951 0.00359335 -0.0178855 -0.0210622
internal_weight=7716.1 6660.17 6511.14 6010.7 1055.93 1003.69
internal_count=30991 23557 23342 20828 7434 7126
is_linear=0
shrinkage=0.05


Tree=47
num_leaves=7
num_cat=0
split_feature=30 12 24 21 4 25
split_gain=131.257 116.594 121.845 171.285 112.15 127.829
threshold=2.5000000000000004 3928.5000000000005 28.500000000000004 0.40633355614973271 44497.000000000007 0.52225760792639786
decision_type=2 8 10 8 10 10
left_child=1 2 3 -1 5 -3
right_child=-2 4 -4 -5 -6 -7
leaf_value=0.010277489689156729 0.017192491227266928 0.083337767943049021 -0.00084133807268316663 -0.029663900464100491 0.0015077499680428764 0.0037048639320235014
leaf_weight=375.56279517710209 959.21151149272919 111.59322720766068 4898.8774366676807 917.73311851918697 319.86918994784355 89.612220034003258
leaf_count=1874 1656 384 19416 6139 1233 312
internal_value=-5.89111e-05 -0.00253481 -0.00445146 -0.0180703 0.0200674 0.0488209
internal_weight=7672.46 6713.25 6192.17 1293.3 521.075 201.205
internal_count=31014 29358 27429 8013 1929 696
is_linear=0
shrinkage=0.05


Tree=48
num_leaves=7
num_cat=0
split_feature=28 35 21 10 16 36
split_gain=155.222 136.105 90.7842 97.9359 94.6051 101.366
threshold=2.5000000000000004 15925.140833333337 0.6002056202878685 188.50000000000003 728.50000000000011 335.4570833333334
decision_type=2 10 10 8 10 10
left_child=1 2 3 -1 5 -4
right_child=-2 -3 4 -5 -6 -7
leaf_value=0.0016182630978485932 0.041811180131620426 -0.046074147422280179 -0.027727667314318263 0.031122060685649867 0.011883312151432271 -0.0030931465365460938
leaf_weight=4882.3876859620214 210.18497911840677 160.68612419068813 762.51591370999813 293.51883156597614 429.08826407790184 919.03294776380062
leaf_count=19318 160 1396 3967 792 1275 4160
internal_value=-5.45908e-05 -0.00126344 -0.000244336 0.00331981 -0.00897185 -0.014313
internal_weight=7657.41 7447.23 7286.54 5175.91 2110.64 1681.55
internal_count=31068 30908 29512 20110 9402 8127
is_linear=0
shrinkage=0.05


Tree=49
num_leaves=7
num_cat=0
split_feature=15 36 22 24 36 8
split_gain=139.726 104.102 86.8758 109.027 83.8755 177.424
threshold=1.0000000180025095e-35 5118.1291666666675 35.665644235385699 14.500000000000002 3806.3420833333334 1.5000000000000002
decision_type=8 10 8 10 10 10
left_child=-1 2 3 -2 -5 -6
right_child=1 -3 -4 4 5 -7
leaf_value=-0.022901607360765942 -0.018389485705547409 -0.01945834982687623 0.04829654669014416 0.0037188337097187603 -0.034225221272368524 0.074933191740570865
leaf_weight=621.50219589471817 552.96058500558138 530.31528731435537 101.38520120829344 5693.27405949682 51.724634155631065 108.94310508668423
leaf_count=4184 2897 3364 254 19772 328 362
internal_value=-0.000273863 0.00173898 0.00347982 0.00273352 0.00474277 0.0398189
internal_weight=7660.11 7038.6 6508.29 6406.9 5853.94 160.668
internal_count=31161 26977 23613 23359 20462 690
is_linear=0
shrinkage=0.05


Tree=50
num_leaves=7
num_cat=0
split_feature=36 21 15 27 36 8
split_gain=116.778 108.127 102.931 93.6964 82.4455 159.795
threshold=5118.1291666666675 0.06277844413982181 1.0000000180025095e-35 2.5000000000000004 3806.3420833333334 1.5000000000000002
decision_type=10 10 10 2 10 10
left_child=1 -1 -3 4 -4 -6
right_child=-2 2 3 -5 5 -7
leaf_value=0.065277239176848467 -0.021424516808621397 -0.021003266032880545 0.00048859790171693908 0.050879926681223188 -0.030090335720763101 0.069259442028924353
leaf_weight=59.973365038633347 623.31756757199764 511.48891694843769 6184.3108992129564 92.33589494228363 58.396054357290268 111.75090353190899
leaf_count=151 4097 3373 22618 50 390 373
internal_value=-0.000773294 0.00107476 0.000474929 0.00219397 0.00144707 0.0352761
internal_weight=7641.57 7018.26 6958.28 6446.79 6354.46 170.147
internal_count=31052 26955 26804 23431 23381 763
is_linear=0
shrinkage=0.05


Tree=51
num_leaves=7
num_cat=0
split_feature=0 21 10 16 16 35
split_gain=129.875 122.535 115.91 93.5074 98.5936 142.816
threshold=27.500000000000004 0.65394327894327908 2.5000000000000004 94.500000000000014 366.50000000000006 578.22166666666681
decision_type=8 10 10 10 10 8
left_child=1 2 -1 -2 5 -5
right_child=3 -3 -4 4 -6 -7
leaf_value=-0.0072926200648451723 0.023459906517856281 -0.025643604864131066 0.018803740006421502 -0.043418264397449884 0.0098027212185442057 -0.00037567408778764699
leaf_weight=2156.8452039659023 650.60677682608366 695.96413048356771 524.82506537437439 222.50477895140648 2134.5489936694503 1260.93503100425
leaf_count=10283 2588 4291 1989 394 6244 5340
internal_value=0.000290458 -0.00702945 -0.00215986 0.00608397 0.00293127 -0.0069559
internal_weight=7646.23 3377.63 2681.67 4268.6 3617.99 1483.44
internal_count=31129 16563 12272 14566 11978 5734
is_linear=0
shrinkage=0.05


Tree=52
num_leaves=7
num_cat=0
split_feature=37 23 36 4 34 20
split_gain=151.306 113.025 111.466 121.185 88.4424 108.103
threshold=0.25833333333333336 5.936436594464511 1.7748611111111112 202207.00000000003 4314.255694444445 0.58849735919042068
decision_type=2 8 10 10 10 10
left_child=-1 2 3 4 -2 -6
right_child=1 -3 -4 -5 5 -7
leaf_value=-0.016995226856901267 -0.025538462105231297 0.0271815595025269 0.0040408325331980173 0.071831754275102161 0.054366592866832091 -0.045950404353372915
leaf_weight=1097.3576215356588 724.18343498557806 446.26364849507809 5131.6317636370659 33.407106712460518 75.670164413750172 35.757639676332474
leaf_count=6796 4374 1611 17419 141 460 305
internal_value=0.000124126 0.003049 0.00123314 -0.0152748 -0.0191638 0.0215836
internal_weight=7544.27 6446.91 6000.65 869.018 835.611 111.428
internal_count=31106 24310 22699 5280 5139 765
is_linear=0
shrinkage=0.05


Tree=53
num_leaves=7
num_cat=0
split_feature=35 27 37 24 23 23
split_gain=103.751 98.666 79.7308 85.1225 97.0168 84.3555
threshold=15925.140833333337 2.5000000000000004 0.93933823529411775 872.50000000000011 0.54311328032006434 5.6123587603356873
decision_type=10 2 2 8 10 10
left_child=1 2 3 5 -5 -1
right_child=-2 -3 -4 4 -6 -7
leaf_value=-0.0038200684773203788 -0.040299486749764309 0.05020474684358818 0.058763873742971387 0.044758539279874811 0.0045497945856472367 0.018092549576491979
leaf_weight=6098.8305555507541 152.40307668596506 94.39005946367979 52.37745974957943 200.52472352981567 560.56245176494122 468.31659556180239
leaf_count=25583 1417 54 114 533 1721 1768
internal_value=-0.00012618 0.000719279 5.28534e-05 -0.000406556 0.0153666 -0.00224486
internal_weight=7627.4 7475 7380.61 7328.23 761.087 6567.15
internal_count=31190 29773 29719 29605 2254 27351
is_linear=0
shrinkage=0.05


Tree=54
num_leaves=7
num_cat=0
split_feature=35 21 4 12 4 19
split_gain=114.691 91.8817 89.9613 114.983 94.5485 85.9778
threshold=15925.140833333337 0.081574453837783556 2304.5000000000005 23.500000000000004 1075.0000000000002 1.5000000000000002
decision_type=10 10 10 10 10 10
left_child=1 -1 3 -3 5 -5
right_child=-2 2 -4 4 -6 -7
leaf_value=0.055673496090005284 -0.043800454288246041 -0.032731607216161744 0.00162807227431041 0.0034060926713563667 -0.024325168111523666 0.078470866324848731
leaf_weight=69.345369257032871 144.94879686832428 439.14605320245028 6633.4119605273008 95.29624205082655 120.65165975689888 59.147468879818916
leaf_count=223 1410 3205 24864 459 638 279
internal_value=-0.000507435 0.000367569 -0.0001919 -0.0169884 0.00827871 0.033713
internal_weight=7561.95 7417 7347.65 714.241 275.095 154.444
internal_count=31078 29668 29445 4581 1376 738
is_linear=0
shrinkage=0.05


Tree=55
num_leaves=7
num_cat=0
split_feature=22 24 27 36 19 8
split_gain=129.587 116.179 92.1867 81.0886 83.7684 121.181
threshold=35.665644235385699 14.500000000000002 2.5000000000000004 5118.1291666666675 13.500000000000002 9.5000000000000018
decision_type=8 10 2 10 10 10
left_child=1 -1 3 -3 5 -5
right_child=-2 2 -4 4 -6 -7
leaf_value=-0.018952745007725192 0.050176418977743234 0.0020665693370786296 0.057219889915338995 -0.017095381744752537 -0.042288633793744784 0.06037142624200436
leaf_weight=807.94265599548817 120.24976836889982 6099.5214216709137 67.296585097908974 246.44821769744158 211.21285312622786 58.167571492493153
leaf_count=5245 311 22158 39 1565 1429 355
internal_value=-0.000262496 -0.00110514 0.00106522 0.000451182 -0.0184868 -0.00156674
internal_weight=7610.84 7490.59 6682.65 6615.35 515.829 304.616
internal_count=31102 30791 25546 25507 3349 1920
is_linear=0
shrinkage=0.05


Tree=56
num_leaves=7
num_cat=0
split_feature=16 21 23 37 4 21
split_gain=122.123 98.235 92.1081 88.6292 97.1254 80.2303
threshold=958.50000000000011 0.6002056202878685 5.936436594464511 0.72821969696969713 110898.00000000001 0.99191937513881701
decision_type=10 10 10 2 10 10
left_child=1 2 3 -1 -5 -3
right_child=-2 5 -4 4 -6 -7
leaf_value=-0.0030267574801423141 0.018609410091834939 -0.014977025295576818 0.032466065608949081 0.0074718725360926833 0.053562139449792323 0.019600702118199212
leaf_weight=3726.5789759755135 811.48223897069693 1690.9052510559559 229.50240734219551 745.37687959522009 130.53752410411835 181.8640585616231
leaf_count=16186 2328 8311 886 2254 376 761
internal_value=0.000351337 -0.00187067 0.00189894 0.000341143 0.0146057 -0.0115759
internal_weight=7516.25 6704.77 4832 4602.49 875.914 1872.77
internal_count=31102 28774 19702 18816 2630 9072
is_linear=0
shrinkage=0.05


Tree=57
num_leaves=7
num_cat=0
split_feature=15 28 4 12 4 36
split_gain=112.327 98.5926 79.1596 61.1523 59.2625 113.595
threshold=1.0000000180025095e-35 2.5000000000000004 179896.50000000003 13.500000000000002 2364.5000000000005 133.43680555555559
decision_type=8 2 10 10 8 8
left_child=2 4 3 -1 5 -2
right_child=1 -3 -4 -5 -6 -7
leaf_value=-0.036101046439780418 0.050542633124209604 0.035740376382238266 0.055388020891949365 -0.0010683819279450905 0.0023889069581235155 -0.021277427708795545
leaf_weight=381.42743625491858 56.506939604878426 204.67604667693377 27.89852848649025 184.28585736453533 6125.5935574546456 537.83614476770163
leaf_count=2972 185 162 105 1166 23148 3478
internal_value=0.000181758 0.00197672 -0.0205985 -0.0247982 0.000922534 -0.0140845
internal_weight=7518.22 6924.61 593.612 565.713 6719.94 594.343
internal_count=31216 26973 4243 4138 26811 3663
is_linear=0
shrinkage=0.05


Tree=58
num_leaves=7
num_cat=0
split_feature=15 24 31 8 27 24
split_gain=101.179 76.5535 88.23 83.0359 103.206 117.29
threshold=164.50000000000003 14.500000000000002 1.5000000000000002 14.500000000000002 1.0000000180025095e-35 716.50000000000011
decision_type=8 10 2 10 2 10
left_child=1 -1 3 -3 5 -5
right_child=-2 2 -4 4 -6 -7
leaf_value=-0.016660427344624973 0.013020410675774492 0.0087495238707596037 -0.026234035703588395 -0.01501416207897102 0.01493130353086556 0.011594754161617305
leaf_weight=774.35275953263044 1361.7808883860707 2277.290912412107 295.60505765676498 1755.3350710198283 569.57988332211971 537.4695243537426
leaf_count=5299 3864 10432 95 8951 343 2203
internal_value=0.00070398 -0.00200533 9.59411e-05 0.00163432 -0.00403187 -0.00876496
internal_weight=7571.41 6209.63 5435.28 5139.68 2862.38 2292.8
internal_count=31187 27323 22024 21929 11497 11154
is_linear=0
shrinkage=0.05


Tree=59
num_leaves=7
num_cat=0
split_feature=27 21 12 21 23 22
split_gain=100.985 87.5472 86.0888 79.6242 92.0345 114.495
threshold=2.5000000000000004 0.06277844413982181 5565.5000000000009 0.6002056202878685 1.2306355165679366 2.4628730585351959
decision_type=2 10 10 10 10 10
left_child=1 -1 3 -3 -5 -6
right_child=-2 2 -4 4 5 -7
leaf_value=0.059519050425840582 0.055563124397902931 0.0016840633456810623 0.024188251444068162 -0.0009702189930201647 -0.039657123966624908 -0.0035443868574027079
leaf_weight=56.120326220989227 77.44820311665535 5003.4598718881607 330.33667224645615 1208.1996962055564 450.3001536950469 425.85148119926453
leaf_count=152 50 20284 958 5641 2162 1929
internal_value=0.00052994 -7.70761e-05 -0.000567724 -0.00173775 -0.00993613 -0.0222243
internal_weight=7551.72 7474.27 7418.15 7087.81 2084.35 876.152
internal_count=31176 31126 30974 30016 9732 4091
is_linear=0
shrinkage=0.05


Tree=60
num_leaves=7
num_cat=0
split_feature=37 23 34 36 36 1
split_gain=87.6441 110.838 98.4605 91.3385 71.042 63.3006
threshold=0.73385416666666681 5.0353701788701182 10765.585138888891 1.7748611111111112 17.196666666666669 7387.0000000000009
decision_type=2 10 8 8 8 10
left_child=1 2 3 -1 -5 -2
right_child=5 -3 -4 4 -6 -7
leaf_value=-0.036312397714666843 0.0082004787518623022 0.020016083572646285 -0.027169014473538575 0.027738229354972693 -0.0026205413950836495 0.050549447710591125
leaf_weight=189.66404901444912 1362.8642274364829 489.83427231013775 442.57558106631041 195.8290136307478 4763.5749291926622 89.706881314516068
leaf_count=779 4077 1899 3721 411 19960 226
internal_value=-3.25434e-05 -0.00266983 -0.00467325 -0.0027152 -0.00139505 0.0109803
internal_weight=7534.05 6081.48 5591.64 5149.07 4959.4 1452.57
internal_count=31073 26770 24871 21150 20371 4303
is_linear=0
shrinkage=0.05


Tree=61
num_leaves=7
num_cat=0
split_feature=35 37 27 24 4 25
split_gain=97.3759 74.4931 72.9893 63.217 112.719 87.9534
threshold=15925.140833333337 0.93933823529411775 2.5000000000000004 872.50000000000011 25782.500000000004 0.82314018855130489
decision_type=10 2 2 8 10 10
left_child=1 2 3 5 -5 -1
right_child=-2 -3 -4 4 -6 -7
leaf_value=0.00064677420111840082 -0.040972684420849559 0.05890057602292096 0.046638442974994622 0.041544690726882917 0.00021435127270239571 -0.019258671302697723
leaf_weight=5844.5127168744802 133.60127318650484 50.76601305603981 81.150301374495029 244.52976277470589 486.95253758132458 608.13330820202827
leaf_count=24672 1425 109 55 681 1568 2584
internal_value=0.000546098 0.00133175 0.000889262 0.000340412 0.0142191 -0.00124268
internal_weight=7449.65 7316.04 7265.28 7184.13 731.482 6452.65
internal_count=31094 29669 29560 29505 2249 27256
is_linear=0
shrinkage=0.05


Tree=62
num_leaves=7
num_cat=0
split_feature=15 23 4 12 19 24
split_gain=89.0592 74.5408 64.2987 83.6398 62.4628 58.0953
threshold=1.0000000180025095e-35 12.99467867376177 141674.50000000003 26.500000000000004 4.5000000000000009 872.50000000000011
decision_type=8 8 10 10 10 10
left_child=2 5 3 -1 -5 -2
right_child=1 -3 -4 4 -6 -7
leaf_value=-0.035280580444413255 -0.0014166111204436118 0.031000756196523288 0.033080871813778466 0.035529347751531097 -0.031856412679332285 0.013213750043788051
leaf_weight=405.81207971274853 5931.2673420161009 198.13295442610979 49.818452507257462 83.9636005833745 51.328255534172058 761.10232868790627
leaf_count=3253 24075 606 189 518 292 2260
internal_value=-0.000441181 0.00116177 -0.0189854 -0.0240381 0.00973971 0.000255877
internal_weight=7481.43 6890.5 590.922 541.104 135.292 6692.37
internal_count=31193 26941 4252 4063 810 26335
is_linear=0
shrinkage=0.05


Tree=63
num_leaves=7
num_cat=0
split_feature=14 9 12 30 31 40
split_gain=112.087 75.8391 92.8731 112.578 106.403 82.0845
threshold=1.0000000180025095e-35 1386.0000000000002 74.500000000000014 4.5000000000000009 1.5000000000000002 10.500000000000002
decision_type=8 8 10 2 2 2
left_child=-1 2 3 4 5 -2
right_child=1 -3 -4 -5 -6 -7
leaf_value=-0.012691160449384151 0.040965807505200236 0.047019295112211576 -0.0041050821324785432 0.045258142950609676 -0.036377798796341988 0.0056504509221274972
leaf_weight=1451.3623163923621 171.70441436767578 90.270391121506691 3020.0778884068131 188.36785879731178 137.20871134102345 2441.2222813144326
leaf_count=8478 52 191 10606 273 43 11376
internal_value=-0.000237468 0.00275869 0.00204929 0.00837075 0.00576663 0.00804495
internal_weight=7500.21 6048.85 5958.58 2938.5 2750.14 2612.93
internal_count=31019 22541 22350 11744 11471 11428
is_linear=0
shrinkage=0.05


Tree=64
num_leaves=7
num_cat=0
split_feature=27 37 8 4 21 21
split_gain=88.6467 85.5883 62.7147 135.037 156.905 152.109
threshold=1.5000000000000002 0.25833333333333336 14.500000000000002 84834.000000000015 0.66679487179487185 0.34908970539556444
decision_type=2 2 10 10 10 8
left_child=1 -1 3 4 5 -3
right_child=-2 2 -4 -5 -6 -7
leaf_value=-0.013527092779355763 0.029914955654346282 -0.005976657974825118 -0.001918567036070356 0.034519682714966825 -0.028485550004663043 0.025638886289577119
leaf_weight=1047.5420133396983 245.35204005986452 772.27598647028208 3917.3589603230357 404.60629971325397 325.13586077094078 741.92976631224155
leaf_count=6816 155 3390 14215 1585 1893 3079
internal_value=0.000665814 -0.00034972 0.00189984 0.00855525 0.00276567 0.00954771
internal_weight=7454.2 7208.85 6161.31 2243.95 1839.34 1514.21
internal_count=31133 30978 24162 9947 8362 6469
is_linear=0
shrinkage=0.05


Tree=65
num_leaves=7
num_cat=0
split_feature=4 30 12 4 37 35
split_gain=74.3331 85.1954 87.191 106.629 77.6252 121.488
threshold=2183.5000000000005 2.5000000000000004 25.500000000000004 1075.0000000000002 0.73385416666666681 3563.5772222222226
decision_type=8 2 10 10 2 10
left_child=1 2 -1 -4 -2 -6
right_child=4 -3 3 -5 5 -7
leaf_value=-0.034224422653228476 -0.0009234517707602662 0.046627179928012435 0.030071935194156404 -0.033828650631811563 0.0084209395791870877 0.068587580493780484
leaf_weight=405.57648315280676 5444.3071186318994 47.11690117418766 148.0404554605484 108.88010492175817 1262.2733976989985 85.0932287722826
leaf_count=3265 22686 62 776 600 3453 376
internal_value=0.000126144 -0.0152136 -0.0199281 0.00286275 0.0017389 0.0124603
internal_weight=7501.29 709.614 662.497 256.921 6791.67 1347.37
internal_count=31218 4703 4641 1376 26515 3829
is_linear=0
shrinkage=0.05


Tree=66
num_leaves=7
num_cat=0
split_feature=14 29 20 38 12 36
split_gain=87.7723 102.21 84.2583 134.552 68.9366 63.4875
threshold=19.500000000000004 1.5000000000000002 0.054366895499618616 1.0000000180025095e-35 5565.5000000000009 9504.3365277777793
decision_type=10 2 10 2 10 10
left_child=5 2 3 -2 -4 -1
right_child=1 -3 4 -5 -6 -7
leaf_value=-0.0033628277490025992 0.0056721914627013079 0.028142287767966068 -0.0042918848358837495 0.061315894194363896 0.033126468184058684 -0.041421485953776656
leaf_weight=4227.2476708590984 435.55780576169491 464.84869742393494 1932.6750473380089 140.29331719875336 126.45380271971226 107.55883920937777
leaf_count=19998 1939 586 7148 121 376 988
internal_value=0.00023845 0.00665694 0.00282049 0.0196397 -0.0019193 -0.00435381
internal_weight=7434.64 3099.83 2634.98 575.851 2059.13 4334.81
internal_count=31156 10170 9584 2060 7524 20986
is_linear=0
shrinkage=0.05


Tree=67
num_leaves=7
num_cat=0
split_feature=36 8 8 36 8 36
split_gain=67.5096 67.2409 112.231 65.2552 131.529 93.8324
threshold=5118.1291666666675 20.500000000000004 8.5000000000000018 3806.3420833333334 1.5000000000000002 3513.7331944444445
decision_type=10 10 10 10 10 10
left_child=3 2 -2 5 -5 -1
right_child=1 -3 -4 4 -6 -7
leaf_value=0.0022310301280707638 -0.015242055942134345 -0.037869845803925745 0.057566008474126767 -0.020776617501291835 0.061438460865302004 -0.036010405784971382
leaf_weight=6494.4556870684028 292.85290832817554 209.71432374417782 59.374414972960949 75.796573989093304 121.47975117713213 159.47243931144476
leaf_count=24760 2114 1541 385 514 416 1325
internal_value=0.000768992 -0.0158135 -0.00233496 0.00213964 0.0301174 0.00128816
internal_weight=7413.15 561.942 352.227 6851.2 197.276 6653.93
internal_count=31055 4040 2499 27015 930 26085
is_linear=0
shrinkage=0.05


Tree=68
num_leaves=7
num_cat=0
split_feature=37 22 24 11 19 4
split_gain=74.09 71.5275 92.5103 80.328 74.193 163.144
threshold=0.94281045751633996 35.665644235385699 14.500000000000002 206.50000000000003 10.500000000000002 61089.000000000007
decision_type=2 8 10 10 10 10
left_child=1 2 -1 4 5 -4
right_child=-2 -3 3 -5 -6 -7
leaf_value=-0.017653150778255234 0.058660683748968302 0.03896360426515276 -0.0033089207575420793 0.014482950407303859 -0.006516912452756091 0.02462106634348547
leaf_weight=745.26891610771418 48.464801736176014 108.56512235850096 1742.0867558866739 926.28134656697512 3110.3972100615501 741.46712756156921
leaf_count=5232 113 307 8216 2905 11600 2675
internal_value=1.33764e-05 -0.00041156 -0.00102632 0.000886218 -0.00137614 0.00506232
internal_weight=7422.53 7374.07 7265.5 6520.23 5593.95 2483.55
internal_count=31048 30935 30628 25396 22491 10891
is_linear=0
shrinkage=0.05


Tree=69
num_leaves=7
num_cat=0
split_feature=18 12 36 23 36 36
split_gain=82.2943 86.3541 74.4786 70.6338 66.1576 84.6727
threshold=30.500000000000004 11.500000000000002 1.7748611111111112 0.66745218915352 9504.3365277777793 7084.3868055555567
decision_type=8 10 8 10 10 10
left_child=2 -2 -1 -3 5 -4
right_child=1 3 4 -5 -6 -7
leaf_value=-0.032579488947550299 0.033246328830727485 0.032990095381664149 -0.0012375501393997134 -0.0069336480524264362 -0.037029308739756475 0.047458724506280782
leaf_weight=190.8195132240653 345.4571365788579 138.47593940794468 5994.5599872730672 481.54701649397612 121.62543868273497 85.616046614944935
leaf_count=797 927 351 25970 1371 1110 472
internal_value=-0.00016048 0.0134069 -0.00221845 0.0021755 -0.00125879 -0.000513417
internal_weight=7358.1 965.48 6392.62 620.023 6201.8 6080.18
internal_count=30998 2649 28349 1722 27552 26442
is_linear=0
shrinkage=0.05


Tree=70
num_leaves=7
num_cat=0
split_feature=21 28 24 8 0 31
split_gain=78.5999 74.3787 80.7635 61.9595 113.69 108.572
threshold=0.06277844413982181 2.5000000000000004 14.500000000000002 12.500000000000002 88.500000000000014 1.5000000000000002
decision_type=10 2 10 10 10 2
left_child=-1 2 -2 4 5 -4
right_child=1 -3 3 -5 -6 -7
leaf_value=0.055947997081635337 -0.016212022925242521 0.032764113464795484 0.0066077285515892901 -0.0027741092117704392 0.045200828885705729 -0.048455388451570582
leaf_weight=57.928931497037411 767.49677091091871 162.50794274359941 2024.5613649338484 4104.560788564384 178.81954758614302 88.686028093099594
leaf_count=153 5409 155 9691 15052 532 28
internal_value=0.000306498 -0.000171294 -0.000940716 0.000902836 0.0074791 0.00418799
internal_weight=7384.56 7326.63 7164.12 6396.63 2292.07 2113.25
internal_count=31020 30867 30712 25303 10251 9719
is_linear=0
shrinkage=0.05


Tree=71
num_leaves=7
num_cat=0
split_feature=22 34 4 19 35 20
split_gain=81.2193 70.7655 62.5744 66.9074 72.7535 66.6638
threshold=35.665644235385699 10765.585138888891 138948.50000000003 4.5000000000000009 11481.93652777778 0.61034790365744884
decision_type=8 8 10 10 10 10
left_child=1 -1 3 4 5 -3
right_child=-2 2 -4 -5 -6 -7
leaf_value=0.00073912887595050866 0.041729553092875453 0.034166097735939392 0.04046415735632692 -0.036036104473570481 -0.050160411567078705 -0.04415712276659773
leaf_weight=6730.1602702215314 109.60837225615978 121.47253707796335 38.479616209864616 325.47060117870569 47.756291750818491 30.00383598357439
leaf_count=26264 312 863 210 2709 560 299
internal_value=-3.50532e-05 -0.000690873 -0.0176358 -0.0222384 0.000632255 0.0177369
internal_weight=7402.95 7293.34 563.183 524.703 199.233 151.476
internal_count=31217 30905 4641 4431 1722 1162
is_linear=0
shrinkage=0.05


Tree=72
num_leaves=7
num_cat=0
split_feature=21 14 12 36 36 37
split_gain=74.341 75.5556 78.541 100.043 109.02 85.179
threshold=0.06277844413982181 1.0000000180025095e-35 74.500000000000014 1.7748611111111112 211.38513888888892 0.8320512820512822
decision_type=10 10 10 8 8 2
left_child=-1 -2 3 -3 5 -5
right_child=1 2 -4 4 -6 -7
leaf_value=0.053556652079964573 -0.010731753239242227 -0.03340121347927235 -0.0034270205530949889 0.044083149604956767 0.0049590975383768231 0.0047794940395377589
leaf_weight=59.683674119412899 1394.6552250683308 133.696972027421 3039.040726006031 360.85526141524315 2172.5052792057395 223.33681754022837
leaf_count=160 8371 567 10753 874 9613 683
internal_value=0.00018903 -0.000282101 0.00218272 0.00807669 0.0101452 0.0292254
internal_weight=7383.77 7324.09 5929.44 2890.39 2756.7 584.192
internal_count=31021 30861 22490 11737 11170 1557
is_linear=0
shrinkage=0.05


Tree=73
num_leaves=7
num_cat=0
split_feature=21 23 23 38 31 0
split_gain=70.0005 82.6011 81.2366 80.4641 128.329 80.4334
threshold=0.6002056202878685 1.1977845800728264 2.5905326821396195 1.0000000180025095e-35 1.5000000000000002 27.500000000000004
decision_type=8 10 10 2 2 10
left_child=3 -2 -3 -1 -5 -4
right_child=1 2 5 4 -6 -7
leaf_value=-0.00037410227272993045 0.0013621118458944919 -0.030031797552792613 -0.031434998798989436 0.021849625216672885 -0.015322554599635796 0.016199194828488028
leaf_weight=3826.0437344163656 1204.1034752503037 576.84296345710754 130.69999584555626 1061.8020931184292 292.89217509329319 250.44586434960365
leaf_count=19856 5618 2773 875 951 98 848
internal_value=0.000184679 -0.0073622 -0.018278 0.0033383 0.013786 -0.000330735
internal_weight=7342.83 2162.09 957.989 5180.74 1354.69 381.146
internal_count=31019 10114 4496 20905 1049 1723
is_linear=0
shrinkage=0.05


Tree=74
num_leaves=7
num_cat=0
split_feature=38 20 7 2 23 4
split_gain=80.7224 108.078 73.1455 70.0454 65.1678 64.7165
threshold=1.0000000180025095e-35 0.087001221801710535 47.500000000000007 9915.5000000000018 0.92556524858230094 2039.5000000000002
decision_type=2 10 10 10 10 10
left_child=5 -2 3 4 -3 -1
right_child=1 2 -4 -5 -6 -7
leaf_value=-0.018898122475513014 0.024601070567844746 -0.018007585139433551 0.019884468787582057 -0.025025463456374054 0.015977008601614957 -0.00080449840814758502
leaf_weight=545.68470042198896 715.21931970864534 219.34643077850342 344.41671231389046 335.2278705239296 375.34155777841806 4823.5161589980125
leaf_count=4422 566 237 231 305 330 24998
internal_value=0.000529229 0.00911912 0.000367683 -0.00692851 0.0033964 -0.00265927
internal_weight=7358.75 1989.55 1274.33 929.916 594.688 5369.2
internal_count=31089 1669 1103 872 567 29420
is_linear=0
shrinkage=0.05


Tree=75
num_leaves=7
num_cat=0
split_feature=4 8 25 21 35 37
split_gain=65.4868 79.6168 84.4677 125.685 107.855 91.0675
threshold=2183.5000000000005 12.500000000000002 0.79455277033840077 0.66679487179487185 8988.4988888888893 0.25833333333333336
decision_type=10 10 10 10 8 2
left_child=-1 2 3 5 -4 -2
right_child=1 -3 4 -5 -6 -7
leaf_value=-0.015705173982691941 -0.00094321219847284083 -0.0034000664057380553 -0.022832258693232927 -0.0099146094166684112 0.049782061153388062 0.02650460555442842
leaf_weight=659.67120606079698 412.38033930957317 4216.2360887005925 354.99895562231541 486.86964644491673 54.807076320052147 1122.5673995986581
leaf_count=4704 2335 15261 1513 2956 303 4030
internal_value=-0.000740944 0.000754653 0.00795079 0.0121448 -0.0126379 0.0191513
internal_weight=7307.53 6647.86 2431.62 2021.82 409.806 1534.95
internal_count=31102 26398 11137 9321 1816 6365
is_linear=0
shrinkage=0.05


Tree=76
num_leaves=7
num_cat=0
split_feature=35 15 8 20 40 8
split_gain=62.6825 55.9402 68.1836 89.544 85.1886 65.5296
threshold=15925.140833333337 143.50000000000003 14.500000000000002 0.21227242634889112 13.500000000000002 1.0000000180025095e-35
decision_type=10 8 10 10 2 10
left_child=1 2 5 -4 -5 -1
right_child=-2 -3 3 4 -6 -7
leaf_value=-0.0053196795788919542 -0.036784017446452801 0.0085265014095424977 -0.0015561040206301868 -0.058863040006473612 -0.014311417276211685 0.010015203195883544
leaf_weight=1228.9527650251985 111.89582568779588 1551.1962125152349 1965.1096913293004 120.41412246227264 791.32857363671064 1596.1764293499291
leaf_count=6468 1401 4504 7428 38 4338 7019
internal_value=-0.000461821 0.00012348 -0.00216799 -0.00758004 -0.0204843 0.0033468
internal_weight=7365.07 7253.18 5701.98 2876.85 911.743 2825.13
internal_count=31196 29795 25291 11804 4376 13487
is_linear=0
shrinkage=0.05


Tree=77
num_leaves=7
num_cat=0
split_feature=27 12 16 8 4 12
split_gain=56.7014 52.0714 137.566 96.25 85.5975 74.1085
threshold=2.5000000000000004 3928.5000000000005 22.500000000000004 87.500000000000014 25019.500000000004 713.50000000000011
decision_type=2 8 10 10 10 10
left_child=1 5 -3 4 -4 -1
right_child=-2 2 3 -5 -6 -7
leaf_value=-0.00042427973426953629 0.043498545615060807 0.073361528532485662 0.043005799714034051 0.027402737340588953 -0.028434155487632118 -0.015565141120770058
leaf_weight=5752.038118891418 66.321149811148643 76.292312994599342 46.190499573945999 223.41661638766527 234.6376336067915 935.35048884153366
leaf_count=25825 51 263 141 614 1066 2994
internal_value=-0.00086744 -0.00130191 0.0129976 0.00323388 -0.016137 -0.00255205
internal_weight=7334.25 7267.93 580.537 504.245 280.828 6687.39
internal_count=30954 30903 2084 1821 1207 28819
is_linear=0
shrinkage=0.05


Tree=78
num_leaves=7
num_cat=0
split_feature=35 21 27 36 37 36
split_gain=59.1861 62.2756 49.0106 48.8765 48.2905 46.7854
threshold=15925.140833333337 0.06277844413982181 2.5000000000000004 1.7748611111111112 0.53229166666666672 5.0402777777777787
decision_type=10 10 2 8 2 8
left_child=1 -1 3 4 -3 -5
right_child=-2 2 -4 5 -6 -7
leaf_value=0.052625371522019071 -0.036298522003805948 -0.038568444357654094 0.042323393649568539 0.032777350854670158 0.01462891737113798 -0.00031290005954500626
leaf_weight=51.408527061343193 107.21374092251062 150.65756220370531 62.389349531382322 103.52193251997232 55.701368555426598 6804.7219863273203
leaf_count=125 1384 671 51 288 163 28288
internal_value=-0.000264515 0.000294673 -0.000116546 -0.000518172 -0.0242028 0.000206314
internal_weight=7335.61 7228.4 7176.99 7114.6 206.359 6908.24
internal_count=30970 29586 29461 29410 834 28576
is_linear=0
shrinkage=0.05


Tree=79
num_leaves=7
num_cat=0
split_feature=27 21 11 25 23 37
split_gain=69.4564 63.8134 99.2516 71.3542 72.0363 75.3397
threshold=2.5000000000000004 0.6002056202878685 188.50000000000003 0.26386813186813191 1.1136425435219395 0.8062108810784786
decision_type=2 10 8 10 10 2
left_child=1 2 -1 -3 5 -5
right_child=-2 3 -4 4 -6 -7
leaf_value=0.0011145248390354891 0.052019183411801687 0.0029423327985429876 0.026232684664168213 -0.011444748654774376 -0.02969041117060179 0.0361546102017999
leaf_weight=4779.6824250929058 60.258308731019497 961.77235303074121 423.59594724327326 561.43994159251451 498.582633420825 92.490114122629166
leaf_count=19727 53 4274 1248 2927 2495 341
internal_value=0.000664448 0.000206323 0.0031826 -0.00710856 -0.0154725 -0.00448916
internal_weight=7377.82 7317.56 5203.28 2114.29 1152.51 653.93
internal_count=31065 31012 20975 10037 5763 3268
is_linear=0
shrinkage=0.05


Tree=80
num_leaves=7
num_cat=0
split_feature=36 36 8 36 8 36
split_gain=48.7128 65.8215 117.029 72.174 61.68 99.3327
threshold=5118.1291666666675 3806.3420833333334 1.5000000000000002 3634.8136111111112 19.500000000000004 9504.3365277777793
decision_type=10 10 10 10 10 10
left_child=1 3 -3 -1 5 -2
right_child=4 2 -4 -5 -6 -7
leaf_value=0.00062986431084081571 0.015607344054912374 -0.02088860712611838 0.058557773511815431 -0.051384322127085408 -0.036133539114662855 -0.043427597650019953
leaf_weight=6415.8662907853723 242.39839848875999 70.211646974086761 120.49232682585716 62.39256788417697 201.47854406386614 95.084789216518402
leaf_count=25300 1495 514 424 746 1550 972
internal_value=-0.000220046 0.000952783 0.0295216 8.96699e-05 -0.0146077 -0.00141674
internal_weight=7207.92 6668.96 190.704 6478.26 538.962 337.483
internal_count=31001 26984 938 26046 4017 2467
is_linear=0
shrinkage=0.05


Tree=81
num_leaves=7
num_cat=0
split_feature=24 22 4 34 31 8
split_gain=53.223 97.7718 93.3697 68.7812 63.5866 59.7956
threshold=872.50000000000011 0.60686403325540295 85929.500000000015 1022.592777777778 1.5000000000000002 12.500000000000002
decision_type=8 10 10 10 2 10
left_child=4 -2 3 -3 5 -1
right_child=1 2 -4 -5 -6 -7
leaf_value=0.0046278401646407535 0.030707427196837868 -0.030970997988713295 0.038426717613997782 0.022461534670735684 -0.02232991235185465 -0.0053000224008344192
leaf_weight=2686.546968024224 355.44297769665718 238.87789262831211 90.488024041056633 75.960243478417397 364.2727667093277 3469.9326724633574
leaf_count=14004 1039 621 285 313 129 14652
internal_value=-0.000714207 0.0117567 -0.00503346 -0.0179299 -0.00217707 -0.00096749
internal_weight=7281.52 760.769 405.326 314.838 6520.75 6156.48
internal_count=31043 2258 1219 934 28785 28656
is_linear=0
shrinkage=0.05


Tree=82
num_leaves=7
num_cat=0
split_feature=35 12 37 35 12 19
split_gain=69.8375 94.4371 54.3842 67.2354 99.4872 67.8384
threshold=110.55194444444446 69.500000000000014 0.25833333333333336 9116.8369444444452 21.500000000000004 1.5000000000000002
decision_type=8 10 2 10 10 10
left_child=1 -1 -2 -4 5 -5
right_child=2 -3 3 4 -6 -7
leaf_value=0.03830340910315954 -0.01195973022603989 -0.0023012113961490021 2.998128948048935e-05 0.059239465554469253 0.085040233937243373 -0.025890717845974565
leaf_weight=271.44344170019031 949.4430471137166 295.97824916243553 5592.3263638429344 29.827071607112885 53.256203517317772 66.361757956445217
leaf_count=267 6727 327 22647 154 295 522
internal_value=0.000525728 0.0172881 -0.00090759 0.000928776 0.0334724 0.00212998
internal_weight=7258.64 567.422 6691.21 5741.77 149.445 96.1888
internal_count=30939 594 30345 23618 971 676
is_linear=0
shrinkage=0.05


Tree=83
num_leaves=7
num_cat=0
split_feature=22 24 11 12 21 23
split_gain=55.2154 68.9577 51.0459 100.324 85.916 95.7934
threshold=35.665644235385699 14.500000000000002 174.50000000000003 952.50000000000011 0.1972920063116681 0.8734317963773347
decision_type=8 10 10 10 10 10
left_child=1 -1 3 -3 5 -5
right_child=-2 2 -4 4 -6 -7
leaf_value=-0.014957209752524347 0.035039439630453299 0.0017159618567017582 0.011865631035695795 0.042889441931763 -0.042850244330874775 -0.024127149297807557
leaf_weight=695.40972946584225 108.86324059963226 4993.4561215601861 1008.1773877888918 78.516332864761353 240.93189866840839 142.49087575078011
leaf_count=5215 300 20852 3137 211 820 429
internal_value=0.000494699 -5.46949e-05 0.00155897 -0.000354855 -0.0225186 0.000103689
internal_weight=7267.85 7158.98 6463.57 5455.4 461.939 221.007
internal_count=30964 30664 25449 22312 1460 640
is_linear=0
shrinkage=0.05


Tree=84
num_leaves=7
num_cat=0
split_feature=23 34 4 21 33 20
split_gain=49.0007 67.8304 119.374 57.7247 55.5536 47.9141
threshold=5.936436594464511 10765.585138888891 138948.50000000003 0.21896970636889992 5.5000000000000009 0.0042441032121259591
decision_type=8 8 10 10 2 10
left_child=1 5 -3 -2 -5 -1
right_child=3 2 -4 4 -6 -7
leaf_value=0.019159201432110057 0.057875776959205032 -0.028010559915279551 0.070115951367124812 1.2909284048346736e-05 0.053615582907411578 -0.00064528343918867259
leaf_weight=316.54609300196171 65.368152350187302 385.45442463830113 28.918725833296776 314.20175787806511 52.12560261785984 6079.6402373053133
leaf_count=1195 199 3708 164 1413 91 24224
internal_value=0.000112484 -0.000927929 -0.0204081 0.016349 0.00825941 0.000349037
internal_weight=7242.25 6810.56 414.373 431.696 366.327 6396.19
internal_count=30994 29291 3872 1703 1504 25419
is_linear=0
shrinkage=0.05


Tree=85
num_leaves=7
num_cat=0
split_feature=37 36 25 21 8 0
split_gain=57.5123 51.4705 52.1003 62.4139 70.7099 99.2321
threshold=0.93933823529411775 1.4283333333333335 0.18910678971654585 0.82234299516908227 14.500000000000002 63.500000000000007
decision_type=2 8 10 10 10 10
left_child=1 -1 -3 4 5 -4
right_child=-2 2 3 -5 -6 -7
leaf_value=-0.034301801844294037 0.052578402743004127 0.012118710161726385 0.0021337135470007071 -0.034093918327289516 -0.005067530792624445 0.032691660135919856
leaf_weight=105.29426006227732 46.57873759418726 797.26243667304516 2185.8261718042195 137.76743450388312 3660.214940816164 297.57038463652134
leaf_count=458 120 3288 11222 1099 13870 993
internal_value=-3.09509e-05 -0.000408388 0.00011963 -0.00141178 -0.000651768 0.00585362
internal_weight=7230.51 7183.94 7078.64 6281.38 6143.61 2483.4
internal_count=31050 30930 30472 27184 26085 12215
is_linear=0
shrinkage=0.05


Tree=86
num_leaves=7
num_cat=0
split_feature=21 0 31 16 21 10
split_gain=57.2558 58.0113 100.011 74.4662 69.6224 75.2753
threshold=0.06277844413982181 25.500000000000004 1.5000000000000002 35.500000000000007 0.64060235507246388 2.5000000000000004
decision_type=10 10 2 10 10 10
left_child=-1 2 4 -3 5 -2
right_child=1 3 -4 -5 -6 -7
leaf_value=0.049274642417364095 -0.0041153273873989578 0.028664718535760803 -0.045970526646930319 0.0015213192230245172 -0.018813061158204095 0.019172597140867411
leaf_weight=53.241193164139986 1827.0038758777082 264.65681155025959 142.62212288379669 4026.3866116665304 599.70206480100751 423.08661967515945
leaf_count=155 9533 1176 47 14028 4315 1792
internal_value=-0.00010377 -0.000498276 -0.00583647 0.00322684 -0.00375091 0.000296324
internal_weight=7336.7 7283.46 2992.41 4291.04 2849.79 2250.09
internal_count=31046 30891 15687 15204 15640 11325
is_linear=0
shrinkage=0.05


Tree=87
num_leaves=7
num_cat=0
split_feature=20 38 4 24 16 20
split_gain=47.7633 93.2301 64.8986 80.039 63.8312 94.2102
threshold=0.0042441032121259591 1.0000000180025095e-35 2364.5000000000005 3.5000000000000004 36.500000000000007 0.73653699466056455
decision_type=10 2 10 10 10 10
left_child=1 -1 3 -2 5 -4
right_child=2 -3 4 -5 -6 -7
leaf_value=-7.4374317375748474e-05 0.023694731899977811 0.05262233334182681 0.018388815771873731 -0.026325976336882963 -0.0020370216299152102 -0.035411744505294947
leaf_weight=266.96214902773499 92.440143972635269 117.41196691989899 756.92321404069662 461.47301498800516 5493.6492946818471 86.44616624340415
leaf_count=1627 552 84 3591 3627 20723 981
internal_value=-0.000546465 0.0164915 -0.00150811 -0.0178409 -6.7529e-05 0.012698
internal_weight=7275.31 384.374 6890.93 553.913 6337.02 843.369
internal_count=31185 1711 29474 4179 25295 4572
is_linear=0
shrinkage=0.05


Tree=88
num_leaves=7
num_cat=0
split_feature=27 35 24 3 8 19
split_gain=60.1478 54.0123 48.9293 79.9537 67.9335 120.358
threshold=2.5000000000000004 15925.140833333337 872.50000000000011 5143.5000000000009 21.500000000000004 60.500000000000007
decision_type=2 10 10 10 10 10
left_child=1 2 4 -4 -1 -6
right_child=-2 -3 3 -5 5 -7
leaf_value=0.0041107640200244875 0.050736726241735634 -0.036357476369711671 0.032794508483295536 -0.0006608781004179056 -0.015523551522313717 0.0037402531419860291
leaf_weight=3152.1171006299555 53.401152804493904 96.886490520089865 287.68517422676086 457.60983607172966 1668.3364466354251 1570.0216226354241
leaf_count=15298 52 1396 871 1420 7319 4790
internal_value=0.00019812 -0.000209816 0.000306095 0.0123854 -0.00111125 -0.0061927
internal_weight=7286.06 7232.66 7135.77 745.295 6390.48 3238.36
internal_count=31146 31094 29698 2291 27407 12109
is_linear=0
shrinkage=0.05


Tree=89
num_leaves=7
num_cat=0
split_feature=25 24 40 24 20 40
split_gain=61.1939 68.8326 44.4704 51.1755 43.5564 91.4997
threshold=0.22239159891598917 13.500000000000002 15.500000000000002 28.500000000000004 0.0042441032121259591 12.500000000000002
decision_type=10 10 2 8 10 2
left_child=2 -2 -1 -4 5 -3
right_child=1 4 3 -5 -6 -7
leaf_value=0.031826183013876866 -0.025589820527890925 0.067520166091046885 -0.0035722884750455635 0.024604709353910219 -0.0013442014916243451 0.0036102207551063289
leaf_weight=217.35342347621918 276.85203383862972 66.161834359169006 466.10994017124176 240.4597809240222 5666.9723012633622 265.94617804512382
leaf_count=79 2792 21 2878 1082 22773 1351
internal_value=0.00033025 -0.00144147 0.012308 0.00612242 -0.000306665 0.0171548
internal_weight=7199.86 6275.93 923.923 706.57 5999.08 332.108
internal_count=30976 26937 4039 3960 24145 1372
is_linear=0
shrinkage=0.05


Tree=90
num_leaves=7
num_cat=0
split_feature=4 12 4 19 36 12
split_gain=47.4955 102.311 127.788 76.4093 57.0339 55.9935
threshold=2183.5000000000005 25.500000000000004 1075.0000000000002 1.5000000000000002 133.43680555555559 74.500000000000014
decision_type=8 10 10 10 8 10
left_child=1 4 3 -3 -1 -2
right_child=5 2 -4 -5 -6 -7
leaf_value=0.035701620711610371 0.0059411739946003232 0.011182818983696281 -0.030905414333850079 0.082600902354001957 -0.034172278041658469 -0.0032548753458290164
leaf_weight=27.726572763174772 3330.2524371221662 96.840962823480368 102.30387011170387 58.072280660271645 361.38546727597713 3281.7229234389961
leaf_count=109 14341 507 584 278 3249 11914
internal_value=0.000109872 -0.012773 0.0115646 0.0397009 -0.0288036 0.00137789
internal_weight=7258.3 646.329 257.217 154.913 389.112 6611.98
internal_count=30982 4727 1369 785 3358 26255
is_linear=0
shrinkage=0.05


Tree=91
num_leaves=7
num_cat=0
split_feature=27 0 16 40 40 36
split_gain=55.3043 48.4943 63.645 50.7036 68.1295 55.041
threshold=2.5000000000000004 25.500000000000004 72.500000000000014 8.5000000000000018 10.500000000000002 47.087083333333339
decision_type=2 8 10 2 2 8
left_child=1 -1 -3 -4 -5 -6
right_child=-2 2 3 4 5 -7
leaf_value=-0.0057000061435870447 0.049893853238885087 0.018589254437391539 -0.028280617908313262 0.026997287039131596 -0.014202792712137742 0.0025943521649918711
leaf_weight=2950.7322393022478 49.252149026840925 540.09347602725029 144.03773546218872 238.8426696062088 587.61405614763498 2749.9752758070827
leaf_count=15805 50 2322 43 79 1965 10750
internal_value=-0.000400403 -0.000778238 0.00263311 0.000294946 0.00148368 -0.000379765
internal_weight=7260.55 7211.3 4260.56 3720.47 3576.43 3337.59
internal_count=31014 30964 15159 12837 12794 12715
is_linear=0
shrinkage=0.05


Tree=92
num_leaves=7
num_cat=0
split_feature=16 4 31 23 0 12
split_gain=40.2873 74.5089 69.5093 65.6042 50.5462 64.5896
threshold=958.50000000000011 11143.500000000002 1.5000000000000002 1.1977845800728264 135.50000000000003 788.50000000000011
decision_type=10 10 2 10 10 10
left_child=2 -2 -1 4 5 -3
right_child=1 3 -4 -5 -6 -7
leaf_value=-0.00030829750467706828 0.057413159664954097 0.024984460270169352 -0.023755447906863326 -0.0097994807432386991 0.050173945971352385 -0.028452860459285013
leaf_weight=6119.6476597674191 71.443466119468212 175.39355874061584 328.30803650617599 352.32378356903791 97.689203314483166 77.621561273932457
leaf_count=28549 186 543 109 1160 227 233
internal_value=-0.000222802 0.0105146 -0.00151963 0.00537684 0.0205467 0.00835694
internal_weight=7222.43 774.472 6447.96 703.028 350.704 253.015
internal_count=31007 2349 28658 2163 1003 776
is_linear=0
shrinkage=0.05


Tree=93
num_leaves=7
num_cat=0
split_feature=28 31 36 35 4 3
split_gain=101.632 49.7288 50.1732 121.42 77.795 64.7336
threshold=2.5000000000000004 1.5000000000000002 47.087083333333339 110.55194444444446 32445.000000000004 42235.500000000007
decision_type=2 2 8 8 10 10
left_child=1 2 4 -4 -1 -6
right_child=-2 -3 3 -5 5 -7
leaf_value=0.0064523534451729177 0.041886679300558415 -0.017363008044139885 0.054938586774817014 0.00093634319266081988 -0.032184444099608793 0.012740716665815489
leaf_weight=371.42570796608925 137.08648842200637 422.03943204879761 101.02942083030939 5702.6554130427539 408.6659329533577 96.568042159080505
leaf_count=1427 157 140 94 27393 1515 328
internal_value=1.59496e-05 -0.000821116 0.000236144 0.00192288 -0.010878 -0.023557
internal_weight=7239.47 7102.38 6680.34 5803.68 876.66 505.234
internal_count=31054 30897 30757 27487 3270 1843
is_linear=0
shrinkage=0.05


Tree=94
num_leaves=7
num_cat=0
split_feature=19 21 25 22 40 23
split_gain=52.4742 45.8766 65.7893 69.1621 64.7283 60.9298
threshold=310.50000000000006 0.6002056202878685 0.22239159891598917 1.2162453239567002 10.500000000000002 1.2306355165679366
decision_type=10 10 10 10 2 10
left_child=1 4 3 -3 -1 -4
right_child=-2 2 5 -5 -6 -7
leaf_value=0.020349574844550425 0.031843432534073061 0.025118539857050405 -0.0062228334013226519 -0.0064266689016315125 -0.00017001231537844109 -0.029125202057691729
leaf_weight=413.84967654943466 118.52129652351141 256.71861430630088 831.40132538601756 512.76689121872187 4661.4028979018331 444.43548923358321
leaf_count=139 327 1113 4205 2246 20723 2355
internal_value=-0.00046725 -0.00102703 -0.00733944 0.00419178 0.00152159 -0.0142834
internal_weight=7239.1 7120.57 2045.32 769.486 5075.25 1275.84
internal_count=31108 30781 9919 3359 20862 6560
is_linear=0
shrinkage=0.05


Tree=95
num_leaves=7
num_cat=0
split_feature=35 25 22 23 35 21
split_gain=49.6447 46.8703 96.1703 63.6784 98.5823 60.586
threshold=15925.140833333337 0.18910678971654585 1.2162453239567002 5.0353701788701182 87.317916666666676 0.6002056202878685
decision_type=10 10 10 10 8 10
left_child=1 2 -1 4 -4 -3
right_child=-2 5 3 -5 -6 -7
leaf_value=0.040454748787457806 -0.03588782338889953 0.0011400895987895079 -0.072128274672212667 0.021823509342435606 -0.0007158852443403176 -0.010755015847718045
leaf_weight=205.49279257282615 92.483431689441204 5018.7086650952697 52.136673726141453 223.71118617802858 314.11394445225596 1355.4505415968597
leaf_count=863 1393 19739 63 847 1542 6675
internal_value=-0.000446611 3.52501e-05 0.0114399 0.00107849 -0.0117161 -0.00139582
internal_weight=7262.1 7169.61 795.455 589.962 366.251 6374.16
internal_count=31122 29729 3315 2452 1605 26414
is_linear=0
shrinkage=0.05


end of trees

feature_importances:
n_dying_ch=54
ev_h_since_prev=52
ev_gap_last=48
ev_relapse_rate=42
n_rows_28d=41
act_share_7d=35
n_alarm_28d=32
rate_28d=29
n_undef_28d=28
n_bad_28d=22
ev_inc_24h=16
ev_h_since_inc=16
ev_open_ch=16
n_alarm_7d=15
n_ch_bad_28d=13
rate_7d=12
ev_inc_168h=12
act_share_1d=11
dying_share=10
ev_inc_672h=9
n_active_ch=8
ev_fail_3h=8
hour=8
ev_inc_72h=7
n_rows_7d=6
n_alarm_3d=5
n_rows_1d=4
n_undef_7d=4
n_rows_3d=3
n_undef_3d=3
n_undef_1d=2
n_bad_3d=1
n_bad_7d=1
n_alarm_1d=1
n_ch_bad_7d=1
ev_fail_168h=1

parameters:
[boosting: gbdt]
[objective: binary]
[metric: average_precision]
[tree_learner: serial]
[device_type: cpu]
[data_sample_strategy: bagging]
[data: ]
[valid: ]
[num_iterations: 2000]
[learning_rate: 0.05]
[num_leaves: 7]
[num_threads: 6]
[seed: 43]
[deterministic: 1]
[force_col_wise: 1]
[force_row_wise: 0]
[histogram_pool_size: -1]
[max_depth: -1]
[min_data_in_leaf: 200]
[min_sum_hessian_in_leaf: 0.001]
[bagging_fraction: 0.8]
[pos_bagging_fraction: 1]
[neg_bagging_fraction: 1]
[bagging_freq: 1]
[bagging_seed: 11149]
[bagging_by_query: 0]
[feature_fraction: 0.8]
[feature_fraction_bynode: 1]
[feature_fraction_seed: 21351]
[extra_trees: 0]
[extra_seed: 16806]
[early_stopping_round: 0]
[early_stopping_min_delta: 0]
[first_metric_only: 1]
[max_delta_step: 0]
[lambda_l1: 0]
[lambda_l2: 5]
[linear_lambda: 0]
[min_gain_to_split: 0]
[drop_rate: 0.1]
[max_drop: 50]
[skip_drop: 0.5]
[xgboost_dart_mode: 0]
[uniform_drop: 0]
[drop_seed: 2965]
[top_rate: 0.2]
[other_rate: 0.1]
[min_data_per_group: 100]
[max_cat_threshold: 32]
[cat_l2: 10]
[cat_smooth: 10]
[max_cat_to_onehot: 4]
[top_k: 20]
[monotone_constraints: ]
[monotone_constraints_method: basic]
[monotone_penalty: 0]
[feature_contri: ]
[forcedsplits_filename: ]
[refit_decay_rate: 0.9]
[cegb_tradeoff: 1]
[cegb_penalty_split: 0]
[cegb_penalty_feature_lazy: ]
[cegb_penalty_feature_coupled: ]
[path_smooth: 0]
[interaction_constraints: ]
[verbosity: -1]
[saved_feature_importance_type: 0]
[use_quantized_grad: 0]
[num_grad_quant_bins: 4]
[quant_train_renew_leaf: 0]
[stochastic_rounding: 1]
[linear_tree: 0]
[max_bin: 255]
[max_bin_by_feature: ]
[min_data_in_bin: 3]
[bin_construct_sample_cnt: 200000]
[data_random_seed: 179]
[is_enable_sparse: 1]
[enable_bundle: 1]
[use_missing: 1]
[zero_as_missing: 0]
[feature_pre_filter: 1]
[pre_partition: 0]
[two_round: 0]
[header: 0]
[label_column: ]
[weight_column: ]
[group_column: ]
[ignore_column: ]
[categorical_feature: ]
[forcedbins_filename: ]
[precise_float_parser: 0]
[parser_config_file: ]
[objective_seed: 26397]
[num_class: 1]
[is_unbalance: 0]
[scale_pos_weight: 1]
[sigmoid: 1]
[boost_from_average: 1]
[reg_sqrt: 0]
[alpha: 0.9]
[fair_c: 1]
[poisson_max_delta_step: 0.7]
[tweedie_variance_power: 1.5]
[lambdarank_truncation_level: 30]
[lambdarank_norm: 1]
[label_gain: ]
[lambdarank_position_bias_regularization: 0]
[eval_at: ]
[multi_error_top_k: 1]
[auc_mu_weights: ]
[num_machines: 1]
[local_listen_port: 12400]
[time_out: 120]
[machine_list_filename: ]
[machines: ]
[gpu_platform_id: -1]
[gpu_device_id: -1]
[gpu_use_dp: 0]
[num_gpu: 1]

end of parameters

pandas_categorical:[]
