tree
version=v4
num_class=1
num_tree_per_iteration=1
label_index=0
max_feature_idx=41
objective=binary sigmoid:1
feature_names=n_active_ch n_rows_1d n_rows_3d n_rows_7d n_rows_28d n_bad_1d n_bad_3d n_bad_7d n_bad_28d n_undef_1d n_undef_3d n_undef_7d n_undef_28d n_alarm_1d n_alarm_3d n_alarm_7d n_alarm_28d n_ch_bad_1d n_ch_bad_7d n_ch_bad_28d act_share_1d act_share_7d rate_7d rate_28d n_dying_ch dying_share ev_inc_6h ev_inc_24h ev_inc_72h ev_inc_168h ev_inc_672h ev_fail_3h ev_fail_24h ev_fail_168h ev_h_since_inc ev_h_since_prev ev_gap_last ev_relapse_rate ev_open_ch is_rearm hour dow
feature_infos=[0:1459] [0:200094] [0:575548] [0:1039472] [0:3446064] [0:32012] [0:32027] [0:32027] [0:32057] [0:37262] [0:71955] [0:122355] [0:165289] [0:32013] [0:32065] [0:32176] [0:33059] [0:383] [0:947] [0:1109] [0:1] [0.0054644808743169399:1] [0:52] [0:13] [0:1420] [0:1] [0:3] [0:7] [0:11] [0:18] [0:25] [0:191] [0:561] [0:1165] [1:22977.983611111111] [2.0238888888888891:28233.218888888889] [1.0238888888888888:21790.846388888887] [0.090909090909090912:0.96551724137931039] [0:195] [0:1] [0:23] [0:6]
tree_sizes=880 903 902 897 900 901 906 902 901 896 907 902 900 897 902 904 897 897 899 912 906 902 899 898 910 909 903 903 902 901 899 903 904 902 905 904 909 896 907 905 901 907 910 903 901 902 898 900 907 900 901 900 900 910 902

Tree=0
num_leaves=7
num_cat=0
split_feature=35 24 29 35 16 16
split_gain=4909.31 1041.47 736.53 496.898 306.948 249.36
threshold=1332.7075000000002 635.50000000000011 2.5000000000000004 5294.693194444445 706.50000000000011 311.50000000000006
decision_type=8 8 2 8 10 10
left_child=2 3 4 5 -1 -2
right_child=1 -3 -4 -5 -6 -7
leaf_value=-0.5133890926865432 -0.56881983338406028 -0.50430697789915313 -0.43571385982999 -0.58818984953837705 -0.47405566670292787 -0.53324034657900332
leaf_weight=1789.5520824193954 1588.9827874898911 557.7824627161026 497.82085990905762 3282.0849587917328 690.95303225517273 709.31336426734924
leaf_count=4690 6053 1994 378 13562 1699 2632
internal_value=-0.543644 -0.569199 -0.491021 -0.575714 -0.502315 -0.557841
internal_weight=9116.49 6138.16 2978.33 5580.38 2480.51 2298.3
internal_count=31008 24241 6767 22247 6389 8685
is_linear=0
shrinkage=1


Tree=1
num_leaves=7
num_cat=0
split_feature=35 30 24 37 12 38
split_gain=4429.96 955.615 475.897 365.905 241 202.571
threshold=2558.7504166666672 2.5000000000000004 102.50000000000001 0.44949494949494956 21.500000000000004 1.0000000180025095e-35
decision_type=8 2 8 2 10 2
left_child=1 3 4 -1 -2 -5
right_child=2 -3 -4 5 -6 -7
leaf_value=-0.0086762506891477596 -0.055206520274032472 0.076539480122946327 -0.0096777399049724211 0.021320395051191626 -0.027694612799358684 0.051576800964540252
leaf_weight=716.91917285323143 1918.1768070459366 1112.1271812468767 1494.4230869710445 1609.1347335278988 1390.2305949032307 849.52651259303093
leaf_count=2264 8039 1660 5977 6882 5636 699
internal_value=-0.000175337 0.0367434 -0.0331383 0.0227079 -0.0437049 0.0318582
internal_weight=9090.54 4287.71 4802.83 3175.58 3308.41 2458.66
internal_count=31157 11505 19652 9845 13675 7581
is_linear=0
shrinkage=0.05


Tree=2
num_leaves=7
num_cat=0
split_feature=35 30 24 24 16 27
split_gain=4056.58 1005.97 490.538 353.759 277.595 205.194
threshold=2818.6045833333342 2.5000000000000004 106.50000000000001 872.50000000000011 728.50000000000011 1.0000000180025095e-35
decision_type=8 2 8 10 10 2
left_child=1 3 -2 4 -1 -3
right_child=2 5 -4 -5 -6 -7
leaf_value=0.0049855045585622364 -0.044279600543850252 0.036453243588010331 -0.0082126866737239797 0.055689593461441839 0.045909593460339286 0.085795484655084256
leaf_weight=2348.4782342910767 3196.0415108501911 293.42797544598579 1340.0521381497383 556.3444599956274 498.57963764667511 857.68508523702621
leaf_count=7446 13507 1225 5368 1667 1477 409
internal_value=-0.000195778 0.033119 -0.0336455 0.0193972 0.0122201 0.0734298
internal_weight=9090.61 4554.52 4536.09 3403.4 2847.06 1151.11
internal_count=31099 12224 18875 10590 8923 1634
is_linear=0
shrinkage=0.05


Tree=3
num_leaves=7
num_cat=0
split_feature=35 24 29 16 24 16
split_gain=3675.05 780.672 535.218 299.398 267.087 258.189
threshold=1332.7075000000002 145.50000000000003 2.5000000000000004 396.50000000000006 706.50000000000011 686.50000000000011
decision_type=8 8 2 10 8 10
left_child=2 3 5 -2 -3 -1
right_child=1 4 -4 -5 -6 -7
leaf_value=0.024496714299215308 -0.038031834128522901 -0.0055298814580321699 0.090129768261789797 0.0030067289570168479 0.039173246721864584 0.059249565434378551
leaf_weight=1774.4319090843201 3879.8435832709074 1189.7062917351723 534.4225155711174 501.04920443892479 459.09721460938454 769.29975901544094
leaf_count=4611 16171 4572 373 1941 1645 1772
internal_value=0.000376679 -0.0223131 0.044787 -0.0333401 0.00699818 0.0351026
internal_weight=9107.85 6029.7 3078.15 4380.89 1648.8 2543.73
internal_count=31085 24329 6756 18112 6217 6383
is_linear=0
shrinkage=0.05


Tree=4
num_leaves=7
num_cat=0
split_feature=35 34 24 30 24 12
split_gain=3463.57 792.26 354.479 289.523 240.955 194.226
threshold=2846.2472222222227 63.217361111111117 108.50000000000001 2.5000000000000004 831.50000000000011 21.500000000000004
decision_type=8 10 10 2 10 10
left_child=1 3 5 -1 -3 -2
right_child=2 4 -4 -5 -6 -7
leaf_value=0.036192637476417322 -0.050795350736747208 0.0041009255036714111 -0.0089193971703169471 0.073758752004767544 0.042755542658292664 -0.025495453337170938
leaf_weight=1151.9521674066782 1819.5918634086847 2035.5577289611101 1279.0426432937384 949.26423083245754 498.13792143762112 1330.7313781380653
leaf_count=930 7969 8657 5162 617 2070 5608
internal_value=0.00043552 0.0306339 -0.0311631 0.0532986 0.0117699 -0.0401657
internal_weight=9064.28 4634.91 4429.37 2101.22 2533.7 3150.32
internal_count=31013 12274 18739 1547 10727 13577
is_linear=0
shrinkage=0.05


Tree=5
num_leaves=7
num_cat=0
split_feature=35 38 24 29 16 24
split_gain=3168.14 714.596 335.729 249.975 226.569 189.347
threshold=2818.6045833333342 1.0000000180025095e-35 102.50000000000001 2.5000000000000004 548.50000000000011 747.50000000000011
decision_type=8 2 8 2 10 10
left_child=1 4 -2 -3 5 -1
right_child=2 3 -4 -5 -6 -7
leaf_value=-0.005940478830721508 -0.039541857770270181 0.041457235727102346 -0.0096791783575486158 0.083460943996972667 0.033705632728827116 0.035826939500289319
leaf_weight=1462.0593156814575 3042.994739279151 1516.546921402216 1367.4191526770592 469.54578974843025 802.07679963111877 327.93753202259541
leaf_count=6247 13277 1122 5571 190 3328 1359
internal_value=-7.84963e-05 0.0290413 -0.0303046 0.0515723 0.0117117 0.00179003
internal_weight=8988.58 4578.17 4410.41 1986.09 2592.07 1790
internal_count=31094 12246 18848 1312 10934 7606
is_linear=0
shrinkage=0.05


Tree=6
num_leaves=7
num_cat=0
split_feature=35 35 37 14 16 35
split_gain=2690.28 622.093 276.613 275.765 169.763 176.327
threshold=2629.6495833333338 205.22361111111113 0.25833333333333336 1.0000000180025095e-35 325.50000000000006 1187.8637500000002
decision_type=8 10 2 8 10 10
left_child=1 -1 -3 -2 5 -4
right_child=3 2 4 -5 -6 -7
leaf_value=0.060449505921598604 -0.043888681732329453 -0.036218045680349219 0.027038189106784346 -0.01788672214988701 0.031385404748076232 -0.0079735154703610752
leaf_weight=1092.0765448659658 1561.6094138622284 222.68621154129505 660.94129182398319 2960.1137553155422 1738.582453250885 778.04289075732231
leaf_count=1017 6944 732 1962 12495 5156 2834
internal_value=0.000306471 0.0276957 0.0171027 -0.0269052 0.0208905 0.00814569
internal_weight=9014.05 4492.33 3400.25 4521.72 3177.57 1438.98
internal_count=31140 11701 10684 19439 9952 4796
is_linear=0
shrinkage=0.05


Tree=7
num_leaves=7
num_cat=0
split_feature=36 34 24 36 24 16
split_gain=2206.18 809.3 322.318 296.555 221.155 178.305
threshold=2701.1322222222229 106.64805555555557 729.50000000000011 211.38513888888892 101.50000000000001 548.50000000000011
decision_type=8 10 10 10 8 10
left_child=1 3 5 -1 -2 -3
right_child=4 2 -4 -5 -6 -7
leaf_value=0.05942124007891797 -0.041268886945828941 -0.01106966699418975 0.033778850475326187 0.023393059304342805 -0.011117080270888785 0.019514583552233001
leaf_weight=1105.9116691052914 2418.8462363183498 2258.3185704499483 669.78886635601521 1197.9759327173233 817.98024564981461 598.83533112704754
leaf_count=870 10767 9925 2755 1163 3136 2512
internal_value=-0.000606496 0.0177654 0.00269625 0.0407785 -0.0336781 -0.00463657
internal_weight=9067.66 5830.83 3526.94 2303.89 3236.83 2857.15
internal_count=31128 17225 15192 2033 13903 12437
is_linear=0
shrinkage=0.05


Tree=8
num_leaves=7
num_cat=0
split_feature=35 29 16 4 36 37
split_gain=2417.77 538.596 311.758 268.519 226.71 186.162
threshold=2665.1501388888896 2.5000000000000004 366.50000000000006 2304.5000000000005 5118.1291666666675 0.56385869565217395
decision_type=8 2 10 8 10 2
left_child=1 2 -1 -2 5 -5
right_child=3 -3 -4 4 -6 -7
leaf_value=0.0049702792005197824 -0.050018290383341074 0.070444869768854293 0.032947546844434052 -0.018606654990970025 -0.042991791933349462 0.017889018137745495
leaf_weight=2026.1084178835154 959.42815572023392 573.04268193244934 1957.0185582786798 2193.3197211921215 816.49211113154888 411.32726721465588
leaf_count=6213 4423 393 5194 9607 3570 1667
internal_value=-0.000173696 0.0253135 0.0187403 -0.0266812 -0.0200731 -0.01282
internal_weight=8936.74 4556.17 3983.13 4380.57 3421.14 2604.65
internal_count=31067 11800 11407 19267 14844 11274
is_linear=0
shrinkage=0.05


Tree=9
num_leaves=7
num_cat=0
split_feature=35 24 4 29 37 16
split_gain=2202.94 522.586 327.959 320.044 254.009 248.056
threshold=1244.207916666667 706.50000000000011 2364.5000000000005 2.5000000000000004 0.37797619047619052 706.50000000000011
decision_type=8 8 10 2 2 10
left_child=3 2 -2 5 -4 -1
right_child=1 -3 4 -5 -6 -7
leaf_value=0.016607715220879792 -0.047333090260886723 0.030713601243252821 -0.029287667285959468 0.068133489120567992 -0.0050915966757179116 0.051682268244218947
leaf_weight=1735.9150325208902 1033.1567469388247 509.51680806279182 1976.3553864508867 582.09958040714264 2402.499165430665 710.35451197624207
leaf_count=4334 4786 1752 8644 397 9600 1612
internal_value=0.0002525 -0.0174847 -0.0220466 0.0349067 -0.0160332 0.0268774
internal_weight=8949.9 5921.53 5412.01 3028.37 4378.85 2446.27
internal_count=31125 24782 23030 6343 18244 5946
is_linear=0
shrinkage=0.05


Tree=10
num_leaves=7
num_cat=0
split_feature=35 16 38 24 36 36
split_gain=2027.11 507.415 291.86 230.158 169.212 177.814
threshold=1332.7075000000002 288.50000000000006 1.0000000180025095e-35 147.50000000000003 4824.6498611111119 3317.0227777777786
decision_type=8 10 2 10 10 10
left_child=2 3 -1 -2 5 -3
right_child=1 4 -4 -5 -6 -7
leaf_value=0.014824609187547567 -0.032533020616221202 0.0080473993837652368 0.045610965860134162 -0.0034481275454393903 -0.040419047992323584 0.082905674049380512
leaf_weight=1371.6359798461199 3361.1234607845545 1290.4191177636385 1769.8958809375763 854.04204440116882 163.47743563354015 79.66509236395359
leaf_count=5630 15257 4913 1102 3327 718 228
internal_value=-5.34184e-05 -0.0176995 0.0322141 -0.0266511 0.00691183 0.0126857
internal_weight=8890.26 5748.73 3141.53 4215.17 1533.56 1370.08
internal_count=31175 24443 6732 18584 5859 5141
is_linear=0
shrinkage=0.05


Tree=11
num_leaves=7
num_cat=0
split_feature=35 30 24 24 12 36
split_gain=1790.9 460.748 240.15 229.155 214.625 123.84
threshold=2818.6045833333342 2.5000000000000004 68.500000000000014 729.50000000000011 20.500000000000004 2738.7461111111115
decision_type=8 2 8 10 10 10
left_child=1 3 4 -1 -2 -6
right_child=2 -3 -4 -5 5 -7
leaf_value=0.0050674205682419947 -0.046682476780506368 0.049424922996111648 -0.0096545249113890244 0.034300611130338124 0.0021184873773269241 -0.033072498819008839
leaf_weight=2611.8791277706623 1391.2129790335894 1116.8219885081053 1761.4469785839319 897.92464788258076 479.99852481484413 515.45697894692421
leaf_count=8135 6732 1605 7511 2481 2194 2329
internal_value=0.000143447 0.0215211 -0.0236974 0.0125844 -0.0340198 -0.016178
internal_weight=8774.74 4626.63 4148.12 3509.8 2386.67 995.456
internal_count=30987 12221 18766 10616 11255 4523
is_linear=0
shrinkage=0.05


Tree=12
num_leaves=7
num_cat=0
split_feature=36 16 28 4 4 21
split_gain=1267.73 494.074 272.401 257.544 215.803 172.607
threshold=2701.1322222222229 558.50000000000011 2.5000000000000004 151889.50000000003 41151.000000000007 0.6250428375599727
decision_type=8 10 2 8 10 10
left_child=1 2 -1 5 -3 -2
right_child=3 4 -4 -5 -6 -7
leaf_value=0.00052677718305846376 -0.021333584703542425 0.056645677834628184 0.062016533640139954 0.037783816185407146 0.020895044437509534 -0.047491707205575794
leaf_weight=3773.929007306695 1977.3408996611834 703.36529701948166 184.14394287765026 144.01244914531708 1069.6838548779488 933.86761951446533
leaf_count=12754 8831 1510 84 565 2937 4527
internal_value=-0.000562656 0.013302 0.00346214 -0.0265499 0.0351967 -0.0297917
internal_weight=8786.34 5731.12 3958.07 3055.22 1773.05 2911.21
internal_count=31208 17285 12838 13923 4447 13358
is_linear=0
shrinkage=0.05


Tree=13
num_leaves=7
num_cat=0
split_feature=35 30 24 37 12 35
split_gain=1521.38 424.927 225.614 207.038 185.472 165.76
threshold=2892.4106944444452 2.5000000000000004 102.50000000000001 0.44949494949494956 20.500000000000004 205.22361111111113
decision_type=8 2 8 2 10 10
left_child=1 3 4 -1 -2 -3
right_child=2 5 -4 -5 -6 -7
leaf_value=-0.010810914729618733 -0.041707114552367953 0.0586822568014011 -0.0050923373589291197 0.01772061641815174 -0.015236688604501834 0.018532188485547878
leaf_weight=831.44512002170086 1551.7290675342083 791.58320890367031 1305.2766340970993 2658.7603929489851 1166.1281349956989 388.71830508112907
leaf_count=2576 7757 694 5454 8065 5400 947
internal_value=0.000317215 0.0197203 -0.0222046 0.010918 -0.0303985 0.0455933
internal_weight=8693.64 4670.51 4023.13 3490.21 2717.86 1180.3
internal_count=30893 12282 18611 10641 13157 1641
is_linear=0
shrinkage=0.05


Tree=14
num_leaves=7
num_cat=0
split_feature=35 38 24 12 28 18
split_gain=1263.24 335.892 238.591 173.516 159.294 163.563
threshold=2665.1501388888896 1.0000000180025095e-35 108.50000000000001 21.500000000000004 2.5000000000000004 29.500000000000004
decision_type=8 2 8 10 2 10
left_child=1 -1 3 -2 5 -3
right_child=2 4 -4 -5 -6 -7
leaf_value=0.0061071732575485229 -0.03906284563552348 0.018699023542147915 -0.0024765334654310929 -0.013909424235665572 0.066378482491622051 0.055336565670378472
leaf_weight=2537.6519696116447 1585.7104789316654 1312.994786337018 1332.8885428309441 1219.4689620137215 308.1121864169836 395.90816211700439
leaf_count=10563 8058 1031 5460 5713 117 182
internal_value=7.58545e-05 0.0182343 -0.0199086 -0.0281723 0.0334389 0.0273237
internal_weight=8692.74 4554.67 4138.07 2805.18 2017.02 1708.9
internal_count=31124 11893 19231 13771 1330 1213
is_linear=0
shrinkage=0.05


Tree=15
num_leaves=7
num_cat=0
split_feature=35 16 2 23 38 3
split_gain=1191.82 355.284 231.209 200.547 173.169 167.972
threshold=1501.2641666666671 288.50000000000006 3761.5000000000005 1.5825191150864963 1.0000000180025095e-35 626.50000000000011
decision_type=8 8 10 10 2 10
left_child=2 5 4 -4 -1 -2
right_child=1 -3 3 -5 -6 -7
leaf_value=0.019446994399152179 -0.039841043497113787 0.0062868122382330627 -0.0017601176161408365 0.032512760819568741 0.053790475197292145 -0.016598369922152877
leaf_weight=707.91641879081726 1083.9852322041988 1389.8161892741919 1150.2096889019012 673.23085896670818 777.31337857246399 2772.734037488699
leaf_count=2904 5400 5454 2834 1226 572 12785
internal_value=-0.000556094 -0.0153714 0.0229241 0.010948 0.0375413 -0.0231742
internal_weight=8555.21 5246.54 3308.67 1823.44 1485.23 3856.72
internal_count=31175 23639 7536 4060 3476 18185
is_linear=0
shrinkage=0.05


Tree=16
num_leaves=7
num_cat=0
split_feature=35 16 35 36 36 21
split_gain=1152.56 473.523 216.481 150.734 178.207 146.24
threshold=1232.9004166666668 288.50000000000006 110.55194444444446 4824.6498611111119 3359.7033333333338 0.52539302382706965
decision_type=8 8 10 10 10 10
left_child=2 5 -1 4 -3 -2
right_child=1 3 -4 -5 -6 -7
leaf_value=0.046456581035228456 -0.014204303779667735 0.010595097118631613 0.01666100769432759 -0.037047381352529822 0.090528352130479273 -0.033574361501582398
leaf_weight=860.95320384204388 2359.6176963150501 1402.0529174655676 2096.3679064065218 151.34258203208447 68.548547998070717 1671.5889143049717
leaf_count=614 10437 5211 5589 684 204 8267
internal_value=0.000131855 -0.0130969 0.025399 0.00969548 0.0146151 -0.022268
internal_weight=8610.47 5653.15 2957.32 1621.94 1470.6 4031.21
internal_count=31006 24803 6203 6099 5415 18704
is_linear=0
shrinkage=0.05


Tree=17
num_leaves=7
num_cat=0
split_feature=35 16 16 23 28 4
split_gain=968.973 317.077 195.871 179.814 175.018 162.569
threshold=1309.4962500000004 288.50000000000006 686.50000000000011 0.59422853758702432 2.5000000000000004 41151.000000000007
decision_type=8 8 10 10 2 10
left_child=2 -2 3 -1 -5 -4
right_child=1 -3 5 4 -6 -7
leaf_value=0.044775957444349104 -0.02042079131254558 0.0062174740847605291 0.061704316360467984 0.00099936433934365797 0.054857281718583423 0.021363497492038239
leaf_weight=366.68351523578167 3921.3706847131252 1558.5864497125149 467.30901800096035 1524.7520365267992 162.42880296707153 547.6643317937851
leaf_count=846 18578 5943 771 3775 78 1122
internal_value=-0.000251553 -0.0128457 0.0222218 0.0132869 0.00633116 0.0401484
internal_weight=8548.79 5479.96 3068.84 2053.86 1687.18 1014.97
internal_count=31113 24521 6592 4699 3853 1893
is_linear=0
shrinkage=0.05


Tree=18
num_leaves=7
num_cat=0
split_feature=35 16 21 22 28 38
split_gain=963.6 301.833 200.362 210.524 165.826 160.239
threshold=2846.2472222222227 558.50000000000011 0.48758930771125897 0.9388541821153974 2.5000000000000004 1.0000000180025095e-35
decision_type=8 10 10 8 2 2
left_child=1 4 3 -2 -1 -3
right_child=2 5 -4 -5 -6 -7
leaf_value=0.0035141111654467465 -0.021428661249894912 0.01743114285507813 -0.029367391155580503 0.011555816580838521 0.054709398549054461 0.049305205994291494
leaf_weight=2867.8394898176193 1078.5224660336971 806.53190560638905 1958.7173294872046 869.60136154294014 162.47476689517498 782.72212006151676
leaf_count=8425 5114 3256 9854 3846 75 515
internal_value=0.000171331 0.0156215 -0.018094 -0.0067132 0.00634462 0.0332348
internal_weight=8526.41 4619.57 3906.84 1948.12 3030.31 1589.25
internal_count=31085 12271 18814 8960 8500 3771
is_linear=0
shrinkage=0.05


Tree=19
num_leaves=7
num_cat=0
split_feature=35 27 35 21 25 4
split_gain=917.818 273.714 175.698 174.958 202.089 139.437
threshold=2818.6045833333342 1.0000000180025095e-35 14711.324027777779 0.46963109354413707 0.51067083089335685 2448.5000000000005
decision_type=8 2 10 10 10 10
left_child=1 -1 3 4 -2 -5
right_child=2 -3 -4 5 -6 -7
leaf_value=0.0048537623325861194 0.046315873789134709 0.029689887394881282 -0.05530153143362674 -0.052831331937196802 -0.0093544248150243051 -0.018623323685760702
leaf_weight=2711.6914037168026 176.87842613458633 1875.2311514765024 287.83577753603458 373.26417815685272 1569.0038054138422 1461.7183344215155
leaf_count=11307 759 915 1620 2145 7217 7164
internal_value=-9.26237e-05 0.0150286 -0.0180173 -0.0149474 -0.00359821 -0.0257064
internal_weight=8455.62 4586.92 3868.7 3580.86 1745.88 1834.98
internal_count=31127 12222 18905 17285 7976 9309
is_linear=0
shrinkage=0.05


Tree=20
num_leaves=7
num_cat=0
split_feature=38 37 34 37 7 24
split_gain=770.712 388.562 283.539 227.891 155.705 148.663
threshold=1.0000000180025095e-35 0.25833333333333336 6445.748611111112 0.37797619047619052 43.500000000000007 747.50000000000011
decision_type=2 2 8 2 10 10
left_child=1 -1 5 -2 -5 -3
right_child=3 2 -4 4 -6 -7
leaf_value=-0.033296797745634585 -0.0105535799489535 -0.0011997998257684771 -0.027884505936247042 0.022932610909164031 0.054415399955121804 0.023563092321415707
leaf_weight=1265.5827741771936 376.84290291368961 3281.7579497247934 880.18390497565269 1428.2541181445122 545.63449403643608 738.26825298368931
leaf_count=6686 282 14971 4782 1091 294 2993
internal_value=0.000631629 -0.00865675 -0.00226548 0.024961 0.0317508 0.00337147
internal_weight=8516.52 6165.79 4900.21 2350.73 1973.89 4020.03
internal_count=31099 29432 22746 1667 1385 17964
is_linear=0
shrinkage=0.05


Tree=21
num_leaves=7
num_cat=0
split_feature=35 35 24 15 12 4
split_gain=773.847 288.499 195.681 143.011 141.406 135.365
threshold=5436.9231944444455 205.22361111111113 872.50000000000011 242.50000000000003 5565.5000000000009 25782.500000000004
decision_type=8 10 10 10 10 10
left_child=1 3 4 -1 -3 -4
right_child=-2 2 5 -5 -6 -7
leaf_value=0.021152073403272215 -0.023057667312310366 -0.0013757358439301019 0.061628659585420381 0.061612162444307728 0.046771043108159278 0.013697646324148674
leaf_weight=730.21639215946198 2590.9138952493668 3973.3186382651329 216.21592964231968 312.65449306368828 153.58089891076088 453.17403031885624
leaf_count=704 13548 13968 665 306 424 1426
internal_value=-0.000341427 0.00974918 0.00455149 0.0335182 0.000470456 0.0295217
internal_weight=8430.07 5839.16 4796.29 1042.87 4126.9 669.39
internal_count=31041 17493 16483 1010 14392 2091
is_linear=0
shrinkage=0.05


Tree=22
num_leaves=7
num_cat=0
split_feature=35 37 38 40 3 7
split_gain=714.729 360.323 170.103 152.92 122.337 125.577
threshold=5436.9231944444455 0.37797619047619052 1.0000000180025095e-35 11.500000000000002 17179.500000000004 13.500000000000002
decision_type=8 2 2 2 10 10
left_child=1 4 -3 -2 -1 -6
right_child=3 2 -4 -5 5 -7
leaf_value=-0.027649557923141884 0.050615804108084916 0.0084538060782054347 0.027904009062805785 -0.023517294615481809 0.027324091953595721 -0.031236187997615905
leaf_weight=720.16630552709103 66.98141074180603 2868.1132792532444 1850.8121731728315 2515.5234079509974 256.87400195002556 135.9141450971365
leaf_count=2813 23 12226 1255 13584 856 386
internal_value=0.000373444 0.0100699 0.0161038 -0.0215004 -0.0154717 0.0069229
internal_weight=8414.38 5831.88 4718.93 2582.5 1112.95 392.788
internal_count=31143 17536 13481 13607 4055 1242
is_linear=0
shrinkage=0.05


Tree=23
num_leaves=7
num_cat=0
split_feature=35 0 23 36 36 4
split_gain=636.135 308.832 189.914 181.697 185.438 168.731
threshold=1309.4962500000004 31.500000000000004 11.426794385836724 4917.4005555555568 3970.1341666666672 25782.500000000004
decision_type=8 8 10 10 10 10
left_child=2 -2 5 4 -3 -1
right_child=1 3 -4 -5 -6 -7
leaf_value=0.03152618584990418 -0.020300324699399044 0.0069577152431197558 0.073045412110123262 -0.031699657883402101 0.090499073301202992 0.0064191894841491032
leaf_weight=1043.0815874487162 3136.5476572364569 1798.7447836846113 146.24309143424034 297.68661861121655 64.043511316180229 1860.6298509538174
leaf_count=2224 15629 7258 154 1481 157 4274
internal_value=0.000178913 -0.0102925 0.0183523 0.00424999 0.0100645 0.0154769
internal_weight=8346.98 5297.02 3049.95 2160.47 1862.79 2903.71
internal_count=31177 24525 6652 8896 7415 6498
is_linear=0
shrinkage=0.05


Tree=24
num_leaves=7
num_cat=0
split_feature=36 3 37 34 14 34
split_gain=583.304 229.339 218.254 184.964 118.201 112.161
threshold=2914.9948611111117 48009.000000000007 0.39047619047619053 80.389305555555566 1.0000000180025095e-35 5289.063472222223
decision_type=8 8 2 10 10 10
left_child=2 4 -1 -4 -2 -5
right_child=1 -3 3 5 -6 -7
leaf_value=-0.012340479561460713 -0.036402970947613647 0.054166162191493297 0.025925740950777744 0.0076102695514487749 -0.014199581888250332 -0.037721197787800705
leaf_weight=1010.1579662710428 967.98574091494083 96.348267093300819 1771.2356687933207 2683.4458031356335 1591.8834862858057 138.8253503292799
leaf_count=3832 5474 359 1420 11370 7803 749
internal_value=-0.000489757 -0.0197673 0.00865754 0.0132836 -0.0226501 0.00531768
internal_weight=8259.88 2656.22 5603.66 4593.51 2559.87 2822.27
internal_count=31007 13636 17371 13539 13277 12119
is_linear=0
shrinkage=0.05


Tree=25
num_leaves=7
num_cat=0
split_feature=37 28 24 23 16 12
split_gain=533.859 361.157 267.402 164.812 124.469 104.494
threshold=0.39047619047619053 1.0000000180025095e-35 80.500000000000014 5.0353701788701182 35.500000000000007 24.500000000000004
decision_type=2 2 10 10 10 10
left_child=3 2 5 -1 -4 -2
right_child=1 -3 4 -5 -6 -7
leaf_value=-0.022267035050611284 -0.028551051580752364 0.026355919930197893 0.071725563913341311 0.040704976756744539 0.0083731903958260048 -0.0027672481835843213
leaf_weight=2293.3824298977852 807.80944809317589 1909.5464146733284 75.427855268120766 104.34582121670246 2259.7941461056471 763.01327559351921
leaf_count=10952 4534 1568 339 348 9613 3676
internal_value=0.0003812 0.00856615 -0.0001533 -0.0194476 0.0105684 -0.0160753
internal_weight=8213.32 5815.59 3906.04 2397.73 2335.22 1570.82
internal_count=31030 19730 18162 11300 9952 8210
is_linear=0
shrinkage=0.05


Tree=26
num_leaves=7
num_cat=0
split_feature=35 37 29 23 21 24
split_gain=503.592 288.965 185.632 183.519 155.573 116.833
threshold=5436.9231944444455 0.37797619047619052 2.5000000000000004 5.0353701788701182 0.24332721976480745 81.500000000000014
decision_type=8 2 2 8 10 10
left_child=1 -1 5 -2 -5 -3
right_child=3 2 -4 4 -6 -7
leaf_value=-0.015180274133329848 -0.024025841707000714 -0.0029875588208731155 0.046153635433956786 0.089159823813557956 1.0216152977023674e-05 0.015680159888462795
leaf_weight=1061.418533667922 2149.4562603831291 1150.6205365508795 397.74051660299301 54.416367545723915 277.46401099860668 3067.4142189621925
leaf_count=3985 11963 3900 340 202 1386 9186
internal_value=8.09317e-05 0.00829308 0.0137015 -0.018687 0.0157339 0.0105904
internal_weight=8158.53 5677.19 4615.78 2481.34 331.88 4218.03
internal_count=30962 17411 13426 13551 1588 13086
is_linear=0
shrinkage=0.05


Tree=27
num_leaves=7
num_cat=0
split_feature=38 4 37 14 16 21
split_gain=455.261 283.664 191.188 182.962 137.065 115.952
threshold=1.0000000180025095e-35 2183.5000000000005 0.25833333333333336 18.500000000000004 420.50000000000006 0.44770084566596202
decision_type=2 10 2 8 8 10
left_child=1 -1 -3 5 -5 -2
right_child=3 2 -4 4 -6 -7
leaf_value=-0.03428083609358816 0.018138523031257313 -0.021916701534363439 0.0025635657257665739 0.010256094497083966 0.044631875295977126 -0.018705956223462498
leaf_weight=784.06179369986057 506.17349977791309 979.85488992929459 4190.1140018999577 452.22467985749245 821.96332776546478 361.82026426494122
leaf_count=4656 351 5471 19257 257 598 415
internal_value=0.000756486 -0.00635674 -0.00209283 0.0204959 0.0325193 0.00276085
internal_weight=8096.21 5954.03 5169.97 2142.18 1274.19 867.994
internal_count=31005 29384 24728 1621 855 766
is_linear=0
shrinkage=0.05


Tree=28
num_leaves=7
num_cat=0
split_feature=35 4 37 16 19 28
split_gain=383.801 265.976 154.136 141.223 121.931 111.991
threshold=1065.152638888889 2364.5000000000005 0.56385869565217395 675.50000000000011 147.50000000000003 2.5000000000000004
decision_type=8 8 2 10 10 2
left_child=3 -2 -3 4 5 -1
right_child=1 2 -4 -5 -6 -7
leaf_value=0.0055552387574008526 -0.034428335753850868 -0.0095645876793924861 0.010414092914834572 0.031243349042302707 -0.044938667029096047 0.050952345829530045
leaf_weight=1401.7949841320515 830.72427381575108 3343.7756901681423 1351.8121324926615 875.53156504034996 103.18835259974003 145.66806401312351
leaf_count=3376 4836 15737 4934 1774 223 85
internal_value=-0.00105882 -0.00843783 -0.00380797 0.0150684 0.00642051 0.00997896
internal_weight=8052.5 5526.31 4695.59 2526.18 1650.65 1547.46
internal_count=30965 25507 20671 5458 3684 3461
is_linear=0
shrinkage=0.05


Tree=29
num_leaves=7
num_cat=0
split_feature=37 38 36 8 4 4
split_gain=398.409 268.818 160.899 128.49 127.561 118.608
threshold=0.25833333333333336 1.0000000180025095e-35 1.7748611111111112 1.5000000000000002 19294.500000000004 138948.50000000003
decision_type=2 2 10 8 10 10
left_child=-1 2 5 -3 -5 -2
right_child=1 3 -4 4 -6 -7
leaf_value=-0.024390087180511295 -0.021551294850067376 -0.011264106890009798 0.0042458787403281181 0.047264538100439978 0.017308786710871962 0.046784601427898594
leaf_weight=1304.4632743149996 1045.010281547904 269.7306849360466 3638.3175978511572 489.01461617648602 1308.7659225165844 62.953223139047623
leaf_count=6744 6010 272 16331 395 878 315
internal_value=0.000871044 0.00572149 -0.000837844 0.0207451 0.0255655 -0.0174758
internal_weight=8118.26 6813.79 4746.28 2067.51 1797.78 1107.96
internal_count=30945 24201 22656 1545 1273 6325
is_linear=0
shrinkage=0.05


Tree=30
num_leaves=7
num_cat=0
split_feature=36 0 22 24 30 24
split_gain=383.457 193.153 187.458 134.359 132.124 118.152
threshold=3493.0963888888896 124.50000000000001 11.095189929230523 872.50000000000011 2.5000000000000004 207.50000000000003
decision_type=8 8 10 10 2 10
left_child=2 5 3 4 -1 -2
right_child=1 -3 -4 -5 -6 -7
leaf_value=-0.0012952308816923468 -0.024703250716076559 0.043844167568108064 0.066741083118901895 0.02454049831581559 0.02024334043751776 0.020231935079944825
leaf_weight=4191.3055588155985 1918.0109212398529 115.75623762607574 122.190564468503 785.07540008425713 852.5971200466156 154.64755970239639
leaf_count=15365 11087 412 150 2249 1278 613
internal_value=0.000101041 -0.0177715 0.00668267 0.00536757 0.00236199 -0.0213099
internal_weight=8139.58 2188.41 5951.17 5828.98 5043.9 2072.66
internal_count=31154 12112 19042 18892 16643 11700
is_linear=0
shrinkage=0.05


Tree=31
num_leaves=7
num_cat=0
split_feature=16 35 23 4 12 23
split_gain=351.583 229.029 135.834 132.573 124.755 116.988
threshold=291.50000000000006 997.54763888888908 12.99467867376177 2364.5000000000005 23.500000000000004 1.5825191150864963
decision_type=8 8 8 10 10 10
left_child=1 5 -2 4 -3 -1
right_child=2 3 -4 -5 -6 -7
leaf_value=0.0013873711433510494 0.010378599772634389 -0.045568925692076039 0.059450614938768347 -0.0091272167924452592 -0.0023952654759726699 0.040018590149051139
leaf_weight=579.91325907409191 3253.4076554477215 536.97906120121479 142.75524546205997 3018.7841930985451 242.88959881663322 291.30344726145267
leaf_count=1271 9810 3407 203 14574 1322 456
internal_value=0.000295017 -0.00860361 0.0125257 -0.013905 -0.0322234 0.0144589
internal_weight=8066.03 4669.87 3396.16 3798.65 779.869 871.217
internal_count=31043 21030 10013 19303 4729 1727
is_linear=0
shrinkage=0.05


Tree=32
num_leaves=7
num_cat=0
split_feature=34 37 35 12 24 23
split_gain=327.885 281.656 153.158 155.44 151.438 119.827
threshold=5507.9051388888902 0.37797619047619052 228.41652777777782 671.50000000000011 92.500000000000014 5.0353701788701182
decision_type=8 2 10 10 10 10
left_child=1 5 3 -3 -4 -1
right_child=-2 2 4 -5 -6 -7
leaf_value=-0.015608779417984931 -0.024531781960749954 0.039656826905174178 -0.0086079734941699165 -0.0035200818792892937 0.012337827542879072 0.039905797526611324
leaf_weight=1773.278385207057 1183.2229998111725 727.34584763646126 1262.1659020334482 290.31140267848969 2703.752725109458 98.110767066478729
leaf_count=8189 7408 1004 4957 473 8755 307
internal_value=-0.000282957 0.00391742 0.0101262 0.0273826 0.00566932 -0.0125998
internal_weight=8038.19 6854.97 4983.58 1017.66 3965.92 1871.39
internal_count=31093 23685 15189 1477 13712 8496
is_linear=0
shrinkage=0.05


Tree=33
num_leaves=7
num_cat=0
split_feature=37 15 21 21 24 8
split_gain=348.46 210.079 151.772 112.092 101.475 96.775
threshold=0.25833333333333336 116.50000000000001 0.6002056202878685 0.95920722135007852 27.500000000000004 14.500000000000002
decision_type=2 8 10 10 10 10
left_child=4 2 5 -4 -1 -2
right_child=1 -3 3 -5 -6 -7
leaf_value=-0.045653259006191535 0.013179183385619478 0.018724908700889168 -0.022353365186935162 0.017604968067947892 -0.01453774499136554 -0.0033259964286670518
leaf_weight=369.91464686393738 1675.658068343997 1920.0552917867899 1048.583752989769 206.70200602710247 898.08537998795509 1879.9061323851347
leaf_count=2344 6705 5172 4849 744 4434 6781
internal_value=0.000232132 0.00476593 -0.000818885 -0.0157299 -0.0237588 0.00446011
internal_weight=7998.91 6730.91 4810.85 1255.29 1268 3555.56
internal_count=31029 24251 19079 5593 6778 13486
is_linear=0
shrinkage=0.05


Tree=34
num_leaves=7
num_cat=0
split_feature=38 36 23 24 35 1
split_gain=303.17 202.153 147.813 99.6808 96.8372 92.1947
threshold=1.0000000180025095e-35 3513.7331944444445 1.5825191150864963 863.50000000000011 15925.140833333337 1123.5000000000002
decision_type=2 8 8 10 10 10
left_child=1 3 5 -1 -3 -2
right_child=2 4 -4 -5 -6 -7
leaf_value=-0.0019021401805205569 0.020227133734196684 -0.014689108597161261 0.035161528658816547 0.021455708163607312 -0.051430163802762878 -0.005347419760771392
leaf_weight=3394.2899460047483 691.83805519342422 1698.3463160470128 719.14802412688732 522.67734503746033 197.04875936359167 709.59171636402607
leaf_count=15577 563 10365 608 2118 1396 464
internal_value=0.000652523 -0.0052526 0.0168124 0.00123809 -0.018634 0.00730489
internal_weight=7932.94 5812.36 2120.58 3916.97 1895.4 1401.43
internal_count=31091 29456 1635 17695 11761 1027
is_linear=0
shrinkage=0.05


Tree=35
num_leaves=7
num_cat=0
split_feature=34 37 22 16 24 10
split_gain=261.231 246.023 165.863 140.756 148.489 100.681
threshold=5507.9051388888902 0.39047619047619053 35.665644235385699 958.50000000000011 87.500000000000014 153.50000000000003
decision_type=8 2 8 10 10 10
left_child=1 -1 3 4 -3 -2
right_child=5 2 -4 -5 -6 -7
leaf_value=-0.012393530507283063 -0.025388276878924337 -0.0099069892011515309 0.078437718231264844 0.027577299766451704 0.010522097606610062 0.054208174530843714
leaf_weight=1845.3354909494519 1106.833634480834 1291.8015077859163 79.528353586792946 752.10119092464447 2828.8928101211786 36.632691994309425
leaf_count=8479 7199 4853 70 1842 8402 208
internal_value=-0.000556596 0.00316757 0.00897261 0.00775963 0.00411351 -0.0226134
internal_weight=7941.13 6797.66 4952.32 4872.8 4120.69 1143.47
internal_count=31053 23646 15167 15097 13255 7407
is_linear=0
shrinkage=0.05


Tree=36
num_leaves=7
num_cat=0
split_feature=15 30 4 35 24 8
split_gain=235.942 172.145 160.698 114.465 109.101 120.351
threshold=1.0000000180025095e-35 2.5000000000000004 2364.5000000000005 205.22361111111113 716.50000000000011 15.500000000000002
decision_type=8 2 8 10 8 10
left_child=-1 2 -2 -3 5 -4
right_child=1 3 4 -5 -6 -7
leaf_value=-0.028174066221892932 -0.02487392518050403 0.034360808777526709 0.0072497974858454529 -0.0016259625235427026 0.016461960209890863 -0.0089769918706616072
leaf_weight=694.94825011491776 619.72211530059576 628.00876034796238 2124.0702845901251 338.7946555763483 1036.8334902524948 2461.6146336346865
leaf_count=4175 3567 687 8984 916 3039 9634
internal_value=-0.000458315 0.00223114 -0.000815739 0.0218066 0.00185573 -0.0014611
internal_weight=7903.99 7209.04 6242.24 966.803 5622.52 4585.68
internal_count=31002 26827 25224 1603 21657 18618
is_linear=0
shrinkage=0.05


Tree=37
num_leaves=7
num_cat=0
split_feature=37 34 24 4 12 7
split_gain=247.504 162.473 116.517 104.588 144.88 78.1145
threshold=0.25833333333333336 14.850416666666669 27.500000000000004 2039.5000000000002 51.500000000000007 2.5000000000000004
decision_type=2 8 10 10 10 8
left_child=2 5 -1 4 -3 -2
right_child=1 3 -4 -5 -6 -7
leaf_value=-0.044276517416798271 0.0033737150388099776 -0.034174687161430642 -0.010418326980297985 0.0018366053080249431 0.03332349530667502 0.024778060783402028
leaf_weight=353.5242083221674 682.57621477544308 425.30453555285931 888.63638774305582 4301.7954656109214 93.295848816633224 1138.0088348835707
leaf_count=2375 280 2852 4466 20038 498 647
internal_value=0.000245527 0.00408083 -0.0201934 -0.00072949 -0.0218296 0.0167843
internal_weight=7883.14 6640.98 1242.16 4820.4 518.6 1820.59
internal_count=31156 24315 6841 23388 3350 927
is_linear=0
shrinkage=0.05


Tree=38
num_leaves=7
num_cat=0
split_feature=37 16 21 38 24 23
split_gain=218.718 130.445 158.895 142.486 107.363 89.8675
threshold=0.25833333333333336 558.50000000000011 0.6002056202878685 1.5000000000000002 27.500000000000004 1.5643133775432869
decision_type=2 10 10 2 10 10
left_child=4 2 5 -3 -1 -2
right_child=1 3 -4 -5 -6 -7
leaf_value=-0.043592120635371975 -0.00076371421046916713 0.0082426016397546265 -0.01559189739993269 0.046671290755572969 -0.01068334265596447 0.016785943581727924
leaf_weight=343.07727402448654 2480.0437628477812 1447.8166441321373 1381.7443236336112 285.28206868469715 878.38097034394741 1028.197785615921
leaf_count=2398 9506 4649 6156 239 4447 3753
internal_value=-0.000670701 0.00291882 -0.00126183 0.0146843 -0.0200666 0.00439632
internal_weight=7844.54 6623.08 4889.99 1733.1 1221.46 3508.24
internal_count=31148 24303 19415 4888 6845 13259
is_linear=0
shrinkage=0.05


Tree=39
num_leaves=7
num_cat=0
split_feature=15 15 28 30 21 4
split_gain=243.087 141.959 101.445 91.1426 84.0328 79.5541
threshold=114.50000000000001 1.0000000180025095e-35 4.5000000000000009 2.5000000000000004 0.6002056202878685 40425.500000000007
decision_type=8 10 2 2 10 10
left_child=1 -1 4 -2 -3 -5
right_child=3 2 -4 5 -6 -7
leaf_value=-0.025896525019241303 0.0092957356720345368 0.0015377771338102911 0.061462836803829447 0.051784676681160546 -0.01312696975524248 0.013441829132001757
leaf_weight=667.24537745118141 1449.6909596323967 3785.0480979159474 58.264425233006477 277.80446523427963 1311.3105021193624 268.36897554993629
leaf_count=4243 4746 15013 28 428 6138 480
internal_value=0.000878288 -0.00428555 -0.00146571 0.0159141 -0.00224468 0.0332373
internal_weight=7817.73 5821.87 5154.62 1995.86 5096.36 546.173
internal_count=31076 25422 21179 5654 21151 908
is_linear=0
shrinkage=0.05


Tree=40
num_leaves=7
num_cat=0
split_feature=36 34 35 4 23 36
split_gain=195.925 157.527 113.141 109.623 101.724 94.7736
threshold=4917.4005555555568 7621.4972222222232 14.189861111111112 138948.50000000003 5.936436594464511 1.7748611111111112
decision_type=10 8 8 10 10 8
left_child=1 2 -1 4 -3 -4
right_child=-2 3 5 -5 -6 -7
leaf_value=0.039951181725800908 -0.024823289707613855 -0.035590681123294686 -0.032233392881343054 0.043718653814758694 0.011453886023978017 0.0048699996137510724
leaf_weight=219.52287802100182 712.99148558080196 518.82534880191088 172.23375371098518 58.364720672369003 144.56522968411446 6009.3051261901855
leaf_count=101 4398 3645 805 302 897 20850
internal_value=7.19166e-05 0.00257958 0.00508062 -0.0194838 -0.0253298 0.00381099
internal_weight=7835.81 7122.82 6401.06 721.755 663.391 6181.54
internal_count=30998 26600 21756 4844 4542 21655
is_linear=0
shrinkage=0.05


Tree=41
num_leaves=7
num_cat=0
split_feature=35 0 2 35 21 9
split_gain=189.344 156.44 113.938 92.7908 81.4494 101.378
threshold=1187.8637500000002 25.500000000000004 2924.0000000000005 14711.324027777779 0.64060235507246388 35.500000000000007
decision_type=8 8 10 10 10 10
left_child=2 3 -1 4 5 -2
right_child=1 -3 -4 -5 -6 -7
leaf_value=0.023715658226903129 -0.0090363194954126442 0.0031285865586190235 0.0026020458448723894 -0.050642309661808507 -0.028317721324594636 0.049543973588214434
leaf_weight=1047.8201299756765 1749.4693027734756 2602.8744917660952 1629.1678281277418 159.72521685808897 561.89820751547813 72.169305860996246
leaf_count=2480 8880 11056 3581 1303 3571 313
internal_value=0.000121799 -0.00548753 0.0108951 -0.0142944 -0.0117578 -0.00658623
internal_weight=7823.12 5146.14 2676.99 2543.26 2383.54 1821.64
internal_count=31184 25123 6061 14067 12764 9193
is_linear=0
shrinkage=0.05


Tree=42
num_leaves=7
num_cat=0
split_feature=29 24 15 22 23 34
split_gain=179.277 161.94 109.794 96.8485 83.6031 105.927
threshold=2.5000000000000004 872.50000000000011 1.0000000180025095e-35 0.6284855873322498 5.936436594464511 10765.585138888891
decision_type=2 8 10 10 10 8
left_child=1 2 -1 -3 5 -4
right_child=-2 3 4 -5 -6 -7
leaf_value=-0.023589558303033428 0.03310901916948622 0.038813828811974593 -0.0016090306656541997 0.0030904543614652495 0.022496686137162672 -0.028583326203619669
leaf_weight=652.826595723629 384.79815180599689 358.27078787982464 5230.3397803530097 399.12039813399315 322.62719536572695 386.24077031761408
leaf_count=4224 383 1072 20305 1189 1323 2650
internal_value=6.46813e-05 -0.00168677 -0.00420706 0.0201325 -0.00205852 -0.00348777
internal_weight=7734.22 7349.43 6592.03 757.391 5939.21 5616.58
internal_count=31146 30763 28502 2261 24278 22955
is_linear=0
shrinkage=0.05


Tree=43
num_leaves=7
num_cat=0
split_feature=29 37 14 37 21 3
split_gain=197.488 156.1 83.3355 71.8259 73.7801 96.2535
threshold=2.5000000000000004 0.25833333333333336 38.500000000000007 0.17424242424242428 0.62051852485667847 12538.500000000002
decision_type=2 2 10 2 8 10
left_child=1 3 -3 -1 5 -5
right_child=-2 2 -4 4 -6 -7
leaf_value=-0.0014517515051608114 0.035976012172732677 -0.0020586700333571207 0.010646028586068319 -0.031029567739665059 -0.053421229967099471 0.01594252678524051
leaf_weight=400.28063499182463 366.04090717434883 4350.367419578135 1829.5641820281744 377.29718577116728 199.43946044892073 148.97733823955059
leaf_count=2247 375 18181 5662 2410 1392 765
internal_value=0.00039021 -0.00141609 0.00170811 -0.0184948 -0.0278209 -0.0177078
internal_weight=7671.97 7305.93 6179.93 1125.99 725.714 526.275
internal_count=31032 30657 23843 6814 4567 3175
is_linear=0
shrinkage=0.05


Tree=44
num_leaves=7
num_cat=0
split_feature=34 22 24 19 35 16
split_gain=169.941 130.699 141.032 119.032 135.518 93.6252
threshold=5507.9051388888902 24.457002346748819 14.500000000000002 4.5000000000000009 14711.324027777779 9.5000000000000018
decision_type=8 8 10 10 10 10
left_child=1 2 -1 4 5 -2
right_child=3 -3 -4 -5 -6 -7
leaf_value=-0.023292781517525354 -0.02009580212150203 0.055696921702151118 0.0041362139430123996 -0.034389948403667603 -0.053952555609096724 0.029254415799263456
leaf_weight=503.52478718757629 145.55693856626749 110.30003985762596 5974.1776185780764 557.74117764085531 92.292345993220806 262.85089951008558
leaf_count=2541 1132 118 21007 3803 830 1653
internal_value=-6.31898e-05 0.00292857 0.00198778 -0.0186109 -0.000867928 0.0116356
internal_weight=7646.44 6588 6477.7 1058.44 500.7 408.408
internal_count=31084 23666 23548 7418 3615 2785
is_linear=0
shrinkage=0.05


Tree=45
num_leaves=7
num_cat=0
split_feature=37 22 34 19 20 4
split_gain=159.015 137.194 104.049 135.836 89.8798 127.822
threshold=0.25833333333333336 35.665644235385699 6445.748611111112 4.5000000000000009 0.60050505050505054 2119.5000000000005
decision_type=2 8 8 10 10 10
left_child=-1 2 -2 4 5 -4
right_child=1 -3 3 -5 -6 -7
leaf_value=-0.017413123347770038 0.0037961178067780414 0.054238190623812667 -0.018983641261303936 -0.034721772771059867 -0.036641399814286955 0.062697343414166731
leaf_weight=1159.3139774352312 5745.9879896044731 121.35577249526978 78.935028195381165 409.42933502048254 66.766631804406643 109.93166497349739
leaf_count=6804 19393 319 584 2816 508 627
internal_value=-0.000389314 0.00264293 0.00162477 -0.0170235 0.0114448 0.0289504
internal_weight=7691.72 6532.41 6411.05 665.063 255.633 188.867
internal_count=31051 24247 23928 4535 1719 1211
is_linear=0
shrinkage=0.05


Tree=46
num_leaves=7
num_cat=0
split_feature=36 29 21 36 4 23
split_gain=181.837 122.733 92.9967 112.352 120.352 81.2022
threshold=5118.1291666666675 4.5000000000000009 0.6002056202878685 802.9787500000001 96375.500000000015 5.936436594464511
decision_type=10 2 10 10 10 8
left_child=1 2 5 -4 -5 -1
right_child=-2 -3 3 4 -6 -7
leaf_value=0.0035265427574797227 -0.025566698661328859 0.047091846080628483 -0.015537872548562074 -0.0054384927956180659 0.042383640463441008 0.032933660309601383
leaf_weight=4683.191074475646 633.27911274880171 144.70768302679062 1390.8362115696073 392.52092701196671 192.17988154292107 242.28282398730516
leaf_count=17696 4079 112 5831 1774 585 965
internal_value=-1.10206e-05 0.00230246 0.00132986 -0.00782265 0.0105058 0.005005
internal_weight=7679 7045.72 6901.01 1975.54 584.701 4925.47
internal_count=31042 26963 26851 8190 2359 18661
is_linear=0
shrinkage=0.05


Tree=47
num_leaves=7
num_cat=0
split_feature=36 23 4 21 28 24
split_gain=147.167 154.537 121.622 114.947 111.291 101.735
threshold=5118.1291666666675 5.0353701788701182 202207.00000000003 0.24332721976480745 2.5000000000000004 28.500000000000004
decision_type=8 8 10 10 2 10
left_child=4 2 -2 -3 5 -1
right_child=1 3 -4 -5 -6 -7
leaf_value=-0.012330542188303416 -0.024015577785396813 0.078788897867593577 0.06499784181992066 0.0029577104815495161 0.038829067918340412 0.0053796859865700361
leaf_weight=965.77179902046919 1215.6915967613459 56.928807318210602 34.923459872603416 261.10117779672146 213.27507475763559 4922.2712253704667
leaf_count=4565 8091 202 167 1341 161 16518
internal_value=0.000255131 -0.0133793 -0.0212809 0.0175413 0.00376863 0.00246681
internal_weight=7669.96 1568.65 1250.62 318.03 6101.32 5888.04
internal_count=31045 9801 8258 1543 21244 21083
is_linear=0
shrinkage=0.05


Tree=48
num_leaves=7
num_cat=0
split_feature=37 22 24 11 12 24
split_gain=137.075 94.1793 92.749 84.3577 112.555 110.207
threshold=0.25833333333333336 24.457002346748819 14.500000000000002 206.50000000000003 120.50000000000001 872.50000000000011
decision_type=2 8 10 10 10 10
left_child=-1 2 -2 4 -4 -6
right_child=1 -3 3 -5 5 -7
leaf_value=-0.016158063636420746 -0.01718393645226363 0.040362959017703037 0.0066463647672827921 0.01782864909681223 -0.016475546501768745 0.013073020102828646
leaf_weight=1132.8677915856242 585.07779115438461 156.50444588810205 3144.4981459081173 880.20730379223824 1290.3031859099865 413.04974929988384
leaf_count=6800 3363 442 11896 2693 4533 1253
internal_value=-0.000153492 0.00265931 0.00169342 0.0036349 0.00104208 -0.00929296
internal_weight=7602.51 6469.64 6313.14 5728.06 4847.85 1703.35
internal_count=30980 24180 23738 20375 17682 5786
is_linear=0
shrinkage=0.05


Tree=49
num_leaves=7
num_cat=0
split_feature=30 4 2 37 37 35
split_gain=149.523 133.14 111.402 106.479 123.64 169.632
threshold=2.5000000000000004 2183.5000000000005 3417.5000000000005 0.73385416666666681 0.74813432835820903 306.87513888888896
decision_type=2 8 10 2 2 10
left_child=1 -1 -2 -3 -5 -6
right_child=2 3 -4 4 5 -7
leaf_value=-0.023075004621227291 0.037672545424921849 -0.0032555528597805177 0.0027898034756590881 0.068332871745450371 -0.051277694643077611 0.016461864755608555
leaf_weight=712.1155177205801 417.07715649157763 5012.2990675643086 501.94370937347412 91.797623917460442 99.385538429021835 807.65137693285942
leaf_count=4684 741 21520 877 246 162 2788
internal_value=-0.000121215 -0.00271125 0.0187387 -0.000281662 0.0145836 0.0087991
internal_weight=7642.27 6723.25 919.021 6011.13 998.835 907.037
internal_count=31018 29400 1618 24716 3196 2950
is_linear=0
shrinkage=0.05


Tree=50
num_leaves=7
num_cat=0
split_feature=15 27 36 36 36 8
split_gain=114.939 89.1878 81.3929 89.1285 70.802 183.491
threshold=1.0000000180025095e-35 2.5000000000000004 1.7748611111111112 5118.1291666666675 3806.3420833333334 1.5000000000000002
decision_type=8 2 8 10 10 10
left_child=-1 2 -2 4 -4 -6
right_child=1 -3 3 -5 5 -7
leaf_value=-0.020567195250279457 -0.029121377192710358 0.050804208680345631 0.002833877056540454 -0.017739259291400654 -0.034611496995359786 0.071173264234379655
leaf_weight=623.77938265353441 210.82220876216888 86.459770679473877 5979.3382820188999 518.12419743835926 59.056363567709923 113.03747206926346
leaf_count=4217 847 51 21880 3305 376 394
internal_value=-9.31667e-05 0.00175342 0.0011006 0.002077 0.00375914 0.0349195
internal_weight=7590.62 6966.84 6880.38 6669.56 6151.43 172.094
internal_count=31070 26853 26802 25955 22650 770
is_linear=0
shrinkage=0.05


Tree=51
num_leaves=7
num_cat=0
split_feature=29 24 21 24 4 4
split_gain=161.16 107.152 111.154 82.9399 92.9783 99.1406
threshold=2.5000000000000004 14.500000000000002 0.39146178768820289 872.50000000000011 29506.000000000004 97375.000000000015
decision_type=2 8 8 8 10 10
left_child=1 2 -1 -3 -5 -6
right_child=-2 3 -4 4 5 -7
leaf_value=0.035201127973333288 0.032380767536983907 -0.0013133098752506113 -0.024255903587601976 0.037532606284986635 -0.010684874224251628 0.044559053231920942
leaf_weight=83.248791947960854 365.46623719483614 5616.4429807439446 755.30289957672358 301.95872414112091 352.98453345894814 100.05178128182888
leaf_count=480 381 22888 4999 865 1086 301
internal_value=0.000218306 -0.00143328 -0.0181795 0.000783235 0.0162856 0.00186882
internal_weight=7575.46 7209.99 838.552 6371.44 754.995 453.036
internal_count=31000 30619 5479 25140 2252 1387
is_linear=0
shrinkage=0.05


Tree=52
num_leaves=7
num_cat=0
split_feature=34 19 35 22 16 24
split_gain=115.639 88.8627 119.253 86.5445 75.781 71.6241
threshold=5507.9051388888902 4.5000000000000009 14711.324027777779 35.665644235385699 10.500000000000002 872.50000000000011
decision_type=8 10 10 8 8 10
left_child=3 2 4 5 -2 -1
right_child=1 -3 -4 -5 -6 -7
leaf_value=-0.00027962595206738254 -0.016214311939201888 -0.029974823543701425 -0.052556853157156427 0.052079491525494528 0.028833966252142948 0.015838199176938114
leaf_weight=5706.8015671744943 146.78280394524336 524.3562139570713 83.391818583011627 81.275809459388256 239.80153326690197 778.9251995831728
leaf_count=21371 1202 3827 849 82 1494 2301
internal_value=-7.97498e-05 -0.015926 -0.000101164 0.00232988 0.0117409 0.00166681
internal_weight=7561.33 994.332 469.976 6567 386.584 6485.73
internal_count=31126 7372 3545 23754 2696 23672
is_linear=0
shrinkage=0.05


Tree=53
num_leaves=7
num_cat=0
split_feature=29 21 14 4 20 10
split_gain=130.149 112.116 116.388 76.5713 68.8423 59.9696
threshold=4.5000000000000009 0.06277844413982181 1.0000000180025095e-35 202207.00000000003 0.64502923976608206 388.50000000000006
decision_type=2 10 10 10 10 10
left_child=1 -1 3 4 5 -3
right_child=-2 2 -4 -5 -6 -7
leaf_value=0.065069728497335819 0.04925978494706218 -0.014910232707554205 0.0020599282067494252 0.044281767500394482 -0.052438893826478178 0.035064078582181989
leaf_weight=59.696762762963772 128.94771188497543 1229.3614173159003 5954.0815945342183 50.137764617800713 113.76428196579218 58.445229947566986
leaf_count=158 117 6910 22425 179 1014 241
internal_value=0.000410173 -0.000465988 -0.00103781 -0.0137064 -0.0159308 -0.0125154
internal_weight=7594.43 7465.49 7405.79 1451.71 1401.57 1287.81
internal_count=31044 30927 30769 8344 8165 7151
is_linear=0
shrinkage=0.05


Tree=54
num_leaves=7
num_cat=0
split_feature=15 38 12 37 24 12
split_gain=114.214 92.3191 117.62 103.894 69.3139 58.075
threshold=1.0000000180025095e-35 1.0000000180025095e-35 713.50000000000011 0.37797619047619052 378.50000000000006 13.500000000000002
decision_type=8 2 10 2 8 10
left_child=5 -2 3 -3 -4 -1
right_child=1 2 4 -5 -6 -7
leaf_value=-0.030774224865683125 -0.0012194891588956319 -0.0074893555024537805 -0.028241888420067907 0.026019657006328484 0.00783116337422716 0.0028282948195411956
leaf_weight=409.17980855703354 4981.0847376585007 288.70588153600693 236.72093103080988 1121.02453058213 292.86164653301239 185.33008463680744
leaf_count=3062 25303 263 226 884 223 1156
internal_value=0.000574053 0.00238608 0.0116262 0.019155 -0.00840666 -0.0203629
internal_weight=7514.91 6920.4 1939.31 1409.73 529.583 594.51
internal_count=31117 26899 1596 1147 449 4218
is_linear=0
shrinkage=0.05


end of trees

feature_importances:
n_dying_ch=40
ev_h_since_prev=40
ev_relapse_rate=26
n_alarm_28d=25
n_rows_28d=24
ev_gap_last=23
act_share_7d=16
rate_28d=14
n_undef_28d=13
ev_h_since_inc=13
ev_open_ch=13
ev_inc_168h=11
ev_inc_672h=9
n_alarm_7d=8
rate_7d=8
ev_inc_72h=8
n_alarm_3d=5
n_rows_7d=4
n_bad_28d=4
n_ch_bad_28d=4
n_active_ch=3
n_rows_3d=3
n_bad_7d=3
ev_inc_24h=3
n_undef_3d=2
act_share_1d=2
n_rows_1d=1
n_undef_1d=1
n_undef_7d=1
n_ch_bad_7d=1
dying_share=1
hour=1

parameters:
[boosting: gbdt]
[objective: binary]
[metric: average_precision]
[tree_learner: serial]
[device_type: cpu]
[data_sample_strategy: bagging]
[data: ]
[valid: ]
[num_iterations: 2000]
[learning_rate: 0.05]
[num_leaves: 7]
[num_threads: 6]
[seed: 46]
[deterministic: 1]
[force_col_wise: 1]
[force_row_wise: 0]
[histogram_pool_size: -1]
[max_depth: -1]
[min_data_in_leaf: 200]
[min_sum_hessian_in_leaf: 0.001]
[bagging_fraction: 0.8]
[pos_bagging_fraction: 1]
[neg_bagging_fraction: 1]
[bagging_freq: 1]
[bagging_seed: 10626]
[bagging_by_query: 0]
[feature_fraction: 0.8]
[feature_fraction_bynode: 1]
[feature_fraction_seed: 28005]
[extra_trees: 0]
[extra_seed: 28586]
[early_stopping_round: 0]
[early_stopping_min_delta: 0]
[first_metric_only: 1]
[max_delta_step: 0]
[lambda_l1: 0]
[lambda_l2: 5]
[linear_lambda: 0]
[min_gain_to_split: 0]
[drop_rate: 0.1]
[max_drop: 50]
[skip_drop: 0.5]
[xgboost_dart_mode: 0]
[uniform_drop: 0]
[drop_seed: 23790]
[top_rate: 0.2]
[other_rate: 0.1]
[min_data_per_group: 100]
[max_cat_threshold: 32]
[cat_l2: 10]
[cat_smooth: 10]
[max_cat_to_onehot: 4]
[top_k: 20]
[monotone_constraints: ]
[monotone_constraints_method: basic]
[monotone_penalty: 0]
[feature_contri: ]
[forcedsplits_filename: ]
[refit_decay_rate: 0.9]
[cegb_tradeoff: 1]
[cegb_penalty_split: 0]
[cegb_penalty_feature_lazy: ]
[cegb_penalty_feature_coupled: ]
[path_smooth: 0]
[interaction_constraints: ]
[verbosity: -1]
[saved_feature_importance_type: 0]
[use_quantized_grad: 0]
[num_grad_quant_bins: 4]
[quant_train_renew_leaf: 0]
[stochastic_rounding: 1]
[linear_tree: 0]
[max_bin: 255]
[max_bin_by_feature: ]
[min_data_in_bin: 3]
[bin_construct_sample_cnt: 200000]
[data_random_seed: 188]
[is_enable_sparse: 1]
[enable_bundle: 1]
[use_missing: 1]
[zero_as_missing: 0]
[feature_pre_filter: 1]
[pre_partition: 0]
[two_round: 0]
[header: 0]
[label_column: ]
[weight_column: ]
[group_column: ]
[ignore_column: ]
[categorical_feature: ]
[forcedbins_filename: ]
[precise_float_parser: 0]
[parser_config_file: ]
[objective_seed: 24573]
[num_class: 1]
[is_unbalance: 0]
[scale_pos_weight: 1]
[sigmoid: 1]
[boost_from_average: 1]
[reg_sqrt: 0]
[alpha: 0.9]
[fair_c: 1]
[poisson_max_delta_step: 0.7]
[tweedie_variance_power: 1.5]
[lambdarank_truncation_level: 30]
[lambdarank_norm: 1]
[label_gain: ]
[lambdarank_position_bias_regularization: 0]
[eval_at: ]
[multi_error_top_k: 1]
[auc_mu_weights: ]
[num_machines: 1]
[local_listen_port: 12400]
[time_out: 120]
[machine_list_filename: ]
[machines: ]
[gpu_platform_id: -1]
[gpu_device_id: -1]
[gpu_use_dp: 0]
[num_gpu: 1]

end of parameters

pandas_categorical:[]
