tree
version=v4
num_class=1
num_tree_per_iteration=1
label_index=0
max_feature_idx=41
objective=binary sigmoid:1
feature_names=n_active_ch n_rows_1d n_rows_3d n_rows_7d n_rows_28d n_bad_1d n_bad_3d n_bad_7d n_bad_28d n_undef_1d n_undef_3d n_undef_7d n_undef_28d n_alarm_1d n_alarm_3d n_alarm_7d n_alarm_28d n_ch_bad_1d n_ch_bad_7d n_ch_bad_28d act_share_1d act_share_7d rate_7d rate_28d n_dying_ch dying_share ev_inc_6h ev_inc_24h ev_inc_72h ev_inc_168h ev_inc_672h ev_fail_3h ev_fail_24h ev_fail_168h ev_h_since_inc ev_h_since_prev ev_gap_last ev_relapse_rate ev_open_ch is_rearm hour dow
feature_infos=[0:1459] [0:200094] [0:575548] [0:1039472] [0:3446064] [0:32012] [0:32027] [0:32027] [0:32057] [0:37262] [0:71955] [0:122355] [0:165289] [0:32013] [0:32065] [0:32176] [0:33059] [0:383] [0:947] [0:1109] [0:1] [0.0054644808743169399:1] [0:52] [0:13] [0:1420] [0:1] [0:3] [0:7] [0:11] [0:18] [0:25] [0:191] [0:561] [0:1165] [1:22977.983611111111] [2.0238888888888891:28233.218888888889] [1.0238888888888888:21790.846388888887] [0.090909090909090912:0.96551724137931039] [0:195] [0:1] [0:23] [0:6]
tree_sizes=890 895 902 896 900 899 899 903 899 902 900 899 902 891 908 902 900 895 900 907 899 908 902 911 904 901 902 904 901 907 904 898 904 897 898 901 899 908 907 911 910 908 904 911 905 909 904 907 906 902 915 905 903 912 900 907 914 909 904 907 903 903 902 905 915 909 908 913 909 900

Tree=0
num_leaves=7
num_cat=0
split_feature=35 30 24 24 16 35
split_gain=4847.87 1084.93 492.407 404.867 376.414 321.723
threshold=2665.1501388888896 2.5000000000000004 102.50000000000001 729.50000000000011 728.50000000000011 205.22361111111113
decision_type=8 2 8 10 10 10
left_child=1 3 -2 4 -1 -3
right_child=2 5 -4 -5 -6 -7
leaf_value=-0.53851947247770204 -0.58909340887551997 -0.44343954645490147 -0.55393588918059011 -0.48964291882546163 -0.48584244449626329 -0.50195590166955428
leaf_weight=2087.0360556840897 3273.7182228565216 734.18118298053741 1435.5926078557968 829.00418925285339 400.20891892910004 360.23451006412506
leaf_count=6558 13414 695 5785 2489 1204 948
internal_value=-0.543137 -0.505491 -0.578398 -0.519804 -0.529945 -0.462424
internal_weight=9119.98 4410.66 4709.31 3316.25 2487.24 1094.42
internal_count=31093 11894 19199 10251 7762 1643
is_linear=0
shrinkage=1


Tree=1
num_leaves=7
num_cat=0
split_feature=35 24 29 16 16 24
split_gain=4732.76 963.871 752.503 438.549 336.12 261.06
threshold=1332.7075000000002 192.50000000000003 2.5000000000000004 385.50000000000006 686.50000000000011 706.50000000000011
decision_type=8 8 2 10 10 8
left_child=2 3 4 -2 -1 -3
right_child=1 5 -4 -5 -6 -7
leaf_value=0.027603364057055508 -0.041281360546464259 -0.0034066963837479369 0.10428049318423385 0.0051136564982571511 0.067745548697548535 0.041854901835901723
leaf_weight=1734.9692692160606 4112.2454199790955 1017.3956637531519 553.34887987375259 580.07888992130756 749.70343102514744 458.37960413098335
leaf_count=4573 16770 3863 392 2195 1779 1635
internal_value=0.000686107 -0.024471 0.0517189 -0.0355465 0.0398272 0.0107455
internal_weight=9206.12 6168.1 3038.02 4692.32 2484.67 1475.78
internal_count=31207 24463 6744 18965 6352 5498
is_linear=0
shrinkage=0.05


Tree=2
num_leaves=7
num_cat=0
split_feature=35 35 16 24 12 37
split_gain=4198.22 981.115 419.871 417.327 188.551 165.267
threshold=2818.6045833333342 205.22361111111113 346.50000000000006 102.50000000000001 21.500000000000004 0.25833333333333336
decision_type=8 10 10 8 10 2
left_child=1 -1 5 4 -2 -3
right_child=3 2 -4 -5 -6 -7
leaf_value=0.075166159877392169 -0.054138546793592368 -0.036011783860595628 0.038897293461859508 -0.010964009274089012 -0.02918050045519557 0.0098462240165610379
leaf_weight=1093.8281087577343 1845.4853771328926 219.07211977243423 1681.4532963037491 1399.4389586895704 1319.937601685524 1592.6642827987671
leaf_count=1020 7898 737 5162 5570 5475 5366
internal_value=0.000176006 0.0339404 0.0209423 -0.0337523 -0.0437938 0.0042173
internal_weight=9151.88 4587.02 3493.19 4564.86 3165.42 1811.74
internal_count=31228 12285 11265 18943 13373 6103
is_linear=0
shrinkage=0.05


Tree=3
num_leaves=7
num_cat=0
split_feature=35 30 24 24 16 12
split_gain=3684.7 854.018 442.7 278.362 202.123 194.195
threshold=2440.2983333333336 2.5000000000000004 120.50000000000001 747.50000000000011 728.50000000000011 21.500000000000004
decision_type=8 2 8 10 10 10
left_child=1 3 5 4 -1 -2
right_child=2 -3 -4 -5 -6 -7
leaf_value=0.004863652575682928 -0.04925555955999536 0.070576923603336936 -0.0046989430141366351 0.045417167962295085 0.04393256375393037 -0.025252458108358411
leaf_weight=1913.4222328364849 1948.0104289799929 1174.0326931029558 1313.9201485663652 826.68440546095371 395.73803777992725 1517.9418237656355
leaf_count=5992 8397 1650 5231 2276 1144 6318
internal_value=0.000777269 0.0342817 -0.029437 0.0206023 0.0116396 -0.0387947
internal_weight=9089.75 4309.88 4779.87 3135.84 2309.16 3465.95
internal_count=31008 11062 19946 9412 7136 14715
is_linear=0
shrinkage=0.05


Tree=4
num_leaves=7
num_cat=0
split_feature=35 35 24 16 35 2
split_gain=3386.66 796.166 329.483 307.103 156.169 149.44
threshold=2665.1501388888896 205.22361111111113 141.50000000000003 363.50000000000006 11481.93652777778 3761.5000000000005
decision_type=8 10 10 10 10 10
left_child=1 -1 4 -3 -2 -5
right_child=2 3 -4 5 -6 -7
leaf_value=0.067806625207676871 -0.03251800987817511 0.0047659542568590958 -0.004200958005601131 0.053842978143018888 -0.061457431274796026 0.022589404372214152
leaf_weight=1098.9134151637554 3034.4305736869574 1812.2183175832033 968.07476711273193 624.05241081118584 557.11385318636894 1011.6520477384329
leaf_count=1019 12949 5968 3846 1752 2512 3075
internal_value=0.000315964 0.0308335 -0.0301165 0.0189684 -0.0370862 0.034641
internal_weight=9106.46 4546.84 4559.62 3447.92 3591.54 1635.7
internal_count=31121 11814 19307 10795 15461 4827
is_linear=0
shrinkage=0.05


Tree=5
num_leaves=7
num_cat=0
split_feature=35 35 38 37 2 23
split_gain=3219.77 685.02 401.639 370.092 210.824 266.038
threshold=1332.7075000000002 5507.604444444446 1.0000000180025095e-35 0.37797619047619052 2606.5000000000005 1.5825191150864963
decision_type=8 8 2 2 10 10
left_child=2 3 -1 -2 -4 -6
right_child=1 -3 4 -5 5 -7
leaf_value=0.020750600971257471 -0.031111530109643099 -0.037662560084082017 0.078301325215711398 0.0080161004624524322 0.020224878868905179 0.070847513810404536
leaf_weight=1355.7952529042959 858.45683665573597 3087.6024122834206 704.84088069200516 2009.3622205853462 596.04590417444706 462.78688608109951
leaf_count=5637 3419 13466 484 7547 381 247
internal_value=0.000212003 -0.0213393 0.0413243 -0.00373018 0.0570366 0.0425796
internal_weight=9074.89 5955.42 3119.47 2867.82 1763.67 1058.83
internal_count=31181 24432 6749 10966 1112 628
is_linear=0
shrinkage=0.05


Tree=6
num_leaves=7
num_cat=0
split_feature=35 35 37 24 16 4
split_gain=2691.45 641.368 374.716 306.613 240.997 212.047
threshold=2892.4106944444452 110.55194444444446 0.25833333333333336 102.50000000000001 630.50000000000011 120754.50000000001
decision_type=8 10 2 8 10 10
left_child=1 -1 -3 -2 -4 -6
right_child=3 2 4 -5 5 -7
leaf_value=0.065410862927295102 -0.038009316046217184 -0.039881238264811159 0.01287218357002789 -0.0093170128458575138 0.057004950488107824 0.0088446550062612518
leaf_weight=831.75653252005577 2967.1798271089792 264.46764051914215 2509.8352894037962 1361.7154911160469 704.87237572669983 340.16577589511871
leaf_count=603 13125 899 7963 5453 1911 1036
internal_value=-0.000648574 0.0257462 0.017034 -0.0290049 0.0213183 0.0414453
internal_weight=8979.99 4651.1 3819.34 4328.9 3554.87 1045.04
internal_count=30990 12412 11809 18578 10910 2947
is_linear=0
shrinkage=0.05


Tree=7
num_leaves=7
num_cat=0
split_feature=35 24 38 0 36 34
split_gain=2602.24 579.342 363.106 362.332 225.856 170.784
threshold=1332.7075000000002 706.50000000000011 1.0000000180025095e-35 34.500000000000007 4824.6498611111119 3587.7365277777781
decision_type=8 8 2 10 10 8
left_child=2 3 -1 5 -5 -2
right_child=1 -3 -4 4 -6 -7
leaf_value=0.017622107848030796 -0.02323606473015926 0.034814120104886014 0.052196122339882273 0.0023352024260444855 -0.042719928764311549 -0.045334414344669102
leaf_weight=1359.3146339952946 1922.2683250904083 447.17876690626144 1737.2422843575478 1493.5489866882563 336.68363951146603 1634.0237744003534
leaf_count=5614 7763 1600 1103 5870 1431 7673
internal_value=6.03225e-05 -0.0196005 0.0370718 -0.024146 -0.0060468 -0.0334391
internal_weight=8930.26 5833.7 3096.56 5386.52 1830.23 3556.29
internal_count=31054 24337 6717 22737 7301 15436
is_linear=0
shrinkage=0.05


Tree=8
num_leaves=7
num_cat=0
split_feature=35 29 24 37 38 12
split_gain=2401.32 621.343 310.725 285.835 218.306 188.678
threshold=2665.1501388888896 2.5000000000000004 102.50000000000001 0.44949494949494956 1.0000000180025095e-35 21.500000000000004
decision_type=8 2 8 2 2 10
left_child=1 3 5 -1 -5 -2
right_child=2 -3 -4 4 -6 -7
leaf_value=-0.0073538360109902199 -0.045901486686467381 0.076462782122254588 -0.006577149008181825 0.015211855153706648 0.041925102231150986 -0.02034859419683218
leaf_weight=809.16407240927219 1702.0661513060331 532.5681290179491 1422.0861407369375 1932.6367362290621 1271.3660732954741 1275.8372454941273
leaf_count=2504 7910 368 5789 8023 967 5571
internal_value=0.000480105 0.0259526 -0.0258358 0.0191629 0.0258606 -0.0350062
internal_weight=8945.72 4545.74 4399.99 4013.17 3204 2977.9
internal_count=31132 11862 19270 11494 8990 13481
is_linear=0
shrinkage=0.05


Tree=9
num_leaves=7
num_cat=0
split_feature=35 29 0 37 38 21
split_gain=2068.13 543.345 256.394 235.273 211.654 167.643
threshold=2818.6045833333342 2.5000000000000004 23.500000000000004 0.25833333333333336 1.0000000180025095e-35 0.47181396888447541
decision_type=8 2 8 2 2 10
left_child=1 3 -2 -1 -5 -4
right_child=2 -3 5 4 -6 -7
leaf_value=-0.028662100526447278 -0.036398781807596585 0.069263880418710094 0.0076020426176219812 0.01022735985232559 0.034487222411568902 -0.023768326707823282
leaf_weight=268.6035670787096 2436.7533044368029 542.84962353110313 701.32326014339924 2392.9805917590857 1441.5001456141472 1071.787146538496
leaf_count=854 11165 374 2961 9961 1077 4683
internal_value=-0.000517544 0.0224718 -0.0258848 0.0162043 0.0193804 -0.0113738
internal_weight=8855.8 4645.93 4209.86 4103.08 3834.48 1773.11
internal_count=31075 12266 18809 11892 11038 7644
is_linear=0
shrinkage=0.05


Tree=10
num_leaves=7
num_cat=0
split_feature=35 16 29 4 24 2
split_gain=1935.93 591.371 262.477 220.772 199.497 175.391
threshold=1187.8637500000002 291.50000000000006 2.5000000000000004 2535.5000000000005 706.50000000000011 4107.5000000000009
decision_type=8 8 2 10 8 10
left_child=2 3 5 -2 -3 -1
right_child=1 4 -4 -5 -6 -7
leaf_value=0.039959241654860311 -0.045723542434188497 0.00015917611103288576 0.064968971368013897 -0.019497122100723449 0.042728598646211854 0.012613528314604015
leaf_weight=1164.9212934523821 1069.1993394941092 1288.220294341445 536.41202925145626 3245.0155320465565 345.00757263600826 1189.1075608581305
leaf_count=2724 4995 5037 374 13894 1124 2930
internal_value=-3.78729e-05 -0.0163498 0.0334961 -0.0260423 0.00925462 0.0262019
internal_weight=8837.88 5947.44 2890.44 4314.21 1633.23 2354.03
internal_count=31078 25050 6028 18889 6161 5654
is_linear=0
shrinkage=0.05


Tree=11
num_leaves=7
num_cat=0
split_feature=35 38 24 12 24 14
split_gain=1693.73 408.248 263.063 211.27 204.814 181.222
threshold=2533.575416666667 1.0000000180025095e-35 108.50000000000001 21.500000000000004 837.50000000000011 39.500000000000007
decision_type=8 2 8 10 10 10
left_child=1 4 3 -2 -1 -3
right_child=2 5 -4 -5 -6 -7
leaf_value=0.0011248560628714693 -0.041675278315589676 0.024665886809057718 -0.0035744342636405465 -0.014821164783469665 0.036975308586999059 0.055057641798423922
leaf_weight=1941.5597697198391 1677.2148610204458 1059.9905003160238 1386.1915849745274 1311.7727656513453 496.3537111133337 932.9136518985033
leaf_count=8126 8126 739 5678 5908 2013 556
internal_value=0.000458513 0.0222362 -0.0215963 -0.0299343 0.00848467 0.038995
internal_weight=8806 4430.82 4375.18 2988.99 2437.91 1992.9
internal_count=31146 11434 19712 14034 10139 1295
is_linear=0
shrinkage=0.05


Tree=12
num_leaves=7
num_cat=0
split_feature=35 0 35 24 12 35
split_gain=1523.37 394.568 285.594 198.483 203.954 148.69
threshold=1501.2641666666671 33.500000000000007 110.55194444444446 94.500000000000014 21.500000000000004 5507.604444444446
decision_type=8 8 10 10 10 10
left_child=2 3 -1 4 -2 -3
right_child=1 5 -4 -5 -6 -7
leaf_value=0.050683522655452853 -0.047527348223094651 0.0078405045322531685 0.017457477321817776 -0.0086980347050717721 -0.017714109655157566 -0.025100527078123248
leaf_weight=870.37801674008369 1368.599469050765 1599.343110486865 2516.8172725588083 1033.5936676412821 1000.5016076266766 430.58057205379009
leaf_count=608 6799 6169 6916 4260 4479 1987
internal_value=-0.000236998 -0.0166402 0.0260574 -0.0270355 -0.0350007 0.000808658
internal_weight=8819.81 5432.62 3387.2 3402.69 2369.1 2029.92
internal_count=31218 23694 7524 15538 11278 8156
is_linear=0
shrinkage=0.05


Tree=13
num_leaves=7
num_cat=0
split_feature=35 16 29 24 37 22
split_gain=1468.25 500.168 239.712 193.62 169.752 161.657
threshold=1332.7075000000002 291.50000000000006 2.5000000000000004 186.50000000000003 0.31009615384615391 0.67760486003020393
decision_type=8 8 2 10 2 10
left_child=2 3 5 -2 -3 -1
right_child=1 4 -4 -5 -6 -7
leaf_value=0.039354612974319025 -0.029714220842744672 -0.027467983283977739 0.058170988011875258 -0.0015727987762672554 0.016721175103363333 0.012425746092205517
leaf_weight=814.0587146282196 3355.9802524447441 258.29612530767918 519.00435833632946 747.7905820608139 1246.851185515523 1768.939467549324
leaf_count=1980 15728 1122 376 2891 4646 4340
internal_value=-0.000297682 -0.01556 0.0272797 -0.0245944 0.0090721 0.0209723
internal_weight=8710.92 5608.92 3102 4103.77 1505.15 2583
internal_count=31083 24387 6696 18619 5768 6320
is_linear=0
shrinkage=0.05


Tree=14
num_leaves=7
num_cat=0
split_feature=35 30 24 24 12 16
split_gain=1357.94 421.494 223.755 164.902 161.988 142.535
threshold=2818.6045833333342 2.5000000000000004 108.50000000000001 872.50000000000011 20.500000000000004 717.50000000000011
decision_type=8 2 10 10 10 10
left_child=1 3 4 5 -2 -1
right_child=2 -3 -4 -5 -6 -7
leaf_value=-0.00085347217496424099 -0.040228249955033255 0.044137766272717566 -0.0041222979740431244 0.03354769474549589 -0.015826256244694321 0.027716809063891595
leaf_weight=2358.5009170472622 1548.0174955278635 1158.7521162182093 1268.4803635329008 580.3040979206562 1228.2268102318048 530.62686964869499
leaf_count=7388 7937 1644 5234 1666 5633 1517
internal_value=-0.00039324 0.0180933 -0.0215427 0.00934377 -0.0294805 0.00443266
internal_weight=8672.91 4628.18 4044.72 3469.43 2776.24 2889.13
internal_count=31019 12215 18804 10571 13570 8905
is_linear=0
shrinkage=0.05


Tree=15
num_leaves=7
num_cat=0
split_feature=35 34 4 36 37 35
split_gain=1323.49 396.03 218.611 187.514 158.601 174.26
threshold=2818.6045833333342 14.850416666666669 2364.5000000000005 5118.1291666666675 0.55363984674329514 3638.3798611111115
decision_type=8 10 8 10 2 10
left_child=1 -1 -2 4 -4 -6
right_child=2 -3 3 -5 5 -7
leaf_value=0.036048677901797298 -0.042574904094173804 0.0064996800011299719 -0.013067926805202849 -0.03603176280301601 -0.016645703167414986 0.049465883956632012
leaf_weight=1946.9072837680578 861.44873820245266 2712.4206015169621 1993.7717705368996 741.69372746348381 170.75782890617847 228.00785563886166
leaf_count=872 4440 11283 9276 3515 650 969
internal_value=0.000775161 0.0188722 -0.0203248 -0.0141513 -0.00730728 0.0213003
internal_weight=8655.01 4659.33 3995.68 3134.23 2392.54 398.766
internal_count=31005 12155 18850 14410 10895 1619
is_linear=0
shrinkage=0.05


Tree=16
num_leaves=7
num_cat=0
split_feature=35 16 24 4 28 23
split_gain=1087.92 355.042 196.84 171.309 160.054 140.628
threshold=2846.2472222222227 548.50000000000011 68.500000000000014 41151.000000000007 2.5000000000000004 5.0353701788701182
decision_type=8 10 8 10 2 10
left_child=1 4 5 -3 -1 -2
right_child=2 3 -4 -5 -6 -7
leaf_value=0.0032007312036591499 -0.034097100835386834 0.052737376710167816 -0.0067628299858827545 0.020367540648236666 0.056010046216397519 0.0034776052470964765
leaf_weight=2891.1273383647203 1943.9435666799545 725.10601045191288 1716.9652473330498 953.26408541202545 146.02435564994812 284.48406094312668
leaf_count=8427 9990 1438 7493 2477 73 1300
internal_value=-0.00015486 0.0160469 -0.019515 0.0344674 0.00582765 -0.0293032
internal_weight=8660.91 4715.52 3945.39 1678.37 3037.15 2228.43
internal_count=31198 12415 18783 3915 8500 11290
is_linear=0
shrinkage=0.05


Tree=17
num_leaves=7
num_cat=0
split_feature=35 16 29 21 16 4
split_gain=1055.08 451.313 220.752 156.011 151.014 185.051
threshold=1187.8637500000002 288.50000000000006 2.5000000000000004 0.52539302382706965 706.50000000000011 95154.500000000015
decision_type=8 8 2 10 10 10
left_child=2 3 4 -2 -1 -6
right_child=1 -3 -4 -5 5 -7
leaf_value=0.0098875212485957566 -0.012799893393292353 0.0099718507198006331 0.053799382537608499 -0.032659122004589446 0.056206967080648366 0.00321740167782913
leaf_weight=1665.9242153614759 2396.9965030550957 1639.6137846857309 531.02930179238319 1692.334861472249 458.31918668746948 256.66803613305092
leaf_count=4037 10621 6145 384 8342 986 596
internal_value=0.000285 -0.0121694 0.0247667 -0.0210483 0.0181922 0.0373391
internal_weight=8640.89 5728.95 2911.94 4089.33 2380.91 714.987
internal_count=31111 25108 6003 18963 5619 1582
is_linear=0
shrinkage=0.05


Tree=18
num_leaves=7
num_cat=0
split_feature=35 30 37 40 24 4
split_gain=918.682 385.715 259.72 180.473 124.702 121.057
threshold=5294.693194444445 2.5000000000000004 0.37797619047619052 11.500000000000002 447.50000000000006 68962.500000000015
decision_type=8 2 2 2 8 10
left_child=1 2 5 -2 -5 -1
right_child=3 -3 -4 4 -6 -7
leaf_value=-0.029316091165663236 0.062932109534022465 0.037926186002857444 0.011331084907352266 -0.027400410456912029 0.041200462250587384 0.0074341163380529643
leaf_weight=677.30377043783665 54.099942922592163 1106.0311210602522 3657.7472701370716 2595.0462646484375 63.713604256510735 331.10904172062874
leaf_count=2631 18 1640 11904 13468 252 1164
internal_value=0.000170111 0.0114478 0.00513772 -0.0238026 -0.0256822 -0.0172721
internal_weight=8485.05 5772.19 4666.16 2712.86 2658.76 1008.41
internal_count=31077 17339 15699 13738 13720 3795
is_linear=0
shrinkage=0.05


Tree=19
num_leaves=7
num_cat=0
split_feature=38 36 16 21 4 4
split_gain=735.41 453.117 184.729 119.584 104.062 103.263
threshold=1.0000000180025095e-35 3513.7331944444445 566.50000000000011 0.67496898263027305 2183.5000000000005 154994.50000000003
decision_type=2 8 8 10 10 10
left_child=1 4 3 -2 -1 -3
right_child=2 5 -4 -5 -6 -7
leaf_value=-0.025601215614485598 0.020112667472143766 -0.029853357476463324 0.042816571818117988 -0.015931508722531129 0.0030826526515706858 0.026379742526435757
leaf_weight=341.05784013867378 1170.9355503618717 2099.0327063053846 816.90735156834126 282.11543501913548 3659.4575093835592 81.245986253023148
leaf_count=1723 789 11320 609 254 15936 404
internal_value=-0.000453215 -0.00939258 0.0238546 0.0130839 0.000608348 -0.0277023
internal_weight=8450.75 6180.79 2269.96 1453.05 4000.52 2180.28
internal_count=31035 29383 1652 1043 17659 11724
is_linear=0
shrinkage=0.05


Tree=20
num_leaves=7
num_cat=0
split_feature=35 24 29 4 37 8
split_gain=792.201 290.85 216.645 202.811 160.948 147.805
threshold=1332.7075000000002 706.50000000000011 2.5000000000000004 2364.5000000000005 0.37797619047619052 14.500000000000002
decision_type=8 8 2 10 2 10
left_child=2 3 -1 -2 -5 -6
right_child=1 -3 -4 4 5 -7
leaf_value=0.014384181214683503 -0.036792981020626392 0.025384086268625164 0.050802917191811986 -0.021852534683601803 0.013739983849180015 -0.012268356174566574
leaf_weight=2595.1783193945885 892.2733563631773 478.10128869116306 481.59011314809322 1739.4268576204777 920.84218828380108 1327.5328522622585
leaf_count=6322 4790 1666 380 8497 3764 5617
internal_value=-4.45172e-05 -0.011653 0.0201578 -0.0153038 -0.0104556 -0.00160955
internal_weight=8434.94 5358.18 3076.77 4880.08 3987.8 2248.38
internal_count=31036 24334 6702 22668 17878 9381
is_linear=0
shrinkage=0.05


Tree=21
num_leaves=7
num_cat=0
split_feature=35 34 14 15 24 36
split_gain=740.091 264.738 162.391 146.45 144.012 143.457
threshold=2846.2472222222227 37.387361111111119 1.0000000180025095e-35 146.50000000000003 831.50000000000011 5118.1291666666675
decision_type=8 10 8 10 10 10
left_child=1 3 -2 -1 -3 -4
right_child=2 4 5 -5 -6 -7
leaf_value=0.016387293452808014 -0.031439893794490345 -0.0031650621134783406 -0.0033216561254913769 0.044927359504757264 0.02585954141859453 -0.032625716665854516
leaf_weight=1246.7933547198772 1277.5159638077021 2146.5816161632538 1976.214650541544 707.07948605716228 528.36396658420563 525.04902838170528
leaf_count=681 6827 9012 9274 447 2124 2617
internal_value=-0.000559672 0.0128378 -0.0169662 0.0268039 0.00260552 -0.00952579
internal_weight=8407.6 4628.82 3778.78 1953.87 2674.95 2501.26
internal_count=30982 12264 18718 1128 11136 11891
is_linear=0
shrinkage=0.05


Tree=22
num_leaves=7
num_cat=0
split_feature=35 37 34 25 12 7
split_gain=659.129 377.823 236.383 146.917 116.663 112.424
threshold=5507.604444444446 0.39047619047619053 52.826111111111125 0.022935478215131064 671.50000000000011 4.5000000000000009
decision_type=8 2 10 10 10 10
left_child=1 4 5 -2 -1 -3
right_child=3 2 -4 -5 -6 -7
leaf_value=-0.021227467161276249 0.032949829716158202 0.012870929705837609 0.0070843636882003446 -0.023586635860005256 0.035102438027174034 0.039631986200409336
leaf_weight=1032.6182346791029 116.35660935938358 606.95448705554008 2873.1434476077557 2429.1517829298973 96.351848438382149 1140.685151129961
leaf_count=3865 496 322 12194 12909 281 866
internal_value=0.000215527 0.00959271 0.0159264 -0.0209428 -0.0162864 0.0304011
internal_weight=8295.26 5749.75 4620.78 2545.51 1128.97 1747.64
internal_count=30933 17528 13382 13405 4146 1188
is_linear=0
shrinkage=0.05


Tree=23
num_leaves=7
num_cat=0
split_feature=36 38 4 24 21 25
split_gain=643.234 287.325 215.774 137.445 131.588 193.043
threshold=2701.1322222222229 1.0000000180025095e-35 236708.50000000003 831.50000000000011 0.48758930771125897 0.53194581890153392
decision_type=8 2 8 10 10 10
left_child=1 3 4 -1 5 -2
right_child=2 -3 -4 -5 -6 -7
leaf_value=-0.0032006062673473703 0.039575155544386821 0.024866520703064391 0.079224754453304583 0.023262798148742464 -0.032531713163540914 -0.017909538225987658
leaf_weight=3068.0979864150286 163.37091214954853 1929.3938154131174 48.714795425534248 578.8886833190918 1433.2956783771515 1105.7488562613726
leaf_count=13658 741 1296 166 2335 7670 5311
internal_value=-0.000469921 0.00928959 -0.0202329 0.00102605 -0.0221687 -0.0103834
internal_weight=8327.51 5576.38 2751.13 3646.99 2702.42 1269.12
internal_count=31177 17289 13888 15993 13722 6052
is_linear=0
shrinkage=0.05


Tree=24
num_leaves=7
num_cat=0
split_feature=35 16 2 28 20 37
split_gain=536.225 209.81 163.905 155.18 150.603 138.134
threshold=2846.2472222222227 558.50000000000011 288.50000000000006 2.5000000000000004 0.66678090015992697 0.86240703177822864
decision_type=8 10 8 2 10 2
left_child=1 3 -2 5 -4 -1
right_child=2 -3 4 -5 -6 -7
leaf_value=0.0024967597773753385 -0.03189399285815199 0.025526190964758024 -0.0047838159803918513 0.050535991836037276 -0.047196768690493551 -0.053541775635008115
leaf_weight=2803.9265552461147 1031.0270529985428 1545.0600882917643 2441.2366807609797 157.31511089205742 224.12269966304302 109.44938096404076
leaf_count=8125 5789 3761 11733 81 1314 358
internal_value=-0.000830088 0.0105297 -0.0150104 0.00295483 -0.0084319 0.000303385
internal_weight=8312.14 4615.75 3696.39 3070.69 2665.36 2913.38
internal_count=31161 12325 18836 8564 13047 8483
is_linear=0
shrinkage=0.05


Tree=25
num_leaves=7
num_cat=0
split_feature=35 37 23 24 23 24
split_gain=507.15 272.561 207.279 188.104 146.957 115.908
threshold=5436.9231944444455 0.37797619047619052 12.99467867376177 92.500000000000014 5.936436594464511 447.50000000000006
decision_type=8 2 10 10 8 10
left_child=1 -1 3 -3 5 -2
right_child=4 2 -4 -5 -6 -7
leaf_value=-0.014879056459601437 -0.025569634871590724 -0.0050949572959093983 0.073274751433323959 0.017349103865967597 0.01334818350288588 0.05141980829060995
leaf_weight=1093.1684552580118 2148.1478077769279 1303.0818874537945 132.6563559025526 3269.9997710585594 298.57388380169868 45.524088725447655
leaf_count=4046 12021 4236 120 9124 1380 173
internal_value=-0.000542949 0.00756399 0.0127879 0.0109552 -0.0193834 -0.0238586
internal_weight=8291.15 5798.91 4705.74 4573.08 2492.25 2193.67
internal_count=31100 17526 13480 13360 13574 12194
is_linear=0
shrinkage=0.05


Tree=26
num_leaves=7
num_cat=0
split_feature=36 28 16 4 4 8
split_gain=461.422 267.931 195.836 195.576 144.44 130.405
threshold=2914.9948611111117 2.5000000000000004 558.50000000000011 236708.50000000003 132140.00000000003 33.500000000000007
decision_type=8 2 10 10 10 10
left_child=1 2 -1 -2 -4 -6
right_child=3 -3 4 -5 5 -7
leaf_value=-0.00051607274894461879 -0.018951285384844356 0.053740529176041385 0.029848697864830007 0.077591752067618994 0.050251911380694715 -0.016036983632488573
leaf_weight=3764.2388664782047 2573.5187422484159 302.3130529075861 1141.0709054619074 48.709205806255341 87.102983370423317 376.79279628396034
leaf_count=12834 13532 168 2996 162 265 1153
internal_value=0.000311539 0.00832979 0.00572532 -0.0170137 0.0203198 -0.00318718
internal_weight=8293.75 5671.52 5369.21 2622.23 1604.97 463.896
internal_count=31110 17416 17248 13694 4414 1418
is_linear=0
shrinkage=0.05


Tree=27
num_leaves=7
num_cat=0
split_feature=35 24 4 28 2 12
split_gain=441.545 259.052 168.168 142.906 132.146 129.476
threshold=1187.8637500000002 706.50000000000011 2364.5000000000005 2.5000000000000004 3761.5000000000005 32.500000000000007
decision_type=8 8 10 2 10 10
left_child=3 2 5 4 -1 -2
right_child=1 -3 -4 -5 -6 -7
leaf_value=0.023941918634105386 -0.044186027277021048 0.023452547067645105 -0.0082057120981024502 0.049088329601623404 0.00097862101761669331 0.0005598064503582992
leaf_weight=1180.8925728201866 625.70419375598431 554.74125193059444 4037.363408178091 282.42112648487091 1329.1257262676954 217.22515220940113
leaf_count=2730 3736 1799 18582 161 3157 1123
internal_value=-0.000483433 -0.00878432 -0.0124689 0.0156597 0.0118083 -0.0327196
internal_weight=8227.47 5435.03 4880.29 2792.44 2510.02 842.929
internal_count=31288 25240 23441 6048 5887 4859
is_linear=0
shrinkage=0.05


Tree=28
num_leaves=7
num_cat=0
split_feature=37 15 36 3 2 24
split_gain=406.203 280.723 161.419 141.639 112.212 110.666
threshold=0.25833333333333336 97.500000000000014 1.7748611111111112 42235.500000000007 3417.5000000000005 27.500000000000004
decision_type=2 10 10 10 10 10
left_child=5 2 3 -2 -3 -1
right_child=1 4 -4 -5 -6 -7
leaf_value=-0.047760073884557379 -0.023388639949244821 0.03481685615158548 0.002597847257387141 0.058445308329975243 0.010942648726741852 -0.016188478112776669
leaf_weight=400.75737346708775 1051.3269137144089 736.69982106983662 3427.6972310096025 50.97053524851799 1485.9935315102339 908.2845852971077
leaf_count=2393 5669 1894 12088 220 4181 4436
internal_value=-0.000563032 0.00438343 -0.00276014 -0.0193578 0.018916 -0.0259989
internal_weight=8061.73 6752.69 4529.99 1102.3 2222.69 1309.04
internal_count=30881 24052 17977 5889 6075 6829
is_linear=0
shrinkage=0.05


Tree=29
num_leaves=7
num_cat=0
split_feature=37 15 21 4 0 24
split_gain=376.799 248.268 174.163 117.352 104.258 93.7938
threshold=0.25833333333333336 121.50000000000001 0.6002056202878685 32445.000000000004 18.500000000000004 27.500000000000004
decision_type=2 10 10 10 10 10
left_child=5 2 -2 -3 -4 -1
right_child=1 3 4 -5 -6 -7
leaf_value=-0.045539751207948426 0.0040325298795436506 0.03692301868801031 -0.037036304375962101 0.010554652599196242 -0.0072727687383310636 -0.016181827344332364
leaf_weight=389.97555714845657 3608.8367399722338 642.73953180015087 434.88296906650066 1228.6571366786957 898.69670113921165 908.10330419242382
leaf_count=2381 13548 1438 2399 3538 3388 4412
internal_value=-0.00050716 0.00420106 -0.00167585 0.0196852 -0.0170808 -0.0251426
internal_weight=8111.89 6813.81 4942.42 1871.4 1333.58 1298.08
internal_count=31104 24311 19335 4976 5787 6793
is_linear=0
shrinkage=0.05


Tree=30
num_leaves=7
num_cat=0
split_feature=38 37 34 29 37 8
split_gain=392.891 231.683 151.229 142.474 117.746 108.514
threshold=1.0000000180025095e-35 0.25833333333333336 6301.748611111112 2.5000000000000004 0.68857758620689669 6.5000000000000009
decision_type=2 2 8 2 2 10
left_child=1 -1 -3 4 -2 -4
right_child=3 2 5 -5 -6 -7
leaf_value=-0.026952589430884123 0.0029595748319919454 0.0021505810288162102 0.0037211206657011258 0.045282515126863439 0.029724723681172141 -0.034858287506955653
leaf_weight=1134.5014699399471 1211.913570612669 3969.6956432759762 276.55470718443394 388.51503930985928 617.70183856785297 524.61386586725712
leaf_count=6730 941 17989 1694 191 512 3110
internal_value=4.33283e-05 -0.00669643 -0.00185638 0.0179614 0.0120522 -0.0216006
internal_weight=8123.5 5905.37 4770.86 2218.13 1829.62 801.169
internal_count=31167 29523 22793 1644 1453 4804
is_linear=0
shrinkage=0.05


Tree=31
num_leaves=7
num_cat=0
split_feature=35 4 29 12 23 36
split_gain=384.755 214.005 190.445 135.459 132.007 126.281
threshold=1244.207916666667 2364.5000000000005 2.5000000000000004 32.500000000000007 0.55985639324761194 5118.1291666666675
decision_type=8 8 2 10 10 10
left_child=2 3 4 -2 -1 -3
right_child=1 5 -4 -5 -6 -7
leaf_value=0.035858084184025522 -0.043708890475632867 9.760146168806914e-05 0.046767795734244805 0.0033468887052780501 0.0047053013646657068 -0.024025567860946798
leaf_weight=402.09006293118 586.9843981564045 3743.3575731366873 401.74781128764153 205.3043264746666 2078.2946495860815 629.4521698653698
leaf_count=871 3743 16348 356 1068 5082 3519
internal_value=0.000419058 -0.00774615 0.0150401 -0.0315709 0.00981739 -0.00339833
internal_weight=8047.23 5165.1 2882.13 792.289 2480.38 4372.81
internal_count=30987 24678 6309 4811 5953 19867
is_linear=0
shrinkage=0.05


Tree=32
num_leaves=7
num_cat=0
split_feature=38 24 35 21 36 18
split_gain=381.436 201.692 175.673 173.169 151.04 104.171
threshold=1.0000000180025095e-35 19.500000000000004 228.41652777777782 0.50062034739454109 4917.4005555555568 17.500000000000004
decision_type=2 10 10 10 10 10
left_child=1 -1 3 -2 -3 -4
right_child=2 4 5 -5 -6 -7
leaf_value=-0.025209445144208188 0.054070924159237747 0.0019104529046152603 -0.0019321738298367084 0.010182525791942868 -0.02534486992535781 0.031865100738047332
leaf_weight=1096.4578749462962 519.4835911244154 4132.2748622149229 934.94539065659046 398.18342044949532 574.52845539152622 296.30904366075993
leaf_count=6739 280 18974 907 296 3528 170
internal_value=0.00071617 -0.00594862 0.0186868 0.0351858 -0.00143979 0.00629733
internal_weight=7952.18 5803.26 2148.92 917.667 4706.8 1231.25
internal_count=30894 29241 1653 576 22502 1077
is_linear=0
shrinkage=0.05


Tree=33
num_leaves=7
num_cat=0
split_feature=34 37 22 24 16 36
split_gain=315.162 325.218 164.995 122.634 157.467 99.2012
threshold=5507.9051388888902 0.37797619047619052 24.457002346748819 81.500000000000014 825.50000000000011 1.7748611111111112
decision_type=8 2 8 10 10 8
left_child=1 5 3 4 -3 -1
right_child=-2 2 -4 -5 -6 -7
leaf_value=-0.062603765562517372 -0.023341861307626336 -0.0092967117771975971 0.071867751308094779 0.01495645239422182 0.036351702262006284 -0.01065404366848121
leaf_weight=92.424427658319473 1175.4285050407052 1234.6625256538391 104.76252725720406 3454.5836568772793 217.90575641393661 1724.6329347491264
leaf_count=379 7471 4617 107 10016 532 7991
internal_value=0.000515592 0.0046361 0.011204 0.0098371 -0.0023476 -0.013461
internal_weight=8004.4 6828.97 5011.91 4907.15 1452.57 1817.06
internal_count=31113 23642 15272 15165 5149 8370
is_linear=0
shrinkage=0.05


Tree=34
num_leaves=7
num_cat=0
split_feature=35 24 4 23 3 24
split_gain=292.77 222.305 154.344 114.224 115.082 99.1154
threshold=1043.035277777778 706.50000000000011 2183.5000000000005 12.99467867376177 4688.5000000000009 3.5000000000000004
decision_type=8 8 10 10 10 10
left_child=3 2 5 4 -1 -2
right_child=1 -3 -4 -5 -6 -7
leaf_value=0.027676294105387824 0.014156761796965289 0.021971763939235903 -0.0061404144564363985 0.061327023216428134 0.0043213293905525101 -0.038549189303095824
leaf_weight=772.84904108941555 101.33987689763308 611.48996068537235 4099.8476332873106 117.87707376480103 1645.9761045575142 622.53731736540794
leaf_count=1686 565 2026 19201 118 3514 3999
internal_value=0.000232214 -0.0063133 -0.00991796 0.0142417 0.0118253 -0.0311241
internal_weight=7971.92 5435.21 4823.72 2536.7 2418.83 723.877
internal_count=31109 25791 23765 5318 5200 4564
is_linear=0
shrinkage=0.05


Tree=35
num_leaves=7
num_cat=0
split_feature=30 37 4 12 13 1
split_gain=295.657 198.482 121.433 147.358 119.589 107.802
threshold=2.5000000000000004 0.25833333333333336 2304.5000000000005 51.500000000000007 52.500000000000007 1675.5000000000002
decision_type=2 2 8 10 10 10
left_child=1 -1 3 -3 5 -2
right_child=4 2 -4 -5 -6 -7
leaf_value=-0.022029679768215141 0.031150971854613609 -0.032248083683225251 0.0030130683296308129 0.027864859862529297 0.057428260586426749 -0.0068713596277113461
leaf_weight=1178.8746289536357 465.8667858839035 501.78706718981266 5103.7190767526627 123.50380983948708 224.56747722625732 306.04953818023205
leaf_count=6689 868 3076 19153 541 262 564
internal_value=0.000286326 -0.00339216 0.000458797 -0.0202481 0.0256762 0.0161287
internal_weight=7904.37 6907.88 5729.01 625.291 996.484 771.916
internal_count=31153 29459 22770 3617 1694 1432
is_linear=0
shrinkage=0.05


Tree=36
num_leaves=7
num_cat=0
split_feature=38 36 8 35 37 12
split_gain=299.528 155.431 121.599 87.915 83.5152 102.315
threshold=1.0000000180025095e-35 3513.7331944444445 1.5000000000000002 15925.140833333337 0.44949494949494956 888.50000000000011
decision_type=2 8 8 10 2 10
left_child=1 -1 -2 -3 -4 -6
right_child=2 3 4 -5 5 -7
leaf_value=-8.5845091097878284e-06 -0.012061856699183991 -0.013864034309318589 -0.0020154065607071877 -0.049668252581213206 0.034046997300988514 0.0047598228960118658
leaf_weight=3864.2508160695434 320.94632668793201 1659.611218906939 320.00155927240849 187.63802203536034 1093.1328893750906 411.86609718203545
leaf_count=17472 330 10359 203 1386 809 319
internal_value=0.000267903 -0.00571669 0.0161723 -0.0176252 0.021157 0.0260744
internal_weight=7857.45 5711.5 2145.95 1847.25 1825 1505
internal_count=30878 29217 1661 11745 1331 1128
is_linear=0
shrinkage=0.05


Tree=37
num_leaves=7
num_cat=0
split_feature=29 15 22 4 24 4
split_gain=233.774 175.904 114.245 117.127 74.583 99.5601
threshold=2.5000000000000004 1.0000000180025095e-35 35.665644235385699 2364.5000000000005 872.50000000000011 25782.500000000004
decision_type=2 8 8 10 10 10
left_child=1 -1 3 -3 -5 -6
right_child=-2 2 -4 4 5 -7
leaf_value=-0.025994531432965796 0.036830598409969294 -0.020911149045205576 0.058227748252924864 -0.00022024989719302679 0.042345868701672743 0.003957991515180447
leaf_weight=684.65742941200733 405.20442113280296 615.21640106290579 79.677609860897064 5283.2060279846191 245.254603728652 523.26054215431213
leaf_count=4223 373 3511 223 20490 668 1574
internal_value=8.48404e-05 -0.00194221 0.000516102 -0.000216738 0.00190258 0.0164032
internal_weight=7836.48 7431.27 6746.62 6666.94 6051.72 768.515
internal_count=31062 30689 26466 26243 22732 2242
is_linear=0
shrinkage=0.05


Tree=38
num_leaves=7
num_cat=0
split_feature=37 34 16 19 35 31
split_gain=214.725 188.807 124.384 124.038 101.265 95.1563
threshold=0.37797619047619052 5289.063472222223 958.50000000000011 4.5000000000000009 14711.324027777779 1.5000000000000002
decision_type=2 8 8 10 10 2
left_child=4 2 5 -3 -1 -2
right_child=1 3 -4 -5 -6 -7
leaf_value=-0.0098179164781831921 0.0072572862342243742 0.0089404354383765365 0.027272709650530955 -0.033697371085867088 -0.046417863911450356 -0.022945201434695674
leaf_weight=1971.6485946848989 3892.0241099745035 263.03381437063217 752.95270119607449 471.2012537419796 204.78345391899347 274.6675111502409
leaf_count=9736 13262 1666 1887 3033 1559 82
internal_value=-3.29848e-05 0.00510451 0.00863742 -0.0184656 -0.0133602 0.00524123
internal_weight=7830.31 5653.88 4919.64 734.235 2176.43 4166.69
internal_count=31225 19930 15231 4699 11295 13344
is_linear=0
shrinkage=0.05


Tree=39
num_leaves=7
num_cat=0
split_feature=37 23 34 16 4 21
split_gain=215.415 129.241 173.574 102.394 92.3032 83.2058
threshold=0.25833333333333336 5.0353701788701182 1.0000000180025095e-35 958.50000000000011 10865.500000000002 0.6002056202878685
decision_type=2 8 10 10 10 10
left_child=-1 2 -2 5 -5 -4
right_child=1 -3 3 4 -6 -7
leaf_value=-0.020085160317332637 -0.031433429571450996 0.02604519842049138 0.0043301637995598217 0.069452201287967058 0.013954770643524572 -0.010172674245907419
leaf_weight=1212.1653537154198 388.15465036779642 543.35002987086773 3694.6904003992677 81.583569884300232 593.52973836660385 1344.8101156502962
leaf_count=6890 2671 1950 12715 154 1629 5176
internal_value=-0.000746307 0.0027933 0.000703473 0.00291188 0.0211226 0.000453779
internal_weight=7858.28 6646.12 6102.77 5714.61 675.113 5039.5
internal_count=31185 24295 22345 19674 1783 17891
is_linear=0
shrinkage=0.05


Tree=40
num_leaves=7
num_cat=0
split_feature=15 21 12 37 23 2
split_gain=226.678 171.135 115.675 95.0226 108.279 96.0313
threshold=150.50000000000003 0.6002056202878685 473.50000000000006 0.73385416666666681 0.41922942928637869 15539.500000000002
decision_type=8 10 10 2 10 10
left_child=1 3 -3 4 -1 -5
right_child=-2 2 -4 5 -6 -7
leaf_value=-0.024544954274406502 0.016954730009951999 -0.026577187746280973 0.001165303375921109 0.010315856734468016 0.00069858994933484934 0.066058064386541299
leaf_weight=482.27228737622499 1547.6024192869663 1176.5250002294779 550.3549292832613 680.52711828052998 3311.4996424838901 82.649789184331894
leaf_count=2379 4271 6268 1896 2086 14045 211
internal_value=-0.000154653 -0.00437854 -0.0177578 0.000705526 -0.00253851 0.0167432
internal_weight=7831.43 6283.83 1726.88 4556.95 3793.77 763.177
internal_count=31156 26885 8164 18721 16424 2297
is_linear=0
shrinkage=0.05


Tree=41
num_leaves=7
num_cat=0
split_feature=37 28 16 2 38 25
split_gain=180.617 120.602 121.197 119.348 137.645 127.519
threshold=0.25833333333333336 2.5000000000000004 303.50000000000006 3761.5000000000005 1.0000000180025095e-35 0.26386813186813191
decision_type=2 2 8 10 2 10
left_child=-1 2 -2 4 -4 -5
right_child=1 -3 3 5 -6 -7
leaf_value=-0.018101810314823694 -0.004347351889293553 0.039732655481032178 0.0071528014760504259 0.028959255657554479 0.04325278209984993 -0.0047115144502413745
leaf_weight=1171.5636026114225 3503.6546994000673 212.97238932549953 620.75505043566227 341.65774540603161 457.68106931447983 1484.4260732084513
leaf_count=6791 15432 147 2634 1046 405 4658
internal_value=-4.88634e-05 0.00315672 0.00191111 0.00945505 0.0226023 0.00165011
internal_weight=7792.71 6621.15 6408.17 2904.52 1078.44 1826.08
internal_count=31113 24322 24175 8743 3039 5704
is_linear=0
shrinkage=0.05


Tree=42
num_leaves=7
num_cat=0
split_feature=15 22 36 36 19 16
split_gain=196.959 151.484 94.9172 88.7832 173.658 83.5191
threshold=1.0000000180025095e-35 35.665644235385699 5118.1291666666675 3806.3420833333334 4.5000000000000009 958.50000000000011
decision_type=8 8 8 10 10 10
left_child=-1 2 3 5 -5 -2
right_child=1 -3 -4 4 -6 -7
leaf_value=-0.026519571906437917 7.4193690438981852e-05 0.057769635866650987 -0.01157215439408316 -0.014932610345226312 0.083392069511809538 0.01781477227057884
leaf_weight=663.06330559402704 4810.6313117370009 114.1908106058836 1244.0508295893669 80.894272692501545 92.41797761619091 764.5567866563797
leaf_count=4212 16512 263 7316 478 305 1952
internal_value=-0.000563014 0.00187569 0.000922297 0.00363397 0.0383667 0.00252084
internal_weight=7769.81 7106.74 6992.55 5748.5 173.312 5575.19
internal_count=31038 26826 26563 19247 783 18464
is_linear=0
shrinkage=0.05


Tree=43
num_leaves=7
num_cat=0
split_feature=14 23 37 24 8 8
split_gain=163.44 119.582 111.419 102.171 123.326 152.811
threshold=19.500000000000004 11.426794385836724 0.69732205778717427 14.500000000000002 14.500000000000002 1.0000000180025095e-35
decision_type=8 8 2 10 10 10
left_child=3 2 -2 -1 5 -5
right_child=1 -3 -4 4 -6 -7
leaf_value=-0.022520973041909389 0.00031098065041858155 0.053629832930999238 0.020711794976263503 -0.0088499224034912036 -0.011724278232266572 0.018919952259947331
leaf_weight=745.78833498805761 2047.2168936058879 139.08968822658062 989.46058406680822 906.42731880396605 1819.7366038784385 1081.4866929873824
leaf_count=4804 7196 304 2554 4355 7326 4559
internal_value=0.000407383 0.00910559 0.00698143 -0.00566246 -0.00233525 0.00626731
internal_weight=7729.21 3175.77 3036.68 4553.44 3807.65 1987.91
internal_count=31098 10054 9750 21044 16240 8914
is_linear=0
shrinkage=0.05


Tree=44
num_leaves=7
num_cat=0
split_feature=37 28 21 36 3 21
split_gain=162.971 138.56 118.054 85.6137 135.879 110.239
threshold=0.25833333333333336 2.5000000000000004 0.06277844413982181 40.326250000000009 42235.500000000007 0.54890004782400781
decision_type=2 2 10 10 10 10
left_child=-1 2 -2 4 5 -4
right_child=1 -3 3 -5 -6 -7
leaf_value=-0.016682782215086064 0.07235689417273497 0.042473667405945513 -0.0013975388452674951 0.0053023893833847313 0.034168871593157034 -0.027882395708673492
leaf_weight=1159.1034459248185 54.497510693967342 216.72913452982903 974.99793078750372 4461.050093062222 171.07398651540279 653.72982055693865
leaf_count=6862 123 155 4244 15332 625 3749
internal_value=0.000553866 0.00362289 0.00225707 0.00158964 -0.00760211 -0.0120807
internal_weight=7691.18 6532.08 6315.35 6260.85 1799.8 1628.73
internal_count=31090 24228 24073 23950 8618 7993
is_linear=0
shrinkage=0.05


Tree=45
num_leaves=7
num_cat=0
split_feature=15 28 16 23 31 24
split_gain=162.664 114.293 100.657 110.54 101.92 109.184
threshold=1.0000000180025095e-35 4.5000000000000009 973.50000000000011 5.0353701788701182 1.5000000000000002 17.500000000000004
decision_type=8 2 8 10 2 10
left_child=-1 2 3 4 5 -2
right_child=1 -3 -4 -5 -6 -7
leaf_value=-0.024190875879876197 -0.021266778169667412 0.060025819408724285 0.018199613849731105 0.024423628092499202 -0.030495908043918107 0.0013393768992999136
leaf_weight=649.79178381711245 594.64995096623898 78.466916441917419 766.05827202647924 396.18196556717157 307.37468320131302 4884.242752186954
leaf_count=4228 3415 48 2187 1495 97 19515
internal_value=-0.000355227 0.00186451 0.00116503 -0.000958701 -0.0027162 -0.00113133
internal_weight=7676.77 7026.97 6948.51 6182.45 5786.27 5478.89
internal_count=30985 26757 26709 24522 23027 22930
is_linear=0
shrinkage=0.05


Tree=46
num_leaves=7
num_cat=0
split_feature=35 27 21 16 15 3
split_gain=146.197 125.513 107.822 88.3233 87.6556 89.6783
threshold=15925.140833333337 1.5000000000000002 0.6002056202878685 740.50000000000011 60.500000000000007 6569.0000000000009
decision_type=10 2 10 10 8 10
left_child=1 2 4 -4 -1 -6
right_child=-2 -3 3 -5 5 -7
leaf_value=-0.0018431200125188325 -0.047072928647535726 0.031794057416098941 -0.015296225171046483 0.01027273218345299 0.026472020682390893 0.0035845364784165158
leaf_weight=3210.0034908130765 159.74901473522186 303.08432549983263 1702.743013061583 417.25611334294081 662.48010608553886 1198.1500187963247
leaf_count=14160 1374 155 8143 1263 1993 3870
internal_value=-0.000481509 0.000542439 -0.00079599 -0.0102514 0.00316348 0.0117828
internal_weight=7653.47 7493.72 7190.63 2120 5070.63 1860.63
internal_count=30958 29584 29429 9406 20023 5863
is_linear=0
shrinkage=0.05


Tree=47
num_leaves=7
num_cat=0
split_feature=15 34 23 36 19 37
split_gain=154.48 117.117 97.5057 77.7749 80.7339 89.7301
threshold=1.0000000180025095e-35 29.43930555555556 1.5825191150864963 5118.1291666666675 13.500000000000002 0.23611111111111113
decision_type=8 8 8 10 10 2
left_child=-1 2 -2 -3 5 -5
right_child=1 3 -4 4 -6 -7
leaf_value=-0.023752678355755168 0.0046243419674562233 4.0831318999198661e-05 0.028684831080720476 -0.029486868885909276 -0.046618469824270731 0.024723479534056028
leaf_weight=630.63123770058155 1282.529540926218 4658.0366290509701 623.71114549785852 161.43307708203793 183.22521781176329 136.12886355817318
leaf_count=4202 731 22505 371 1226 1246 819
internal_value=-0.000144813 0.00198377 0.0125512 -0.00194462 -0.0209828 -0.00468795
internal_weight=7675.7 7045.06 1906.24 5138.82 480.787 297.562
internal_count=31100 26898 1102 25796 3291 2045
is_linear=0
shrinkage=0.05


Tree=48
num_leaves=7
num_cat=0
split_feature=29 34 19 35 16 36
split_gain=132.889 110.949 126.605 141.296 103.434 85.9179
threshold=2.5000000000000004 5507.9051388888902 4.5000000000000009 14711.324027777779 26.500000000000004 1.7748611111111112
decision_type=2 8 10 10 10 8
left_child=1 5 3 4 -3 -1
right_child=-2 2 -4 -5 -6 -7
leaf_value=-0.033120255778456807 0.029931875934695852 -0.0095232446938453702 -0.033287537393158456 -0.053895488909696268 0.040653765365479648 0.0018092968286920284
leaf_weight=176.27246472239494 342.77543844282627 214.1136079877615 545.27719163894653 88.424400098621845 189.73881550878286 6109.5855572596192
leaf_count=657 365 1650 3839 837 1134 22664
internal_value=-0.000267684 -0.00170064 -0.0168071 0.00159879 0.0142599 0.000804232
internal_weight=7666.19 7323.41 1037.55 492.277 403.852 6285.86
internal_count=31146 30781 7460 3621 2784 23321
is_linear=0
shrinkage=0.05


Tree=49
num_leaves=7
num_cat=0
split_feature=38 24 1 16 3 21
split_gain=116.385 106.066 83.2317 101.143 93.4984 105.507
threshold=1.0000000180025095e-35 13.500000000000002 1022.5000000000001 162.50000000000003 42235.500000000007 0.58364350703060397
decision_type=2 10 10 8 10 10
left_child=1 -1 3 -2 5 -4
right_child=2 -3 4 -5 -6 -7
leaf_value=-0.021707815959822234 -0.00045056504561585305 -0.00083840975666173991 0.0070221392439169354 0.034816566206721515 0.026851286914708641 -0.027459122708505063
leaf_weight=691.0044085457921 318.14869730174541 4864.7837684899569 600.7740286886692 557.54065984487534 283.56444478034973 345.37404794991016
leaf_count=4990 311 24379 342 505 244 287
internal_value=0.000343028 -0.00345124 0.0103399 0.0220738 0.00192854 -0.0056428
internal_weight=7661.19 5555.79 2105.4 875.689 1229.71 946.148
internal_count=31058 29369 1689 816 873 629
is_linear=0
shrinkage=0.05


Tree=50
num_leaves=7
num_cat=0
split_feature=38 20 4 12 35 16
split_gain=121.466 128.383 102.873 99.6092 76.6512 83.4293
threshold=1.0000000180025095e-35 0.12220435869953557 2246.5000000000005 25.500000000000004 15925.140833333337 44.500000000000007
decision_type=2 10 10 10 10 10
left_child=2 -2 3 -1 5 -4
right_child=1 -3 4 -5 -6 -7
leaf_value=-0.035903454693379161 0.025152871856030198 6.6203527457041903e-06 0.015200127116364119 0.0050377037231920385 -0.040186826103136362 -0.0026369910328747042
leaf_weight=425.47494689375162 896.97839963436127 1160.7969105094671 778.12821531295776 225.15852662920952 115.01156149059534 4019.2816597744823
leaf_count=3423 684 966 4589 1370 1067 19034
internal_value=0.000638326 0.0110022 -0.00320171 -0.021805 -0.000718106 0.00026896
internal_weight=7620.83 2057.78 5563.05 650.633 4912.42 4797.41
internal_count=31133 1650 29483 4793 24690 23623
is_linear=0
shrinkage=0.05


Tree=51
num_leaves=7
num_cat=0
split_feature=36 27 36 8 36 36
split_gain=110.515 103.036 92.4014 207.308 108.073 70.5721
threshold=5118.1291666666675 2.5000000000000004 3806.3420833333334 1.5000000000000002 3513.7331944444445 6841.5052777777792
decision_type=10 2 10 10 10 10
left_child=1 2 4 -4 -1 -2
right_child=5 -3 3 -5 -6 -7
leaf_value=0.00080399987581772348 -0.03447002135044127 0.051720568175943116 -0.02548961598437291 0.076808134083742707 -0.038804300479181188 0.00019931584075644324
leaf_weight=6566.8891894817352 363.39763276278973 95.629538312554359 81.956251084804535 113.04612439125776 171.85514624416828 243.913210965693
leaf_count=24797 2371 54 532 423 1290 1705
internal_value=-0.000284357 0.00148927 0.000759716 0.0342517 -0.000234134 -0.0206579
internal_weight=7636.69 7029.38 6933.75 195.002 6738.74 607.311
internal_count=31172 27096 27042 955 26087 4076
is_linear=0
shrinkage=0.05


Tree=52
num_leaves=7
num_cat=0
split_feature=37 35 12 24 8 12
split_gain=135.212 116.283 126.068 113.386 100.751 138.796
threshold=0.39047619047619053 228.41652777777782 788.50000000000011 81.500000000000014 14.500000000000002 411.50000000000006
decision_type=2 8 10 8 10 10
left_child=-1 2 -2 -3 5 -5
right_child=1 3 -4 4 -6 -7
leaf_value=-0.010760538367205516 0.033253611047805706 -0.0093514259408992422 -0.010167339617766469 0.032105988006218812 0.0015740954390698171 -0.023178565420421987
leaf_weight=2066.1018683761358 604.37997148931026 1658.231467038393 227.65222044289112 638.03320117294788 2285.6374210715294 134.07788345217705
leaf_count=11279 660 8447 360 2115 7772 453
internal_value=0.000142555 0.00420894 0.0213834 0.00115944 0.00686549 0.0224184
internal_weight=7614.11 5548.01 832.032 4715.98 3057.75 772.111
internal_count=31086 19807 1020 18787 10340 2568
is_linear=0
shrinkage=0.05


Tree=53
num_leaves=7
num_cat=0
split_feature=15 15 36 21 23 16
split_gain=139.037 87.2212 84.5346 79.2467 63.49 89.4619
threshold=1.0000000180025095e-35 150.50000000000003 1.7748611111111112 0.6002056202878685 0.96479764726789441 36.500000000000007
decision_type=8 8 8 10 10 10
left_child=-1 2 -2 -4 5 -5
right_child=1 -3 3 4 -6 -7
leaf_value=-0.022842469665435426 -0.034703644243081914 0.012822653155881504 0.0039789732716626188 0.037961644060759324 -0.018332135045124487 -0.0082752362772991108
leaf_weight=602.8641080185771 173.16860688477755 1483.7405418008566 3893.2050525397062 135.18438665568829 854.97788809984922 407.76638907939196
leaf_count=4231 759 4262 15233 770 3999 1811
internal_value=8.90561e-05 0.00209376 -0.000828549 0.000311834 -0.00987886 0.00347821
internal_weight=7550.91 6948.04 5464.3 5291.13 1397.93 542.951
internal_count=31065 26834 22572 21813 6580 2581
is_linear=0
shrinkage=0.05


Tree=54
num_leaves=7
num_cat=0
split_feature=24 23 34 21 31 27
split_gain=102.109 121.406 105.801 94.667 92.7938 76.2924
threshold=706.50000000000011 5.936436594464511 10765.585138888891 0.24989660876757655 1.5000000000000002 2.5000000000000004
decision_type=8 10 8 10 2 2
left_child=1 2 4 -3 5 -1
right_child=-2 3 -4 -5 -6 -7
leaf_value=-0.0017846325188300444 0.01292740925384211 0.071509717862936487 -0.026938488038342468 0.011348655876332495 -0.030161710518028656 0.056948197565894677
leaf_weight=5062.6050295382738 1221.7278092056513 75.435052998363972 486.77387387305498 364.98910825699568 286.24774162471294 50.903485774993896
leaf_count=21894 3514 227 3908 1421 91 29
internal_value=-0.000275787 -0.0028335 -0.00473432 0.02234 -0.0027096 -0.00114491
internal_weight=7548.68 6326.95 5886.53 440.424 5399.76 5113.51
internal_count=31084 27570 25922 1648 22014 21923
is_linear=0
shrinkage=0.05


Tree=55
num_leaves=7
num_cat=0
split_feature=37 34 21 2 25 34
split_gain=110.275 96.9114 78.611 110.605 80.3449 86.8896
threshold=0.37797619047619052 106.64805555555557 0.49277845655650593 915.50000000000011 0.52913342386691575 946.325138888889
decision_type=2 8 10 10 10 10
left_child=-1 -2 4 -4 -3 -6
right_child=1 2 3 -5 5 -7
leaf_value=-0.010124353909644264 0.012906379099934537 0.036280489150925459 -0.038201300646511789 -0.0033743781023642654 -0.0069958812987360496 0.013804355217962295
leaf_weight=2014.8838102370501 1832.354046985507 179.81003858149052 279.70570728182793 1150.1363571286201 1176.3768878728151 868.29025180637836
leaf_count=11153 1981 905 2155 5646 5249 3924
internal_value=-0.000135214 0.003539 -0.00116922 -0.0102966 0.00470758 0.00184929
internal_weight=7501.56 5486.67 3654.32 1429.84 2224.48 2044.67
internal_count=31013 19860 17879 7801 10078 9173
is_linear=0
shrinkage=0.05


Tree=56
num_leaves=7
num_cat=0
split_feature=23 24 12 34 31 35
split_gain=109.842 131.572 103.271 91.5195 98.0297 70.8964
threshold=5.0353701788701182 14.500000000000002 3928.5000000000005 10765.585138888891 1.5000000000000002 30.675000000000004
decision_type=8 10 10 8 2 10
left_child=1 -1 3 4 5 -3
right_child=-2 2 -4 -5 -6 -7
leaf_value=-0.023153843537056591 0.020969668238987257 0.022509774012352768 0.023556646491272083 -0.029011362180592245 -0.026525654576407542 -0.00039873294337416118
leaf_weight=689.34127704054117 531.89816497266293 357.86906767636538 420.8958864659071 291.48246758431196 334.78286004066467 4872.8938176482916
leaf_count=4689 2009 860 1404 2244 107 19756
internal_value=-0.000823092 -0.00250065 -0.000216224 -0.00194322 -0.00050082 0.00118858
internal_weight=7499.16 6967.27 6277.92 5857.03 5565.55 5230.76
internal_count=31069 29060 24371 22967 20723 20616
is_linear=0
shrinkage=0.05


Tree=57
num_leaves=7
num_cat=0
split_feature=21 4 37 23 35 36
split_gain=108.942 98.4823 89.0355 93.0039 89.7314 88.8852
threshold=0.06277844413982181 2364.5000000000005 0.73385416666666681 5.0353701788701182 3349.1543055555562 1.7748611111111112
decision_type=10 10 2 10 10 8
left_child=-1 -2 3 5 -4 -3
right_child=1 2 4 -5 -6 -7
leaf_value=0.065341581856627376 -0.017734466587207637 -0.03765567598648753 0.0089381796278142564 0.021478120837495035 0.055611090727332217 -0.0020364400208330771
leaf_weight=58.35137852281332 741.96088492125273 176.72599805891514 1246.4081838428974 403.70203394442797 107.66262184083462 4865.5067066922784
leaf_count=154 5000 706 3341 1488 438 19907
internal_value=4.73051e-05 -0.000500825 0.00139122 -0.00146459 0.0128401 -0.00332093
internal_weight=7600.32 7541.97 6800.01 5445.93 1354.07 5042.23
internal_count=31034 30880 25880 22101 3779 20613
is_linear=0
shrinkage=0.05


Tree=58
num_leaves=7
num_cat=0
split_feature=32 24 24 21 31 34
split_gain=125.894 92.6901 106.726 89.5255 100.11 97.4268
threshold=3.5000000000000004 872.50000000000011 1076.5000000000002 0.06277844413982181 1.5000000000000002 14.850416666666669
decision_type=2 10 10 10 2 8
left_child=1 3 -3 -1 5 -5
right_child=-2 2 -4 4 -6 -7
leaf_value=0.063619272759280227 0.033888446726873266 0.041147861372621448 0.0012406197283696071 0.010634830372000043 -0.034418964540699537 -0.0053570287848394163
leaf_weight=44.902711071074009 259.54339315742254 258.21518249809742 461.78175355494022 1167.1245821267366 248.49281112849712 5078.7620425373316
leaf_count=140 201 831 1415 641 79 27844
internal_value=7.45709e-06 -0.00122639 0.0157378 -0.0031048 -0.00361473 -0.00236263
internal_weight=7518.82 7259.28 719.997 6539.28 6494.38 6245.89
internal_count=31151 30950 2246 28704 28564 28485
is_linear=0
shrinkage=0.05


Tree=59
num_leaves=7
num_cat=0
split_feature=35 27 24 24 23 31
split_gain=92.7929 80.914 79.4419 111.214 85.3116 85.6277
threshold=15925.140833333337 2.5000000000000004 872.50000000000011 1076.5000000000002 5.0353701788701182 1.5000000000000002
decision_type=10 2 8 10 10 2
left_child=1 2 4 -4 5 -1
right_child=-2 -3 3 -5 -6 -7
leaf_value=-0.002286966410801033 -0.041237926922520408 0.048474472135699075 0.039511059473395768 0.00040587398101987716 0.017271217528273132 -0.029194660252770711
leaf_weight=5732.2315138578415 131.50424858927727 81.37716431170702 283.73211508989334 491.28526118397713 523.56625264883041 306.83472761511803
leaf_count=25367 1379 50 830 1425 1967 99
internal_value=-0.000387571 0.000363798 -0.000202412 0.0148837 -0.00199399 -0.00367712
internal_weight=7550.53 7419.03 7337.65 775.017 6562.63 6039.07
internal_count=31117 29738 29688 2255 27433 25466
is_linear=0
shrinkage=0.05


Tree=60
num_leaves=7
num_cat=0
split_feature=15 27 4 22 37 24
split_gain=95.1479 78.0919 75.3021 64.655 67.5906 47.918
threshold=1.0000000180025095e-35 2.5000000000000004 141674.50000000003 35.665644235385699 0.93933823529411775 14.500000000000002
decision_type=8 2 10 8 2 10
left_child=2 3 -1 4 5 -2
right_child=1 -3 -4 -5 -6 -7
leaf_value=-0.024380575404655335 -0.013713897991056654 0.04868258754968037 0.036814683596402852 0.042328535459234672 0.055504270527283767 0.0015886253495768074
leaf_weight=541.04789162427187 553.12774819880724 83.274203144013882 50.938863225281239 89.916897594928741 50.937783494591713 6129.2630111053586
leaf_count=4022 3217 50 195 247 101 23192
internal_value=0.000300825 0.00195483 -0.0188507 0.00134931 0.00077107 0.000312669
internal_weight=7498.51 6906.52 591.987 6823.25 6733.33 6682.39
internal_count=31024 26807 4217 26757 26510 26409
is_linear=0
shrinkage=0.05


Tree=61
num_leaves=7
num_cat=0
split_feature=37 37 36 23 24 36
split_gain=92.8747 92.4929 118.319 81.8988 78.8922 79.0483
threshold=0.73385416666666681 0.75204918032786894 1414.2820833333335 5.936436594464511 28.500000000000004 47.087083333333339
decision_type=2 2 10 8 10 10
left_child=3 -2 4 -1 -3 -6
right_child=1 2 -4 -5 5 -7
leaf_value=-0.004314543397565593 0.038590098344630147 -0.046771170104060157 0.051005319835103959 0.018574152839316033 -0.015935708064285566 0.014192224415320261
leaf_weight=5626.2786008566618 252.83857705444098 78.458452776074409 121.93743421137333 415.04703774303198 326.06284561008215 631.63239826261997
leaf_count=25121 562 491 320 1600 1069 1796
internal_value=-2.86725e-05 0.0114981 0.00544286 -0.002728 -0.000138251 0.00390519
internal_weight=7452.26 1410.93 1158.09 6041.33 1036.15 957.695
internal_count=30959 4238 3676 26721 3356 2865
is_linear=0
shrinkage=0.05


Tree=62
num_leaves=7
num_cat=0
split_feature=34 19 16 36 22 37
split_gain=85.3633 107.038 89.8705 95.0032 83.0635 67.4417
threshold=5507.9051388888902 4.5000000000000009 9.5000000000000018 9504.3365277777793 6.1578001033898904 0.37797619047619052
decision_type=8 10 10 10 8 2
left_child=4 2 -2 -4 5 -1
right_child=1 -3 3 -5 -6 -7
leaf_value=-0.0073266940186220812 -0.024908244969065747 -0.029020504060168525 0.031574896928755994 -0.049425248362780963 0.027832814960979453 0.0045760827840738922
leaf_weight=1601.4077279195189 164.34330867230892 501.36873960494995 257.761479139328 37.414618290960789 309.56976822018623 4587.9305028840899
leaf_count=8149 1532 3853 1664 398 755 14843
internal_value=0.00070873 -0.0131618 0.00426735 0.0206556 0.00276808 0.00149297
internal_weight=7459.8 960.888 459.519 295.176 6498.91 6189.34
internal_count=31194 7447 3594 2062 23747 22992
is_linear=0
shrinkage=0.05


Tree=63
num_leaves=7
num_cat=0
split_feature=9 28 24 21 8 25
split_gain=115.354 77.4975 77.296 87.8437 69.5364 139.218
threshold=1279.0000000000002 2.5000000000000004 15.500000000000002 0.39146178768820289 12.500000000000002 0.77772430756068889
decision_type=8 2 10 8 10 10
left_child=1 2 3 -1 5 -4
right_child=-2 -3 4 -5 -6 -7
leaf_value=0.030631768048008365 0.052727221764264587 0.031533030034812955 0.01468791906504123 -0.020941332065993908 -0.0036760500146668924 -0.013984102711988113
leaf_weight=87.762522980570793 96.634561628103256 174.55796536803246 1645.6172457411885 785.6760633662343 4038.3766083195806 565.0147712379694
leaf_count=513 207 149 7498 5299 14753 2598
internal_value=-0.000173827 -0.000910023 -0.0017267 -0.0156144 0.000225349 0.00734463
internal_weight=7393.64 7297.01 7122.45 873.439 6249.01 2210.63
internal_count=31017 30810 30661 5812 24849 10096
is_linear=0
shrinkage=0.05


Tree=64
num_leaves=7
num_cat=0
split_feature=14 35 20 8 26 20
split_gain=75.2053 62.0785 51.9896 53.3249 55.1169 47.7973
threshold=1.0000000180025095e-35 14.189861111111112 0.64502923976608206 12.500000000000002 1.0000000180025095e-35 0.0065729372830359185
decision_type=8 8 10 10 2 10
left_child=2 -2 3 -1 -5 -3
right_child=1 5 -4 4 -6 -7
leaf_value=0.00093997145461884512 0.032977533411947729 0.021512133139977532 -0.043339351999523976 -0.025970158980452858 0.017660862766797205 0.00050990948727532394
leaf_weight=768.7425567060709 156.41515451669693 279.87657486647367 105.60715817660093 468.71852487325668 81.803462386131287 5528.6659775003791
leaf_count=4423 92 1100 1009 3018 24 21301
internal_value=-7.61103e-05 0.00239081 -0.0103757 -0.00758325 -0.0193863 0.0015395
internal_weight=7389.83 5964.96 1424.87 1319.26 550.522 5808.54
internal_count=30967 22493 8474 7465 3042 22401
is_linear=0
shrinkage=0.05


Tree=65
num_leaves=7
num_cat=0
split_feature=15 23 12 9 31 10
split_gain=73.4178 63.5375 114.452 92.9819 60.2395 66.2797
threshold=150.50000000000003 1.2059731417392985 38.500000000000007 59.500000000000007 1.5000000000000002 1.0000000180025095e-35
decision_type=8 10 10 10 2 10
left_child=4 -2 -3 -4 5 -1
right_child=1 2 3 -5 -6 -7
leaf_value=-0.005317623779606543 0.019029707043314224 0.027903457421679174 -0.027867245055690628 0.023486740508323257 -0.025445471110535991 0.0068157890038013152
leaf_weight=4066.2049723565578 784.84590515494347 217.28812426328659 359.46068116277456 112.05067902058363 282.18913426995277 1550.8285876214504
leaf_count=20216 2253 602 1216 233 91 6428
internal_value=-0.000613569 0.00935029 -0.00173648 -0.015545 -0.00310839 -0.00196458
internal_weight=7372.87 1473.65 688.799 471.511 5899.22 5617.03
internal_count=31039 4304 2051 1449 26735 26644
is_linear=0
shrinkage=0.05


Tree=66
num_leaves=7
num_cat=0
split_feature=37 24 4 3 15 8
split_gain=86.1954 84.9813 68.7087 78.488 58.1532 95.3962
threshold=0.25833333333333336 27.500000000000004 86976.500000000015 14596.500000000002 128.50000000000003 14.500000000000002
decision_type=2 10 10 10 8 10
left_child=1 -1 3 -3 5 -2
right_child=4 2 -4 -5 -6 -7
leaf_value=-0.037589173559938287 0.0068202614899260279 -0.0070997107781820938 -0.031220286848472858 0.034682756054845956 0.0098674644452182644 -0.0074753872628660735
leaf_weight=269.22560911625624 2114.5478299409151 458.75299238413572 187.80815947055817 143.39862475544214 1640.3118058368564 2591.7697580829263
leaf_count=2384 9421 2700 1026 710 4742 10097
internal_value=-0.000430993 -0.0136001 -0.00523947 0.0030542 0.00177578 -0.00105193
internal_weight=7405.81 1059.19 789.96 602.152 6346.63 4706.32
internal_count=31080 6820 4436 3410 24260 19518
is_linear=0
shrinkage=0.05


Tree=67
num_leaves=7
num_cat=0
split_feature=15 21 24 8 25 24
split_gain=88.4014 73.2397 67.0742 81.9184 144.311 121.478
threshold=143.50000000000003 0.06277844413982181 14.500000000000002 14.500000000000002 0.77772430756068889 133.50000000000003
decision_type=8 10 10 10 10 10
left_child=1 -1 -3 4 5 -4
right_child=-2 2 3 -5 -6 -7
leaf_value=0.054796526879550937 0.011196816697799025 -0.016821485467886609 0.0063488864671701678 -0.006444022767246216 -0.014849710714865986 0.038032198897961118
leaf_weight=50.805877164006233 1543.0526071563363 736.10314381867647 1333.6702562719584 2824.4055302292109 598.07021395117044 387.39840590953827
leaf_count=150 4481 5217 6441 10891 2630 1150
internal_value=0.000556186 -0.00221951 -0.00275833 -0.000731339 0.00622485 0.0135701
internal_weight=7473.51 5930.45 5879.65 5143.54 2319.14 1721.07
internal_count=30960 26479 26329 21112 10221 7591
is_linear=0
shrinkage=0.05


Tree=68
num_leaves=7
num_cat=0
split_feature=35 21 35 4 16 0
split_gain=83.5901 77.9536 70.735 51.4983 84.161 74.6915
threshold=15925.140833333337 0.06277844413982181 14.189861111111112 2364.5000000000005 44.500000000000007 19.500000000000004
decision_type=10 10 8 10 10 10
left_child=1 -1 -3 -4 5 -5
right_child=-2 2 3 4 -6 -7
leaf_value=0.059616550514815403 -0.040470926037085631 0.030243305897234198 -0.013593832893769487 0.00029568479004909976 -0.0016003219878697383 0.0281966234720127
leaf_weight=50.680000826716423 120.52111288905144 186.10755264759064 681.76874749362469 472.58103846758604 5416.2247426509857 482.33742763847113
leaf_count=111 1401 103 4766 2701 20029 2004
internal_value=-1.48105e-05 0.000681335 0.000227868 -0.000585023 0.000816603 0.0144621
internal_weight=7410.22 7289.7 7239.02 7052.91 6371.14 954.918
internal_count=31115 29714 29603 29500 24734 4705
is_linear=0
shrinkage=0.05


Tree=69
num_leaves=7
num_cat=0
split_feature=15 4 12 19 24 4
split_gain=75.117 58.5871 65.8803 65.0348 58.4111 103.493
threshold=1.0000000180025095e-35 141674.50000000003 13.500000000000002 4.5000000000000009 872.50000000000011 28825.500000000004
decision_type=8 10 10 10 8 10
left_child=1 2 -1 -4 -2 -6
right_child=4 -3 3 -5 5 -7
leaf_value=-0.034913289743672887 0.0001364226158654693 0.03242500722614626 0.02361983287789491 -0.039727642547591827 0.038321501598841158 0.00034026577508212009
leaf_weight=338.92496744543314 6042.2069666013122 49.734985649585724 117.91513448953629 55.459330074489117 285.18066342175007 469.85423502326012
leaf_count=2890 24658 188 820 357 823 1448
internal_value=0.000322539 -0.017162 -0.0222429 0.00281054 0.00177981 0.0148437
internal_weight=7359.28 562.034 512.299 173.374 6797.24 755.035
internal_count=31184 4255 4067 1177 26929 2271
is_linear=0
shrinkage=0.05


end of trees

feature_importances:
n_dying_ch=50
ev_h_since_prev=49
ev_relapse_rate=34
n_alarm_28d=29
n_rows_28d=27
ev_gap_last=25
act_share_7d=20
n_undef_28d=18
rate_28d=18
n_alarm_7d=16
ev_h_since_inc=16
ev_open_ch=13
n_bad_28d=12
ev_inc_168h=11
n_rows_3d=9
ev_inc_72h=8
ev_fail_3h=7
n_rows_7d=6
n_ch_bad_28d=6
rate_7d=6
dying_share=6
n_active_ch=5
ev_inc_24h=5
ev_inc_672h=5
n_alarm_3d=4
act_share_1d=4
n_rows_1d=2
n_undef_1d=2
n_bad_7d=1
n_undef_3d=1
n_alarm_1d=1
n_ch_bad_7d=1
ev_inc_6h=1
ev_fail_24h=1
hour=1

parameters:
[boosting: gbdt]
[objective: binary]
[metric: average_precision]
[tree_learner: serial]
[device_type: cpu]
[data_sample_strategy: bagging]
[data: ]
[valid: ]
[num_iterations: 2000]
[learning_rate: 0.05]
[num_leaves: 7]
[num_threads: 6]
[seed: 45]
[deterministic: 1]
[force_col_wise: 1]
[force_row_wise: 0]
[histogram_pool_size: -1]
[max_depth: -1]
[min_data_in_leaf: 200]
[min_sum_hessian_in_leaf: 0.001]
[bagging_fraction: 0.8]
[pos_bagging_fraction: 1]
[neg_bagging_fraction: 1]
[bagging_freq: 1]
[bagging_seed: 32645]
[bagging_by_query: 0]
[feature_fraction: 0.8]
[feature_fraction_bynode: 1]
[feature_fraction_seed: 3942]
[extra_trees: 0]
[extra_seed: 24660]
[early_stopping_round: 0]
[early_stopping_min_delta: 0]
[first_metric_only: 1]
[max_delta_step: 0]
[lambda_l1: 0]
[lambda_l2: 5]
[linear_lambda: 0]
[min_gain_to_split: 0]
[drop_rate: 0.1]
[max_drop: 50]
[skip_drop: 0.5]
[xgboost_dart_mode: 0]
[uniform_drop: 0]
[drop_seed: 5926]
[top_rate: 0.2]
[other_rate: 0.1]
[min_data_per_group: 100]
[max_cat_threshold: 32]
[cat_l2: 10]
[cat_smooth: 10]
[max_cat_to_onehot: 4]
[top_k: 20]
[monotone_constraints: ]
[monotone_constraints_method: basic]
[monotone_penalty: 0]
[feature_contri: ]
[forcedsplits_filename: ]
[refit_decay_rate: 0.9]
[cegb_tradeoff: 1]
[cegb_penalty_split: 0]
[cegb_penalty_feature_lazy: ]
[cegb_penalty_feature_coupled: ]
[path_smooth: 0]
[interaction_constraints: ]
[verbosity: -1]
[saved_feature_importance_type: 0]
[use_quantized_grad: 0]
[num_grad_quant_bins: 4]
[quant_train_renew_leaf: 0]
[stochastic_rounding: 1]
[linear_tree: 0]
[max_bin: 255]
[max_bin_by_feature: ]
[min_data_in_bin: 3]
[bin_construct_sample_cnt: 200000]
[data_random_seed: 185]
[is_enable_sparse: 1]
[enable_bundle: 1]
[use_missing: 1]
[zero_as_missing: 0]
[feature_pre_filter: 1]
[pre_partition: 0]
[two_round: 0]
[header: 0]
[label_column: ]
[weight_column: ]
[group_column: ]
[ignore_column: ]
[categorical_feature: ]
[forcedbins_filename: ]
[precise_float_parser: 0]
[parser_config_file: ]
[objective_seed: 14259]
[num_class: 1]
[is_unbalance: 0]
[scale_pos_weight: 1]
[sigmoid: 1]
[boost_from_average: 1]
[reg_sqrt: 0]
[alpha: 0.9]
[fair_c: 1]
[poisson_max_delta_step: 0.7]
[tweedie_variance_power: 1.5]
[lambdarank_truncation_level: 30]
[lambdarank_norm: 1]
[label_gain: ]
[lambdarank_position_bias_regularization: 0]
[eval_at: ]
[multi_error_top_k: 1]
[auc_mu_weights: ]
[num_machines: 1]
[local_listen_port: 12400]
[time_out: 120]
[machine_list_filename: ]
[machines: ]
[gpu_platform_id: -1]
[gpu_device_id: -1]
[gpu_use_dp: 0]
[num_gpu: 1]

end of parameters

pandas_categorical:[]
