tree
version=v4
num_class=1
num_tree_per_iteration=1
label_index=0
max_feature_idx=41
objective=binary sigmoid:1
feature_names=n_active_ch n_rows_1d n_rows_3d n_rows_7d n_rows_28d n_bad_1d n_bad_3d n_bad_7d n_bad_28d n_undef_1d n_undef_3d n_undef_7d n_undef_28d n_alarm_1d n_alarm_3d n_alarm_7d n_alarm_28d n_ch_bad_1d n_ch_bad_7d n_ch_bad_28d act_share_1d act_share_7d rate_7d rate_28d n_dying_ch dying_share ev_inc_6h ev_inc_24h ev_inc_72h ev_inc_168h ev_inc_672h ev_fail_3h ev_fail_24h ev_fail_168h ev_h_since_inc ev_h_since_prev ev_gap_last ev_relapse_rate ev_open_ch is_rearm hour dow
feature_infos=[0:1459] [0:200094] [0:575548] [0:1039472] [0:3446064] [0:32012] [0:32027] [0:32027] [0:32057] [0:37262] [0:71955] [0:122355] [0:165289] [0:32013] [0:32065] [0:32176] [0:33059] [0:383] [0:947] [0:1109] [0:1] [0.0054644808743169399:1] [0:52] [0:13] [0:1420] [0:1] [0:3] [0:7] [0:11] [0:18] [0:25] [0:191] [0:561] [0:1165] [1:22977.983611111111] [2.0238888888888891:28233.218888888889] [1.0238888888888888:21790.846388888887] [0.090909090909090912:0.96551724137931039] [0:195] [0:1] [0:23] [0:6]
tree_sizes=892 903 893 897 906 899 905 896 900 897 899 900 897 901 909 905 899 900 911 904 900 908 903 910 905 896 906 907 900 906 901 905 910 905 907 914 904 906 906 902 908 908 900 903 903 906 906 909 907 904 911 909 901 906 905 905 898 909 906 894 904 905 900 904 908 916 906 904 899 903 909 908 898 908 897 906 907 902 901 907 903 917 908 897 899 901 897 910 906 907 907 894 898 912 909 915 903 905 909 915 898 909 900 895 914

Tree=0
num_leaves=7
num_cat=0
split_feature=35 35 16 14 37 4
split_gain=4946.61 972.021 569.687 296.141 264.005 184.336
threshold=2665.1501388888896 110.55194444444446 540.50000000000011 1.0000000180025095e-35 0.25833333333333336 132140.00000000003
decision_type=8 10 10 8 2 10
left_child=1 -1 4 -2 -3 -4
right_child=3 2 5 -5 -6 -7
leaf_value=-0.45558263270393151 -0.59704998889403149 -0.58293270331503189 -0.47557626026623562 -0.5708564158442162 -0.52611265638692895 -0.51907862347779499
leaf_weight=769.97222626209259 1688.9188075065613 220.78889214992523 805.99566256999969 3043.6329602003098 2181.8590735197067 359.30487108230591
leaf_count=597 6945 712 2418 12214 6994 1126
internal_value=-0.544918 -0.506374 -0.517442 -0.580251 -0.531405 -0.488828
internal_weight=9070.47 4337.92 3567.95 4732.55 2402.65 1165.3
internal_count=31006 11847 11250 19159 7706 3544
is_linear=0
shrinkage=1


Tree=1
num_leaves=7
num_cat=0
split_feature=35 35 35 37 24 0
split_gain=4577.09 828.504 600.023 435.917 196.794 179.058
threshold=1332.7075000000002 5436.9231944444455 228.41652777777782 0.37797619047619052 101.50000000000001 128.50000000000003
decision_type=8 8 10 2 10 10
left_child=2 3 -1 -2 -5 -3
right_child=1 5 -4 4 -6 -7
leaf_value=0.079985604981069741 -0.034411097792176208 -0.044365813087084698 0.033304352550288033 -0.012022208309736855 0.020295307587131561 0.018915849397980369
leaf_weight=1093.8128314465284 881.83370818197727 3154.4519942700863 1880.4794833511114 765.26871293783188 1209.5837998092175 113.26532799005508
leaf_count=1132 3345 13213 5554 2935 4485 421
internal_value=-0.000261167 -0.0249717 0.0505771 -0.00528601 0.00777332 -0.0421468
internal_weight=9098.7 6124.4 2974.29 2856.69 1974.85 3267.72
internal_count=31085 24399 6686 10765 7420 13634
is_linear=0
shrinkage=0.05


Tree=2
num_leaves=7
num_cat=0
split_feature=35 30 24 24 16 35
split_gain=4193.66 1088.9 450.694 334.367 285.939 237.841
threshold=2665.1501388888896 2.5000000000000004 108.50000000000001 729.50000000000011 728.50000000000011 292.26027777777784
decision_type=8 2 8 10 10 10
left_child=1 3 -2 4 -1 -3
right_child=2 5 -4 -5 -6 -7
leaf_value=0.0036700371896318234 -0.042787970465851137 0.09003005236293922 -0.0085331626297382307 0.047598423216556579 0.049283039926265731 0.034357907326742959
leaf_weight=2069.7825529873371 3302.2934551239014 865.49027386307716 1357.2230242788792 847.21924722194672 407.21339473128319 257.1715535223484
leaf_count=6585 13840 921 5430 2477 1188 723
internal_value=0.000300224 0.0350126 -0.0328301 0.0205736 0.0112529 0.077486
internal_weight=9106.39 4446.88 4659.52 3324.22 2477 1122.66
internal_count=31164 11894 19270 10250 7773 1644
is_linear=0
shrinkage=0.05


Tree=3
num_leaves=7
num_cat=0
split_feature=35 24 29 35 16 23
split_gain=3695.29 851.061 583.471 448.145 298.961 241.181
threshold=1244.207916666667 706.50000000000011 2.5000000000000004 5436.9231944444455 706.50000000000011 0.55985639324761194
decision_type=8 8 2 8 10 10
left_child=2 3 4 -2 5 -1
right_child=1 -3 -4 -5 -6 -7
leaf_value=0.064042229235113809 -0.011935764706059912 0.040522060712206778 0.093109925783237291 -0.040411697409190712 0.061659499125084144 0.014535614081197572
leaf_weight=295.36463698744774 2457.8068652302027 488.57604619860649 527.52568893134594 3167.551010414958 734.25677737593651 1389.1949838846922
leaf_count=707 9432 1724 376 13541 1660 3619
internal_value=-0.000323852 -0.0224881 0.0456291 -0.0279918 0.0351032 0.0233798
internal_weight=9060.28 6113.93 2946.34 5625.36 2418.82 1684.56
internal_count=31059 24697 6362 22973 5986 4326
is_linear=0
shrinkage=0.05


Tree=4
num_leaves=7
num_cat=0
split_feature=35 38 24 29 24 12
split_gain=3290.77 748.672 383.302 297.85 239.514 195.68
threshold=2818.6045833333342 1.0000000180025095e-35 102.50000000000001 2.5000000000000004 837.50000000000011 20.500000000000004
decision_type=8 2 10 2 10 10
left_child=1 4 5 -3 -1 -2
right_child=2 3 -4 -5 -6 -7
leaf_value=0.0043081922700259371 -0.051325331365127673 0.041358374079776994 -0.0086807267740527019 0.086843598482018849 0.042720528374387091 -0.025708675941347389
leaf_weight=2102.7353626340628 1786.9853639900684 1512.5808049589396 1360.2237044125795 478.27976045012474 498.29592543840408 1308.6818340271711
leaf_count=8916 7769 1128 5530 195 2070 5478
internal_value=-0.000252118 0.0294364 -0.0308455 0.0524758 0.0117349 -0.0405549
internal_weight=9047.78 4591.89 4455.89 1990.86 2601.03 3095.67
internal_count=31086 12309 18777 1323 10986 13247
is_linear=0
shrinkage=0.05


Tree=5
num_leaves=7
num_cat=0
split_feature=35 30 24 37 12 16
split_gain=2944.79 649.28 395.63 295.361 240.161 183.053
threshold=2507.8823611111115 2.5000000000000004 108.50000000000001 0.44949494949494956 24.500000000000004 728.50000000000011
decision_type=8 2 8 2 10 10
left_child=1 3 4 -1 -2 -5
right_child=2 -3 -4 5 -6 -7
leaf_value=-0.009746208032221447 -0.048961050480167863 0.061682259352119108 -0.0056306580957412658 0.018763197672722297 -0.021179225476904012 0.051345018586139934
leaf_weight=745.26985415816307 1887.7058304548264 1139.1497959345579 1400.2185907065868 1951.5240062922239 1342.0863004922867 553.17290358245373
leaf_count=2216 8347 1657 5674 5864 5693 1638
internal_value=-5.3181e-05 0.0292736 -0.0278557 0.0178367 -0.0374674 0.026047
internal_weight=9019.13 4389.12 4630.01 3249.97 3229.79 2504.7
internal_count=31089 11375 19714 9718 14040 7502
is_linear=0
shrinkage=0.05


Tree=6
num_leaves=7
num_cat=0
split_feature=35 35 24 16 24 12
split_gain=2718.97 654.704 353.651 281.858 260.256 175.663
threshold=2846.2472222222227 205.22361111111113 102.50000000000001 548.50000000000011 747.50000000000011 21.500000000000004
decision_type=8 10 8 10 10 10
left_child=1 -1 5 4 -3 -2
right_child=2 3 -4 -5 -6 -7
leaf_value=0.061134642112884378 -0.048402886685956645 -0.0014577374696904627 -0.006933779923716076 0.037241793767198231 0.038469801237347154 -0.023752716126453632
leaf_weight=1057.3831357508898 1720.6508941203356 1947.0332583338022 1325.9199979752302 1109.2787553817034 511.25414457917213 1274.0595201700926
leaf_count=999 7811 6540 5423 3333 1483 5473
internal_value=3.62955e-05 0.0266657 -0.0284666 0.0163783 0.00690729 -0.0379729
internal_weight=8945.58 4624.95 4320.63 3567.57 2458.29 2994.71
internal_count=31062 12355 18707 11356 8023 13284
is_linear=0
shrinkage=0.05


Tree=7
num_leaves=7
num_cat=0
split_feature=35 16 38 24 1 36
split_gain=2524.78 680.053 350.869 274.4 203.886 202.21
threshold=1332.7075000000002 295.50000000000006 1.0000000180025095e-35 150.50000000000003 2720.5000000000005 4824.6498611111119
decision_type=8 8 2 10 10 10
left_child=2 3 -1 -2 -4 -3
right_child=1 5 4 -5 -6 -7
leaf_value=0.017490068534893776 -0.035423680155151356 0.016133432529822009 0.064669221294039902 -0.0033933640828625144 0.028990306825235491 -0.043799968547481256
leaf_weight=1369.0271538943052 3493.2488008141518 1335.0965232551098 1087.0378138571978 828.05663599073887 653.40397648513317 152.41917942464352
leaf_count=5659 15285 5048 733 3286 373 661
internal_value=0.00019254 -0.0192683 0.03652 -0.029297 0.0513959 0.00986616
internal_weight=8918.29 5808.82 3109.47 4321.31 1740.44 1487.52
internal_count=31045 24280 6765 18571 1106 5709
is_linear=0
shrinkage=0.05


Tree=8
num_leaves=7
num_cat=0
split_feature=35 38 24 16 24 2
split_gain=2362.86 604.663 275.969 202.533 188.409 160.815
threshold=2818.6045833333342 1.0000000180025095e-35 145.50000000000003 558.50000000000011 837.50000000000011 3417.5000000000005
decision_type=8 2 10 10 10 10
left_child=1 4 -2 -3 -1 -5
right_child=2 3 -4 5 -6 -7
leaf_value=0.0027108835243502515 -0.032737396815850743 0.032588294542237571 -0.0011469245055569495 0.094102661546356298 0.036563703940541648 0.047005228713240865
leaf_weight=2118.5942042320967 3417.314704015851 1210.0352264195681 866.80591386556625 302.11518397927284 505.22768656909466 498.67791631817818
leaf_count=8926 15347 800 3486 247 2058 272
internal_value=0.00039746 0.0251278 -0.0263545 0.045724 0.00928653 0.0652473
internal_weight=8918.77 4634.65 4284.12 2010.83 2623.82 800.793
internal_count=31136 12303 18833 1319 10984 519
is_linear=0
shrinkage=0.05


Tree=9
num_leaves=7
num_cat=0
split_feature=35 24 4 29 15 3
split_gain=2010.78 696.449 351.11 309.383 226.537 150.441
threshold=1187.8637500000002 706.50000000000011 2364.5000000000005 2.5000000000000004 138.50000000000003 5462.5000000000009
decision_type=8 8 10 2 10 10
left_child=3 2 -2 5 -4 -1
right_child=1 -3 4 -5 -6 -7
leaf_value=0.042372498430713813 -0.04821899384067075 0.037238659065901632 -0.020622697463679562 0.067355037983372015 0.012624073130600044 0.015993153734601133
leaf_weight=851.87012478709221 1058.5281072258949 532.81815540790558 3803.6564695984125 548.1573531627655 588.58063334226608 1493.8524149060249
leaf_count=1960 4847 1827 16268 380 2166 3677
internal_value=-0.000536895 -0.0170835 -0.0224228 0.0336465 -0.0161582 0.0256428
internal_weight=8877.46 5983.58 5450.77 2893.88 4392.24 2345.72
internal_count=31125 25108 23281 6017 18434 5637
is_linear=0
shrinkage=0.05


Tree=10
num_leaves=7
num_cat=0
split_feature=35 16 35 37 4 36
split_gain=1912.29 576.032 277.199 221.101 214.981 185.302
threshold=1244.207916666667 288.50000000000006 110.55194444444446 0.28991596638655465 2448.5000000000005 4824.6498611111119
decision_type=8 8 10 2 10 10
left_child=2 4 -1 -4 -2 -3
right_child=1 5 3 -5 -6 -7
leaf_value=0.055537152571234275 -0.046367545600063315 0.014601494995803835 -0.046114839808006486 0.026069325959596375 -0.019950050663708158 -0.041617078793880539
leaf_weight=894.59963102638721 1013.8492558300495 1436.7492585480213 107.4472768753767 2030.6776397079229 3234.2664413899183 158.31829357147217
leaf_count=603 4753 5345 236 5491 13884 697
internal_value=2.63772e-05 -0.0166907 0.0322098 0.0223427 -0.0263019 0.00890891
internal_weight=8875.91 5843.18 3032.72 2138.12 4248.12 1595.07
internal_count=31009 24679 6330 5727 18637 6042
is_linear=0
shrinkage=0.05


Tree=11
num_leaves=7
num_cat=0
split_feature=35 30 24 12 37 24
split_gain=1734.37 515.893 265.67 189.797 178.149 147.528
threshold=2846.2472222222227 2.5000000000000004 68.500000000000014 21.500000000000004 0.44949494949494956 635.50000000000011
decision_type=8 2 8 10 2 8
left_child=1 4 3 -2 -1 -4
right_child=2 -3 5 -5 -6 -7
leaf_value=-0.0092634417973237564 -0.046207527269109011 0.049414424431518562 -0.013374711526537464 -0.017663348189962326 0.017407970289095839 0.035114728011226913
leaf_weight=811.79012925922871 1391.6012145578861 1179.9297711104155 1573.485383272171 1015.1821700483561 2692.7409966737032 169.36372472345829
leaf_count=2567 6790 1671 6837 4515 8076 658
internal_value=4.595e-05 0.0208869 -0.023478 -0.0342292 0.0112254 -0.00857571
internal_weight=8834.09 4684.46 4149.63 2406.78 3504.53 1742.85
internal_count=31114 12314 18800 11305 10643 7495
is_linear=0
shrinkage=0.05


Tree=12
num_leaves=7
num_cat=0
split_feature=35 0 29 36 36 24
split_gain=1702.3 471.936 299.778 277.004 193.2 181.133
threshold=1286.2555555555557 31.500000000000004 2.5000000000000004 4824.6498611111119 3970.1341666666672 147.50000000000003
decision_type=8 8 2 10 10 10
left_child=2 5 -1 4 -3 -2
right_child=1 3 -4 -5 -6 -7
leaf_value=0.023177048207847519 -0.032587232111669209 0.0061582307372980609 0.063608541452557774 -0.039811642000222122 0.087290825445985501 -0.0029427594332066941
leaf_weight=2544.0430198311806 2799.6944859772921 1887.6414707005024 558.23832979798317 330.80327290296555 71.407329976558685 632.55725871026516
leaf_count=6143 13106 7359 387 1514 176 2417
internal_value=0.00074623 -0.0154209 0.0305431 0.00215966 0.00933021 -0.027136
internal_weight=8824.39 5722.1 3102.28 2289.85 1959.05 3432.25
internal_count=31102 24572 6530 9049 7535 15523
is_linear=0
shrinkage=0.05


Tree=13
num_leaves=7
num_cat=0
split_feature=35 27 0 21 29 25
split_gain=1565.51 492.084 244.107 177.69 166.475 161.621
threshold=2846.2472222222227 1.0000000180025095e-35 23.500000000000004 0.48290122928610141 2.5000000000000004 0.53495778403199534
decision_type=8 2 8 10 2 10
left_child=1 -1 -2 5 -3 -4
right_child=2 4 3 -5 -6 -7
leaf_value=0.0065415657651726779 -0.032721769637507135 0.030586650030481943 0.076691719877744147 -0.021573613290023986 0.064170130703533543 0.0023750054184901396
leaf_weight=2736.4059669673443 2332.11093506217 1433.2083994299173 77.328480690717697 1008.9279799461365 503.90619033575058 660.10389070212841
leaf_count=11405 11245 704 263 4539 215 2777
internal_value=0.000471016 0.0202157 -0.0221515 -0.00798268 0.0394655 0.010632
internal_weight=8751.99 4673.52 4078.47 1746.36 1937.11 737.432
internal_count=31148 12324 18824 7579 919 3040
is_linear=0
shrinkage=0.05


Tree=14
num_leaves=7
num_cat=0
split_feature=35 34 24 24 12 16
split_gain=1372.16 403.385 272.944 174.934 168.231 161.522
threshold=2818.6045833333342 37.387361111111119 102.50000000000001 863.50000000000011 21.500000000000004 740.50000000000011
decision_type=8 10 8 10 10 10
left_child=1 -1 4 5 -2 -3
right_child=2 3 -4 -5 -6 -7
leaf_value=0.036001152796750403 -0.040986600415115398 -0.0061413146262048789 -0.0023566729413143786 0.034255707123206823 -0.015731869216950526 0.028070797577237922
leaf_weight=1971.8724654912949 1529.9012403786182 1800.8197422027588 1322.8303048014641 455.52302846312523 1173.0321597456932 421.46957302093506
leaf_count=1125 7837 7603 5585 1834 5494 1708
internal_value=0.000374885 0.0188684 -0.0209817 0.0062087 -0.0300757 0.000395653
internal_weight=8675.45 4649.68 4025.76 2677.81 2702.93 2222.29
internal_count=31186 12270 18916 11145 13331 9311
is_linear=0
shrinkage=0.05


Tree=15
num_leaves=7
num_cat=0
split_feature=35 35 15 24 12 24
split_gain=1212.83 361.448 237.456 212.738 161.001 141.095
threshold=2818.6045833333342 110.55194444444446 99.500000000000014 102.50000000000001 20.500000000000004 814.50000000000011
decision_type=8 10 10 8 10 10
left_child=1 -1 5 4 -2 -3
right_child=3 2 -4 -5 -6 -7
leaf_value=0.046997830442007595 -0.039300988465390013 -0.0050776432797123416 0.02658835869287653 -0.0039890642897585813 -0.014524259301567106 0.025801125461732789
leaf_weight=825.63671162724495 1510.3413566052914 1921.5241637527943 1435.3133628517389 1318.9016179442406 1171.4357935339212 452.865159034729
leaf_count=595 7815 6209 4101 5543 5497 1345
internal_value=-0.000295969 0.0171033 0.0105714 -0.0204516 -0.0285254 0.000853679
internal_weight=8636.02 4635.34 3809.7 4000.68 2681.78 2374.39
internal_count=31105 12250 11655 18855 13312 7554
is_linear=0
shrinkage=0.05


Tree=16
num_leaves=7
num_cat=0
split_feature=35 24 4 29 35 2
split_gain=1069.9 370.467 241.085 225.198 148.852 145.551
threshold=1309.4962500000004 706.50000000000011 2364.5000000000005 2.5000000000000004 14711.324027777779 3923.0000000000005
decision_type=8 8 10 2 10 10
left_child=3 2 -2 5 -4 -1
right_child=1 -3 4 -5 -6 -7
leaf_value=0.03014751747729498 -0.040121634597127698 0.02818111873964298 -0.00969129362090255 0.054557201994139382 -0.050692760947095822 0.0063202499528890385
leaf_weight=1210.6280130147934 939.44112817943096 486.04641297459602 3856.8320275396109 487.41155159473419 230.30408550798893 1362.8933788090944
leaf_count=2987 4822 1654 16735 370 1230 3338
internal_value=-0.000145765 -0.0133044 -0.0173399 0.0235355 -0.0120608 0.0175657
internal_weight=8573.56 5512.62 5026.58 3060.93 4087.14 2573.52
internal_count=31136 24441 22787 6695 17965 6325
is_linear=0
shrinkage=0.05


Tree=17
num_leaves=7
num_cat=0
split_feature=35 24 37 28 3 2
split_gain=1041.53 395.516 234.621 215.534 203.818 177.223
threshold=1187.8637500000002 706.50000000000011 0.25833333333333336 2.5000000000000004 6569.0000000000009 321.50000000000006
decision_type=8 8 2 2 10 10
left_child=3 2 -2 4 -1 -4
right_child=1 -3 5 -5 -6 -7
leaf_value=0.036614661769022915 -0.0347062864862899 0.027585288737281111 -0.029011838655217531 0.062212257292790132 0.0079986426349059874 -0.0041661334180748411
leaf_weight=1027.8299010545015 1337.2725145369768 553.81872449815273 952.80910575389862 327.46145145595074 1574.7972296774387 2872.2763992100954
leaf_count=2233 6587 1822 4610 164 3619 12026
internal_value=2.2088e-05 -0.0124004 -0.0167126 0.0242365 0.0193482 -0.0103849
internal_weight=8646.27 5716.18 5162.36 2930.09 2602.63 3825.09
internal_count=31061 25045 23223 6016 5852 16636
is_linear=0
shrinkage=0.05


Tree=18
num_leaves=7
num_cat=0
split_feature=35 37 34 21 3 24
split_gain=935.531 398.081 258.529 156.239 143.335 139.503
threshold=5436.9231944444455 0.37797619047619052 37.387361111111119 0.32231329690346094 17179.500000000004 77.500000000000014
decision_type=8 2 10 10 10 10
left_child=1 4 -3 -2 -1 -4
right_child=3 2 5 -5 -6 -7
leaf_value=-0.028148601723474099 0.0013053670323053721 0.032676087822047423 -0.0094443190297402446 -0.030194671191613582 0.0088085483370351752 0.014999772680576097
leaf_weight=752.27095511555672 477.45402264595032 1736.5787654668093 799.00669668614864 2226.8823498487473 398.45910122990608 2132.7058650255203
leaf_count=2812 2211 1023 3586 11407 1264 8872
internal_value=-0.000368608 0.0109233 0.0174138 -0.0246412 -0.0153688 0.00833306
internal_weight=8523.36 5819.02 4668.29 2704.34 1150.73 2931.71
internal_count=31175 17557 13481 13618 4076 12458
is_linear=0
shrinkage=0.05


Tree=19
num_leaves=7
num_cat=0
split_feature=36 38 4 29 21 24
split_gain=926.087 339.205 179.795 149.724 148.474 129.744
threshold=2914.9948611111117 1.0000000180025095e-35 151889.50000000003 2.5000000000000004 0.6250428375599727 747.50000000000011
decision_type=8 2 10 2 8 10
left_child=1 5 4 -3 -2 -1
right_child=2 3 -4 -5 -6 -7
leaf_value=-0.0021422969599767892 -0.018077474021032963 0.020745620341249549 0.033324585968673631 0.054063255492927446 -0.043243844025764609 0.021800497066464641
leaf_weight=2969.8101483732462 1806.1568960994482 1596.9240938723087 128.32652947306633 427.72587640583515 873.44514054059982 693.79351381957531
leaf_count=13221 8622 1145 533 193 4566 2795
internal_value=-9.37325e-05 0.0115028 -0.0235646 0.0279001 -0.026346 0.00241539
internal_weight=8496.18 5688.25 2807.93 2024.65 2679.6 3663.6
internal_count=31075 17354 13721 1338 13188 16016
is_linear=0
shrinkage=0.05


Tree=20
num_leaves=7
num_cat=0
split_feature=34 16 37 24 37 7
split_gain=683.863 353.492 192.792 180.387 135.77 132.709
threshold=106.64805555555557 288.50000000000006 0.39047619047619053 13.500000000000002 0.31009615384615391 3.5000000000000004
decision_type=8 10 2 10 2 8
left_child=2 3 -1 -2 -3 -4
right_child=1 4 5 -5 -6 -7
leaf_value=-0.0098476722955666389 -0.038224381029672662 -0.027108463375060426 0.010585303762421767 -0.012115548459217371 0.012767449279285276 0.037631975339116414
leaf_weight=386.36219990253448 838.03613533079624 237.73163010179996 688.70166401565075 3118.3687158972025 1779.255950525403 1352.5104029327631
leaf_count=418 4687 1159 523 15329 7523 1448
internal_value=8.43794e-05 -0.00901004 0.022435 -0.0176871 0.00801207 0.0285546
internal_weight=8400.97 5973.39 2427.57 3956.4 2016.99 2041.21
internal_count=31087 28698 2389 20016 8682 1971
is_linear=0
shrinkage=0.05


Tree=21
num_leaves=7
num_cat=0
split_feature=35 24 4 16 36 15
split_gain=803.172 339.407 206.303 200.217 152.043 135.815
threshold=1118.3027777777781 706.50000000000011 2364.5000000000005 675.50000000000011 5118.1291666666675 44.500000000000007
decision_type=8 8 10 10 10 10
left_child=3 2 -2 5 -4 -1
right_child=1 -3 4 -5 -6 -7
leaf_value=0.026746631605747313 -0.036328461107030391 0.025537682688338195 -0.0054750695029590667 0.041510879179889382 -0.030959466176281553 -0.00084088952608138044
leaf_weight=884.65437929332256 883.02619640529156 588.7292485833168 3482.3387872874737 934.20450097322464 699.36885523796082 894.29813823103905
leaf_count=1857 4782 1925 15000 1833 3536 2015
internal_value=0.000481124 -0.0102499 -0.0144309 0.0228192 -0.00976909 0.0129146
internal_weight=8366.62 5653.46 5064.73 2713.16 4181.71 1778.95
internal_count=30948 25243 23318 5705 18536 3872
is_linear=0
shrinkage=0.05


Tree=22
num_leaves=7
num_cat=0
split_feature=38 34 37 29 16 37
split_gain=641.156 328.086 280.152 212.948 170.114 119.494
threshold=1.0000000180025095e-35 5507.9051388888902 0.37797619047619052 2.5000000000000004 728.50000000000011 0.37797619047619052
decision_type=2 8 2 2 8 2
left_child=1 2 -1 4 5 -2
right_child=3 -3 -4 -5 -6 -7
leaf_value=-0.019247059527537073 -0.022169305653678726 -0.030298533313711202 0.0064343566260146659 0.054753171577372799 0.041051288134342834 0.013946521685900028
leaf_weight=1582.1675662249327 281.12285795807838 1306.145765453577 3204.2418057620525 419.31822122633457 481.53105057775974 1147.2272989451885
leaf_count=8082 221 7399 13948 183 410 878
internal_value=0.000392466 -0.00813846 -0.00206597 0.0226767 0.0155097 0.00678579
internal_weight=8421.75 6092.56 4786.41 2329.2 1909.88 1428.35
internal_count=31121 29429 22030 1692 1509 1099
is_linear=0
shrinkage=0.05


Tree=23
num_leaves=7
num_cat=0
split_feature=36 15 21 25 24 38
split_gain=605.2 306.061 160.076 189.305 129.386 128.468
threshold=2701.1322222222229 150.50000000000003 0.49625410517758356 0.53194581890153392 872.50000000000011 1.0000000180025095e-35
decision_type=8 10 10 10 10 2
left_child=1 4 3 -2 -1 -3
right_child=2 5 -4 -5 -6 -7
leaf_value=-0.0014040180607130612 0.041372335070912425 0.014038679685530601 -0.031442480693145168 -0.014527330749317627 0.024202812411528399 0.043987209585285694
leaf_weight=3598.4848499000072 169.90268892049789 735.62749372422695 1406.6615461409092 1129.2078419476748 566.5920462757349 705.75247246026993
leaf_count=12097 751 3044 7489 5482 1644 478
internal_value=-0.000383637 0.00898808 -0.0197829 -0.00708596 0.00210422 0.0288039
internal_weight=8312.23 5606.46 2705.77 1299.11 4165.08 1441.38
internal_count=30985 17263 13722 6233 13741 3522
is_linear=0
shrinkage=0.05


Tree=24
num_leaves=7
num_cat=0
split_feature=36 16 4 28 21 25
split_gain=537.03 299.831 222.727 164.036 156.415 149.924
threshold=2701.1322222222229 558.50000000000011 151889.50000000003 2.5000000000000004 0.6250428375599727 0.18910678971654585
decision_type=8 10 8 2 10 10
left_child=1 3 4 -1 5 -2
right_child=2 -3 -4 -5 -6 -7
leaf_value=-0.0013926769899906134 0.046769125798772848 0.026101100144013213 0.043123370497607262 0.050179425370334152 -0.040024510195769719 -0.016973796092209264
leaf_weight=3665.2596818506718 92.838115975260735 1678.6834649443626 134.19348441064358 155.95059585571289 812.03497621417046 1680.2536266446114
leaf_count=12679 401 4401 531 77 4590 8349
internal_value=-0.000464162 0.00852167 -0.0186205 0.000774898 -0.0219027 -0.0135141
internal_weight=8219.21 5499.89 2719.32 3821.21 2585.13 1773.09
internal_count=31028 17157 13871 12756 13340 8750
is_linear=0
shrinkage=0.05


Tree=25
num_leaves=7
num_cat=0
split_feature=35 16 23 2 37 21
split_gain=472.359 220.661 174.4 181.92 155.883 127.129
threshold=1332.7075000000002 288.50000000000006 12.99467867376177 3761.5000000000005 0.58957219251336912 0.6002056202878685
decision_type=8 8 10 10 2 10
left_child=2 5 3 4 -1 -2
right_child=1 -3 -4 -5 -6 -7
leaf_value=0.0018964519466780701 -0.0099489684614147995 0.0066637035819144333 0.068549510570600616 0.00077580948118504377 0.037835080872564632 -0.03008269877354991
leaf_weight=453.21897299587727 2595.2721563130617 1493.7105266004801 141.2471149712801 1544.8835639208555 900.9630094319582 1124.0205964297056
leaf_count=1087 12443 5829 116 3595 1987 6190
internal_value=-0.000420581 -0.0095529 0.0152279 0.0125164 0.0258583 -0.0160659
internal_weight=8253.32 5213 3040.31 2899.07 1354.18 3719.29
internal_count=31247 24462 6785 6669 3074 18633
is_linear=0
shrinkage=0.05


Tree=26
num_leaves=7
num_cat=0
split_feature=35 28 16 2 36 36
split_gain=493.891 183.293 157.259 147.278 128.846 114.352
threshold=2846.2472222222227 2.5000000000000004 558.50000000000011 260.50000000000006 5118.1291666666675 3806.3420833333334
decision_type=8 2 10 10 10 10
left_child=1 2 -1 -2 5 -5
right_child=3 -3 -4 4 -6 -7
leaf_value=0.0018450016239065774 -0.030377774824080966 0.049549160283880983 0.022445238684243089 -0.0045477816011815332 -0.027444668929153006 0.043359752964050362
leaf_weight=2853.3315669298172 956.21267995238304 286.64861315488815 1367.5613197684288 1911.2487076222897 616.54855866730213 128.22345840930939
leaf_count=8449 5472 164 3677 9358 3359 544
internal_value=0.000164459 0.0111981 0.0085381 -0.0136004 -0.00751454 -0.00143712
internal_weight=8119.77 4507.54 4220.89 3612.23 2656.02 2039.47
internal_count=31023 12290 12126 18733 13261 9902
is_linear=0
shrinkage=0.05


Tree=27
num_leaves=7
num_cat=0
split_feature=37 15 34 2 19 35
split_gain=432.862 277.36 170.137 135.634 110.915 91.2803
threshold=0.25833333333333336 114.50000000000001 7621.4972222222232 4016.5000000000005 4.5000000000000009 14711.324027777779
decision_type=2 8 8 10 10 10
left_child=5 2 -2 -3 -4 -1
right_child=1 3 4 -5 -6 -7
leaf_value=-0.019852124653620129 0.0022071711550123367 0.036999119735765175 -0.00014252012072810436 0.010248561172190073 -0.040925772459448721 -0.053752690488316615
leaf_weight=1100.2859411388636 4150.8617915511131 762.42811605334282 278.70525948703289 1253.7725937217474 410.00959314405918 241.46144410967827
leaf_count=5254 14879 1803 1671 3482 2453 1563
internal_value=-0.00021308 0.00487444 -0.00162085 0.0204308 -0.0245418 -0.0261298
internal_weight=8197.52 6855.78 4839.58 2016.2 688.715 1341.75
internal_count=31105 24288 19003 5285 4124 6817
is_linear=0
shrinkage=0.05


Tree=28
num_leaves=7
num_cat=0
split_feature=38 36 20 23 35 23
split_gain=449.83 280.788 128.037 147.751 103.8 98.5834
threshold=1.0000000180025095e-35 3513.7331944444445 0.087001221801710535 2.6525021272327147 306.87513888888896 5.6123587603356873
decision_type=2 8 10 10 10 10
left_child=1 -1 4 -4 -2 -3
right_child=2 5 3 -5 -6 -7
leaf_value=0.00078230682171950372 0.055320349561183507 -0.026278653212983311 0.0014999736978804727 0.040626314531915876 0.019119780183766793 0.0079434895072902148
leaf_weight=3973.8090703040361 356.23901344835758 1754.6968947350979 1082.8611220866442 305.61822299659252 456.9788269251585 236.7369242310524
leaf_count=17788 212 10447 763 313 353 1336
internal_value=0.000227395 -0.0069025 0.0195169 0.0102269 0.035219 -0.0222007
internal_weight=8166.94 5965.24 2201.7 1388.48 813.218 1991.43
internal_count=31212 29571 1641 1076 565 11783
is_linear=0
shrinkage=0.05


Tree=29
num_leaves=7
num_cat=0
split_feature=38 35 37 20 7 37
split_gain=417.161 236.652 133.624 165.533 137.831 109.638
threshold=1.0000000180025095e-35 5575.9002777777787 0.37797619047619052 0.28897569444444449 7.5000000000000009 0.37797619047619052
decision_type=2 8 2 10 10 2
left_child=1 5 -2 -4 -5 -1
right_child=2 -3 3 4 -6 -7
leaf_value=-0.015339484226517104 -0.0095548877578584615 -0.019619190642514436 0.033467585368217444 -0.029073602200146261 0.022180374916405173 0.0055833717488967738
leaf_weight=793.15965488553047 347.24934816360474 2201.5110014230013 1331.7195157408714 223.39968739449978 303.1267252266407 2900.1198816001415
leaf_count=3881 274 13094 918 289 179 12366
internal_value=0.000277854 -0.00666345 0.0188035 0.0241142 0.00036492 0.00107537
internal_weight=8100.29 5894.79 2205.5 1858.25 526.526 3693.28
internal_count=31001 29341 1660 1386 468 16247
is_linear=0
shrinkage=0.05


Tree=30
num_leaves=7
num_cat=0
split_feature=30 37 4 12 13 24
split_gain=424.45 277.192 175.81 174.158 124.509 110.836
threshold=2.5000000000000004 0.25833333333333336 2364.5000000000005 50.500000000000007 53.500000000000007 27.500000000000004
decision_type=2 2 10 10 10 10
left_child=1 5 3 -3 -2 -1
right_child=4 2 -4 -5 -6 -7
leaf_value=-0.047282428394446768 0.021681376953683752 -0.035401404093617382 0.0042252379819561203 0.029595900140809067 0.064255381552750554 -0.014785992963981363
leaf_weight=377.5059906989336 799.60308350622654 535.22868880629539 5213.9069743305445 123.31508429348469 217.62984943389893 860.84058028459549
leaf_count=2364 1377 3061 19139 579 240 4371
internal_value=0.000932717 -0.00339586 0.00114401 -0.0230991 0.0310595 -0.0248427
internal_weight=8128.03 7110.8 5872.45 658.544 1017.23 1238.35
internal_count=31131 29514 22779 3640 1617 6735
is_linear=0
shrinkage=0.05


Tree=31
num_leaves=7
num_cat=0
split_feature=16 37 38 21 2 25
split_gain=314.203 164.02 131.707 128.648 118.331 122.381
threshold=366.50000000000006 0.25833333333333336 1.5000000000000002 0.54890004782400781 15044.000000000002 0.54719601677148855
decision_type=8 2 2 10 10 10
left_child=1 -1 -2 4 5 -3
right_child=2 3 -4 -5 -6 -7
leaf_value=-0.023781408658336237 0.009167534474475365 0.022982263801807963 0.040307926499017654 -0.014278050457974265 0.036096337642550005 -0.0050828568429897164
leaf_weight=1152.6061749905348 2356.0072177350521 482.74387627840042 392.8974626660347 1474.8661693781614 255.97166030108929 1902.8193298578262
leaf_count=6216 7688 1904 271 6787 876 7423
internal_value=-5.44261e-06 -0.00715333 0.0136835 -0.00247421 0.00413084 0.000632607
internal_weight=8017.91 5269.01 2748.9 4116.4 2641.53 2385.56
internal_count=31165 23206 7959 16990 10203 9327
is_linear=0
shrinkage=0.05


Tree=32
num_leaves=7
num_cat=0
split_feature=16 15 38 27 24 21
split_gain=291.775 166.335 163.235 144.449 113.527 110.612
threshold=291.50000000000006 1.0000000180025095e-35 2.5000000000000004 2.5000000000000004 872.50000000000011 0.54656089869925117
decision_type=10 10 2 2 10 10
left_child=1 -1 4 5 -2 -3
right_child=2 3 -4 -5 -6 -7
leaf_value=-0.030557998737739483 0.0035339708587748446 0.00058610644903218337 0.050084354151245493 0.064378512885796102 0.029480243527120753 -0.016960668024576582
leaf_weight=715.97002986073494 2603.5450235903263 2484.959016174078 241.02028456330299 69.852155312895775 498.49378363788128 1401.2141997814178
leaf_count=4145 8292 10253 198 31 1535 6728
internal_value=-0.000401503 -0.00846772 0.010867 -0.00443625 0.00774424 -0.00575429
internal_weight=8015.05 4672 3343.06 3956.03 3102.04 3886.17
internal_count=31182 21157 10025 17012 9827 16981
is_linear=0
shrinkage=0.05


Tree=33
num_leaves=7
num_cat=0
split_feature=16 37 33 21 10 21
split_gain=313.114 148.138 137.961 120.326 127.43 96.6083
threshold=325.50000000000006 0.25833333333333336 2.5000000000000004 0.6250428375599727 151.50000000000003 0.95920722135007852
decision_type=8 2 2 10 10 10
left_child=1 -1 -2 4 -3 -5
right_child=2 3 -4 5 -6 -7
leaf_value=-0.0242361100641297 0.0071161177317624379 -0.00062735393680395058 0.034016236117369592 -0.025563454585223966 0.046130487309245877 0.014464731630004949
leaf_weight=1093.9376482218504 2528.2735621035099 2643.9167631417513 583.66135607659817 815.3664471283555 149.2070247977972 181.22445423901081
leaf_count=6035 8234 10764 816 3986 511 730
internal_value=-0.000176079 -0.00807172 0.0122079 -0.00337993 0.00194839 -0.0182487
internal_weight=7995.59 4883.65 3111.93 3789.71 2793.12 996.591
internal_count=31076 22026 9050 15991 11275 4716
is_linear=0
shrinkage=0.05


Tree=34
num_leaves=7
num_cat=0
split_feature=38 36 35 15 20 36
split_gain=280.81 172.655 89.3886 88.0059 94.8011 95.814
threshold=1.0000000180025095e-35 3493.0963888888896 15925.140833333337 143.50000000000003 0.12010928961748635 51.192083333333336
decision_type=2 8 10 8 10 10
left_child=1 -1 -3 4 -2 -6
right_child=3 2 -4 -5 5 -7
leaf_value=0.00033170592727899606 0.022140488720875488 -0.014317974837712353 -0.050031268082957707 0.030220931681794468 -0.02878720530980779 0.0090398687196136061
leaf_weight=3890.3055644333363 654.73273555934429 1704.145046196878 191.80808454751968 691.07469314336777 249.89076569676399 483.18313266336918
leaf_count=17511 471 10399 1399 545 314 291
internal_value=-3.90855e-05 -0.00570273 -0.0180531 0.0157007 0.00838761 -0.00396232
internal_weight=7865.14 5786.26 1895.95 2078.88 1387.81 733.074
internal_count=30930 29309 11798 1621 1076 605
is_linear=0
shrinkage=0.05


Tree=35
num_leaves=7
num_cat=0
split_feature=15 35 4 2 23 37
split_gain=265.378 189.182 169.36 134.084 104.866 103.234
threshold=1.0000000180025095e-35 1187.8637500000002 2364.5000000000005 2606.5000000000005 1.5466605063930785 0.75490951097420111
decision_type=10 8 10 10 10 2
left_child=-1 3 -3 -2 -5 -4
right_child=1 2 5 4 -6 -7
leaf_value=-0.029592510235333703 0.027254483619762099 -0.029253279910420888 -0.0026444328823494526 -0.0049944375938109206 0.021231325125118036 0.024596750748268982
leaf_weight=699.68834453821182 1023.5563376992941 560.94037816673517 3616.7425948381424 1076.4701531529427 583.95013988018036 379.72936506569386
leaf_count=4219 2293 3402 16138 2470 1118 1404
internal_value=-0.000300506 0.00254826 -0.00365376 0.0130665 0.0042649 -2.85802e-05
internal_weight=7941.08 7241.39 4557.41 2683.98 1660.42 3996.47
internal_count=31044 26825 20944 5881 3588 17542
is_linear=0
shrinkage=0.05


Tree=36
num_leaves=7
num_cat=0
split_feature=37 28 34 19 23 36
split_gain=243.726 174.567 136.602 138.597 112.495 107.151
threshold=0.25833333333333336 2.5000000000000004 6301.748611111112 4.5000000000000009 11.426794385836724 1.7748611111111112
decision_type=2 2 8 10 8 8
left_child=-1 2 4 -4 5 -2
right_child=1 -3 3 -5 -6 -7
leaf_value=-0.020585586387168057 -0.033630262870728803 0.046297302231597698 0.0081553954377504446 -0.035012555494441135 0.052048308173509084 0.0049217692462007814
leaf_weight=1233.8308940604329 181.46699544787407 225.63252051174641 307.88055550307035 458.42073430120945 117.71474272012711 5428.6126702725887
leaf_count=6832 688 148 1943 2904 214 18314
internal_value=-0.000205958 0.00354853 0.00202879 -0.0177283 0.00468518 0.00364591
internal_weight=7953.56 6719.73 6494.1 766.301 5727.79 5610.08
internal_count=31043 24211 24063 4847 19216 19002
is_linear=0
shrinkage=0.05


Tree=37
num_leaves=7
num_cat=0
split_feature=38 24 37 36 4 35
split_gain=291.909 164.936 130.099 125.242 101.056 92.5185
threshold=1.0000000180025095e-35 19.500000000000004 0.45804195804195807 4917.4005555555568 25782.500000000004 9116.8369444444452
decision_type=2 10 2 10 10 10
left_child=1 -1 -2 5 -4 -3
right_child=2 3 4 -5 -6 -7
leaf_value=-0.023414926143738517 -0.0078032590498548927 0.00064005674944808471 0.036785980778867848 -0.023915717435588412 0.012123188632117031 0.069622524370587788
leaf_weight=1050.4731066599488 456.26096369326115 4079.0230391696095 697.42289905250072 546.0452885478735 1035.670685082674 44.19388735294342
leaf_count=6763 309 18793 560 3470 811 246
internal_value=0.00037942 -0.00556418 0.0158845 -0.00152744 0.0221251 0.00146286
internal_weight=7909.09 5719.74 2189.35 4669.26 1733.09 4123.22
internal_count=30952 29272 1680 22509 1371 19039
is_linear=0
shrinkage=0.05


Tree=38
num_leaves=7
num_cat=0
split_feature=14 23 24 37 28 33
split_gain=208.785 140.844 131.751 127.01 107.122 128.688
threshold=18.500000000000004 12.99467867376177 15.500000000000002 0.69732205778717427 2.5000000000000004 1.5000000000000002
decision_type=8 8 10 2 2 2
left_child=2 3 -1 -2 5 -4
right_child=1 -3 4 -5 -6 -7
leaf_value=-0.025734083240137259 -0.00024253354601607108 0.056195854134925061 -0.0020193185400128452 0.021118616706709354 0.048512775721142432 -0.034799216235549844
leaf_weight=815.12014382332563 2161.6653639897704 145.26501308381557 3334.868358887732 1021.1551996022463 91.119564443826675 324.0309960693121
leaf_count=5078 7520 274 15037 2586 44 438
internal_value=-0.000638945 0.00887759 -0.00757883 0.00663321 -0.00360351 -0.00496582
internal_weight=7893.22 3328.09 4565.14 3182.82 3750.02 3658.9
internal_count=30977 10380 20597 10106 15519 15475
is_linear=0
shrinkage=0.05


Tree=39
num_leaves=7
num_cat=0
split_feature=38 4 35 16 31 12
split_gain=215.101 161.972 108.293 102.38 131.482 100.013
threshold=1.0000000180025095e-35 2183.5000000000005 15925.140833333337 1163.5000000000002 1.5000000000000002 20.500000000000004
decision_type=2 10 10 8 2 10
left_child=1 5 -3 4 -2 -1
right_child=3 2 -4 -5 -6 -7
leaf_value=-0.041014909677067772 0.017385784083735662 7.5068461771994862e-05 -0.044991952565736432 0.041177704330674775 -0.014190658585383204 -0.0013357719852365333
leaf_weight=442.4495942518115 1370.4056695997715 4890.466409035027 132.0323550850153 300.9035757035017 429.43679629266262 246.71780064702034
leaf_count=3181 1189 23718 1049 327 132 1450
internal_value=0.000749323 -0.0042833 -0.00115323 0.0144101 0.0098333 -0.026922
internal_weight=7812.41 5711.67 5022.5 2100.75 1799.84 689.167
internal_count=31046 29398 24767 1648 1321 4631
is_linear=0
shrinkage=0.05


Tree=40
num_leaves=7
num_cat=0
split_feature=34 23 37 16 24 36
split_gain=178.724 136.427 166.265 130.762 114.51 111.422
threshold=5507.9051388888902 5.0353701788701182 0.37797619047619052 958.50000000000011 81.500000000000014 1.7748611111111112
decision_type=8 10 2 10 10 8
left_child=1 2 5 4 -4 -1
right_child=-2 -3 3 -5 -6 -7
leaf_value=-0.069758464020304584 -0.019136395794938151 0.031350912574891344 -0.010750535346855765 0.026621020327780083 0.0077443968366704436 -0.0096446818732506632
leaf_weight=76.170473366975784 1092.1890216618776 384.34245035052299 1174.3266028165817 639.99186924099922 2878.3928301930428 1616.6602544933558
leaf_count=353 7376 924 4497 1641 8585 7707
internal_value=-0.000415738 0.00261637 0.000863677 0.00570961 0.00237861 -0.012547
internal_weight=7862.07 6769.88 6385.54 4692.71 4052.72 1692.83
internal_count=31083 23707 22783 14723 13082 8060
is_linear=0
shrinkage=0.05


Tree=41
num_leaves=7
num_cat=0
split_feature=15 29 24 36 4 4
split_gain=182.24 134.868 137.62 91.9286 90.6241 90.0487
threshold=1.0000000180025095e-35 2.5000000000000004 872.50000000000011 5118.1291666666675 141674.50000000003 25782.500000000004
decision_type=10 2 10 10 10 10
left_child=4 2 3 -2 -1 -4
right_child=1 -3 5 -5 -6 -7
leaf_value=-0.03047975323842831 -0.00019662690041242706 0.030856103973625461 0.04451174056381433 -0.021516324658398686 0.040743533197565046 0.0080678245124379527
leaf_weight=611.62810366600752 5395.2916366830468 378.55982299149036 251.38368713855743 552.92142640799284 43.886258542537689 508.87253648042679
leaf_count=4010 20863 372 678 3309 183 1569
internal_value=-0.000319592 0.00202013 0.000371143 -0.00219483 -0.0254391 0.0203303
internal_weight=7742.54 7087.03 6708.47 5948.21 655.514 760.256
internal_count=30984 26791 26419 24172 4193 2247
is_linear=0
shrinkage=0.05


Tree=42
num_leaves=7
num_cat=0
split_feature=37 27 7 36 23 36
split_gain=228.639 147.142 126.556 92.5991 87.6697 83.0849
threshold=0.25833333333333336 1.0000000180025095e-35 41.500000000000007 40.326250000000009 5.936436594464511 261.9013888888889
decision_type=2 2 8 10 10 10
left_child=-1 3 5 4 -2 -3
right_child=1 2 -4 -5 -6 -7
leaf_value=-0.020109742476960332 -0.0160167113319288 0.023667226792978436 0.036905413288423637 0.0040160120401231481 0.016474337321220025 -0.0024529620021510427
leaf_weight=1177.0208901688457 1300.5847435519099 487.42207644879818 510.24940578639507 3205.8515903055668 242.66450536251068 795.36659386754036
leaf_count=6827 7132 262 333 14702 1393 378
internal_value=0.000129478 0.00378337 0.0159655 -0.000827969 -0.010871 0.0075253
internal_weight=7719.16 6542.14 1793.04 4749.1 1543.25 1282.79
internal_count=31027 24200 973 23227 8525 640
is_linear=0
shrinkage=0.05


Tree=43
num_leaves=7
num_cat=0
split_feature=27 24 36 37 36 8
split_gain=152.61 148.72 134.388 111.316 99.9719 88.8556
threshold=1.5000000000000002 28.500000000000004 4917.4005555555568 0.25833333333333336 3970.1341666666672 44.500000000000007
decision_type=2 8 10 2 10 10
left_child=1 3 4 -1 -3 -6
right_child=-2 2 -4 -5 5 -7
leaf_value=-0.041022803949976094 0.033902825562188564 0.0030764658658309994 -0.021992710380017391 -0.0086473689789251865 0.0089264120648571785 0.089806960999941565
leaf_weight=329.48125300556421 303.46372184157372 5117.3409534469247 534.27584011107683 1308.8686426728964 75.922089129686356 58.310321986675262
leaf_count=2425 159 18001 3247 6712 313 158
internal_value=-0.000558469 -0.00198894 0.00177981 -0.0152633 0.00421696 0.0460241
internal_weight=7727.66 7424.2 5785.85 1638.35 5251.57 134.232
internal_count=31015 30856 21719 9137 18472 471
is_linear=0
shrinkage=0.05


Tree=44
num_leaves=7
num_cat=0
split_feature=37 34 11 23 24 36
split_gain=158.455 108.031 117.721 92.2113 76.312 75.5142
threshold=0.25833333333333336 6301.748611111112 165.50000000000003 12.99467867376177 27.500000000000004 1.7748611111111112
decision_type=2 8 10 8 10 8
left_child=4 3 -3 5 -1 -2
right_child=1 2 -4 -5 -6 -7
leaf_value=-0.037873329739825844 -0.025322571651992809 -0.020263336635249454 0.063833777529333807 0.042900035747127481 -0.0090575458661789343 0.0053739566767960385
leaf_weight=312.71492837369442 203.05636414885521 676.19189310073853 39.505135059356689 153.76931168138981 847.86205046623945 5475.2171897739172
leaf_count=2350 726 4537 221 208 4460 18611
internal_value=3.54047e-05 0.00305687 -0.0152107 0.00530973 -0.0169511 0.00425493
internal_weight=7708.32 6547.74 715.697 5832.04 1160.58 5678.27
internal_count=31113 24303 4758 19545 6810 19337
is_linear=0
shrinkage=0.05


Tree=45
num_leaves=7
num_cat=0
split_feature=29 14 12 23 21 37
split_gain=154.543 127.019 85.234 83.896 100.431 77.7863
threshold=2.5000000000000004 1.0000000180025095e-35 26.500000000000004 5.936436594464511 0.20873379099923725 0.73385416666666681
decision_type=2 8 10 8 10 2
left_child=1 2 -1 5 -5 -3
right_child=-2 3 -4 4 -6 -7
leaf_value=-0.023962972289444145 0.030940513081548379 -0.0030455090640264804 0.00065662219985881834 0.086623621586067193 0.012900927827953983 0.011599758556297156
leaf_weight=946.33577940613031 370.72298747301102 4369.0135960951447 557.19665669649839 52.247438937425613 252.73714753985405 1138.7504886984825
leaf_count=5834 372 17707 2601 159 1019 3418
internal_value=-0.000334433 -0.00193921 -0.0148672 0.00141466 0.026724 -9.7716e-06
internal_weight=7687 7316.28 1503.53 5812.75 304.985 5507.76
internal_count=31110 30738 8435 22303 1178 21125
is_linear=0
shrinkage=0.05


Tree=46
num_leaves=7
num_cat=0
split_feature=14 22 35 40 36 36
split_gain=150.29 106.624 84.4354 79.7498 73.5366 101.531
threshold=1.0000000180025095e-35 24.457002346748819 781.87041666666676 10.500000000000002 5118.1291666666675 3970.1341666666672
decision_type=8 8 8 2 10 10
left_child=2 3 -1 -2 5 -5
right_child=1 -3 -4 4 -6 -7
leaf_value=0.016912434769862893 0.021119778869576167 0.04518968369238352 -0.018486693031165558 0.0010415312314528027 -0.019595261454289102 0.044842694038103793
leaf_weight=188.45823894441128 510.84586095809937 143.69985305517912 1347.1731257587671 4938.7899652123451 413.29637121409178 130.95429515838623
leaf_count=372 159 362 8147 18837 2595 580
internal_value=-0.000138322 0.00336394 -0.0141016 0.00232436 0.000555579 0.00221601
internal_weight=7673.22 6137.59 1535.63 5993.89 5483.04 5069.74
internal_count=31052 22533 8519 22171 22012 19417
is_linear=0
shrinkage=0.05


Tree=47
num_leaves=7
num_cat=0
split_feature=4 36 15 38 23 22
split_gain=168.108 117.001 115.934 108.095 106.328 108.964
threshold=2364.5000000000005 133.43680555555559 1.0000000180025095e-35 1.0000000180025095e-35 1.5825191150864963 0.90348316389306393
decision_type=10 8 10 2 10 10
left_child=1 -1 -2 -4 5 -5
right_child=2 -3 3 4 -6 -7
leaf_value=0.043060282250089899 -0.021497328811469461 -0.026210950664484079 0.00080437595112303024 0.019892293919255385 0.031861577653502303 -0.0093336770027712367
leaf_weight=61.851192533969879 434.84955275058746 748.04345018416643 4487.5384096652269 701.15929318964481 623.50280120968819 577.45712399482727
leaf_count=195 2760 4935 21635 574 540 404
internal_value=0.000776828 -0.020689 0.00333755 0.00504319 0.0150152 0.00670813
internal_weight=7634.4 809.895 6824.51 6389.66 1902.12 1278.62
internal_count=31043 5130 25913 23153 1518 978
is_linear=0
shrinkage=0.05


Tree=48
num_leaves=7
num_cat=0
split_feature=35 21 38 0 19 23
split_gain=165.137 141.583 114.676 97.8024 92.9655 90.0997
threshold=14.189861111111112 0.6002056202878685 1.0000000180025095e-35 28.500000000000004 247.50000000000003 1.034571996991797
decision_type=8 10 2 10 10 8
left_child=-1 2 -2 -3 -5 -4
right_child=1 3 5 4 -6 -7
leaf_value=0.043587935459927118 -0.00080790717887484697 -0.024290969269483445 0.0033920096687619704 -0.0065013719240059904 0.045323746524171211 0.029323177725861366
leaf_weight=209.0418556407094 3932.5821990296245 892.84121313691139 685.06074324250221 1227.0928689986467 88.087103992700577 653.3013302385807
leaf_count=105 19979 5237 485 4616 206 506
internal_value=0.000284928 -0.000953731 0.00349946 -0.0115682 -0.00287176 0.0161119
internal_weight=7688.01 7478.97 5270.94 2208.02 1315.18 1338.36
internal_count=31134 31029 20970 10059 4822 991
is_linear=0
shrinkage=0.05


Tree=49
num_leaves=7
num_cat=0
split_feature=27 37 21 16 8 4
split_gain=115.364 111.706 95.5204 76.9594 102.157 99.9166
threshold=2.5000000000000004 0.25833333333333336 0.081574453837783556 958.50000000000011 32.500000000000007 220095.00000000003
decision_type=2 2 10 10 10 10
left_child=1 -1 -3 -4 -5 -6
right_child=-2 2 3 4 5 -7
leaf_value=-0.016423957572333208 0.051845843281489071 0.054351695612327125 -0.0020180510420029171 0.050709559260006788 0.013166165681394955 -0.04706520623539133
leaf_weight=1112.6321581825614 96.451021045446396 76.896775551140308 5620.3377531468868 152.94684207439423 534.82104702293873 73.975672468543053
leaf_count=6826 56 222 21968 405 1397 271
internal_value=-0.00112046 -0.00182894 0.000695979 7.44676e-06 0.0148678 0.0055236
internal_weight=7668.06 7571.61 6458.98 6382.08 761.744 608.797
internal_count=31145 31089 24263 24041 2073 1668
is_linear=0
shrinkage=0.05


Tree=50
num_leaves=7
num_cat=0
split_feature=35 21 4 27 24 24
split_gain=125.079 109.223 114.808 85.8579 80.5336 113.303
threshold=15925.140833333337 0.06277844413982181 2364.5000000000005 2.5000000000000004 872.50000000000011 1098.5000000000002
decision_type=10 10 10 2 10 10
left_child=1 -1 -3 4 -4 -6
right_child=-2 2 3 -5 5 -7
leaf_value=0.066457534076111421 -0.044288864208442261 -0.018557046429518064 -0.00059867217061429837 0.050959907737964938 0.039267016349778625 5.0992938031503732e-05
leaf_weight=57.276122361421585 154.07811297476292 746.76472256332636 5803.6033063307405 83.567434564232826 316.22846345603466 431.75916720926762
leaf_count=128 1447 4739 22575 45 898 1350
internal_value=-0.000419215 0.000518535 -3.77205e-05 0.00205897 0.00139684 0.0167811
internal_weight=7593.28 7439.2 7381.92 6635.16 6551.59 747.988
internal_count=31182 29735 29607 24868 24823 2248
is_linear=0
shrinkage=0.05


Tree=51
num_leaves=7
num_cat=0
split_feature=4 37 23 25 21 8
split_gain=116.006 113.504 147.553 97.92 83.8149 76.0086
threshold=2535.5000000000005 0.73385416666666681 5.0353701788701182 0.043784985813971326 0.41291708796764415 12.500000000000002
decision_type=8 2 8 10 10 10
left_child=3 2 5 -1 -5 -2
right_child=1 -3 -4 4 -6 -7
leaf_value=0.032096431606046048 0.0038184365539882179 0.015227399885165594 0.027815934387523351 -0.0077224118316865297 -0.041336534311504608 -0.0086113431582687371
leaf_weight=85.012008935213089 2143.297243617475 1351.3072554469109 407.19150478392839 405.45686859637499 341.28115469962358 2873.9811687767506
leaf_count=387 9654 3784 1508 2248 2669 10794
internal_value=0.000122831 0.00229026 -0.000943603 -0.0174421 -0.0232578 -0.00330303
internal_weight=7607.53 6775.78 5424.47 831.75 746.738 5017.28
internal_count=31044 25740 21956 5304 4917 20448
is_linear=0
shrinkage=0.05


Tree=52
num_leaves=7
num_cat=0
split_feature=15 8 0 21 36 8
split_gain=116.653 98.8646 124.62 108.325 102.263 191.498
threshold=114.50000000000001 14.500000000000002 65.500000000000014 0.66679487179487185 3027.4033333333336 9.5000000000000018
decision_type=10 10 10 10 10 10
left_child=1 2 3 4 -1 -6
right_child=-2 -3 -4 -5 5 -7
leaf_value=0.010779260778853203 0.010379571291310973 -0.010665415435493718 0.031641071071586972 -0.02201494190833049 -0.021612266265067223 0.077150541360840735
leaf_weight=1521.2910300567746 1949.6259079575539 2713.8919309452176 322.25737175345421 495.50169110298157 569.30443906039 48.774915471673012
leaf_count=6351 5695 11213 992 3176 3481 300
internal_value=-0.00015535 -0.00378308 0.0025405 -0.00107183 0.00381885 -0.013262
internal_weight=7620.65 5671.02 2957.13 2634.87 2139.37 618.079
internal_count=31208 25513 14300 13308 10132 3781
is_linear=0
shrinkage=0.05


Tree=53
num_leaves=7
num_cat=0
split_feature=35 21 29 11 22 36
split_gain=108.591 93.2711 89.8087 89.9761 88.6885 80.9876
threshold=15925.140833333337 0.6002056202878685 2.5000000000000004 157.50000000000003 2.5280579820807216 1.2390277777777781
decision_type=10 10 2 8 8 10
left_child=1 2 3 -1 -5 -3
right_child=-2 5 -4 4 -6 -7
leaf_value=0.00089766836719797733 -0.043024413128522523 -0.0291753098647477 0.038479279349866141 0.013140677231561759 0.069339411103064311 -0.0036530487075182349
leaf_weight=4544.7857670560479 140.39874897897243 370.30795969069004 180.08982612937689 358.32939270138741 83.454306751489639 1821.0105822607875
leaf_count=18602 1382 2587 183 1098 212 6894
internal_value=-0.000234807 0.000610331 0.00427601 0.00300346 0.024414 -0.00802262
internal_weight=7498.38 7357.98 5166.66 4986.57 441.784 2191.32
internal_count=30958 29576 20095 19912 1310 9481
is_linear=0
shrinkage=0.05


Tree=54
num_leaves=7
num_cat=0
split_feature=37 34 19 23 38 36
split_gain=132.39 110.61 119.529 86.4265 85.7357 72.098
threshold=0.37797619047619052 5389.8062500000005 4.5000000000000009 5.0353701788701182 1.5000000000000002 1.7748611111111112
decision_type=2 8 10 10 2 8
left_child=3 -2 -3 4 5 -1
right_child=1 2 -4 -5 -6 -7
leaf_value=-0.049613534703338846 0.0066658957697672749 0.013022688538244601 -0.030547976126261474 0.032533799676215495 -0.060560154799095538 -0.0083318566333997045
leaf_weight=107.83431756496429 4856.9765763059258 242.65692755579948 431.33761247992516 104.58966143429279 86.186182633042336 1775.3048437163234
leaf_count=526 15233 1620 3045 369 32 10358
internal_value=-1.08909e-05 0.00402917 -0.0148809 -0.0107692 -0.0131456 -0.0108209
internal_weight=7604.89 5530.97 673.995 2073.92 1969.33 1883.14
internal_count=31183 19898 4665 11285 10916 10884
is_linear=0
shrinkage=0.05


Tree=55
num_leaves=7
num_cat=0
split_feature=27 15 35 15 36 22
split_gain=108.965 80.7359 70.3809 117.404 84.6907 69.3649
threshold=2.5000000000000004 64.500000000000014 997.54763888888908 44.500000000000007 70.835000000000008 0.70502090568459186
decision_type=2 10 8 10 10 10
left_child=1 2 3 4 -1 -3
right_child=-2 5 -4 -5 -6 -7
leaf_value=-0.0069935757726575344 0.056832986849447445 0.019164429005580595 -0.0084375699464066031 -0.030258190186392721 0.026818545890057107 0.0011017031923112634
leaf_weight=285.25206816196442 77.154262728989124 694.29980936646461 3594.7141518518329 171.58569338917732 513.97772392630577 2218.0900764167309
leaf_count=705 47 2099 19636 387 1046 7243
internal_value=-0.000437527 -0.001066 -0.00521333 0.00670738 0.0147823 0.00543324
internal_weight=7555.07 7477.92 4565.53 970.815 799.23 2912.39
internal_count=31163 31116 21774 2138 1751 9342
is_linear=0
shrinkage=0.05


Tree=56
num_leaves=7
num_cat=0
split_feature=28 4 36 36 36 4
split_gain=117.291 102.774 85.0116 76.3978 156.805 165.032
threshold=2.5000000000000004 2364.5000000000005 133.43680555555559 47.087083333333339 211.38513888888892 136660.00000000003
decision_type=2 8 8 8 8 10
left_child=1 2 -1 -3 5 -5
right_child=-2 3 -4 4 -6 -7
leaf_value=0.038013210047960717 0.036837024962201946 -0.01176598562696677 -0.022772017491594437 0.042042463245212748 0.00082837611392919119 -0.02699595968694761
leaf_weight=58.089832291007042 209.7666037902236 945.33373550325632 706.78600767999887 444.00499412417412 5144.4755725041032 103.5673381537199
leaf_count=191 161 3106 4951 1075 21380 318
internal_value=0.000411091 -0.000645323 -0.0179387 0.00135953 0.00354782 0.0288585
internal_weight=7612.02 7402.26 764.876 6637.38 5692.05 547.572
internal_count=31182 31021 5142 25879 22773 1393
is_linear=0
shrinkage=0.05


Tree=57
num_leaves=7
num_cat=0
split_feature=27 0 35 8 36 36
split_gain=104.308 93.6672 86.8058 85.0756 91.8634 179.73
threshold=2.5000000000000004 25.500000000000004 14711.324027777779 14.500000000000002 5118.1291666666675 3317.0227777777786
decision_type=2 8 10 10 10 10
left_child=1 2 -1 -3 5 -5
right_child=-2 3 -4 4 -6 -7
leaf_value=-0.0055621284886281583 0.055969343820846396 0.01645991395458064 -0.047166947853366809 0.00013498431001760896 -0.034499988812567259 0.075210594720594409
leaf_weight=2984.3892637789249 77.074745334684849 1041.7012263312936 126.02881244570017 3037.9158854708076 176.35704611241817 76.868218213319778
leaf_count=14542 49 4102 1319 9727 1159 208
internal_value=-8.95678e-05 -0.000707239 -0.00732088 0.00404346 9.44399e-05 0.00210531
internal_weight=7520.34 7443.26 3110.42 4332.84 3291.14 3114.78
internal_count=31106 31057 15861 15196 11094 9935
is_linear=0
shrinkage=0.05


Tree=58
num_leaves=7
num_cat=0
split_feature=21 14 12 2 24 4
split_gain=99.3354 86.4366 79.2292 62.5732 51.5388 105.465
threshold=0.06277844413982181 1.0000000180025095e-35 69.500000000000014 24498.500000000004 872.50000000000011 28825.500000000004
decision_type=10 10 10 10 10 10
left_child=-1 2 3 -2 -3 -6
right_child=1 4 -4 -5 5 -7
leaf_value=0.061860635002740888 -0.020805238825114973 0.00059953756474283521 0.0075868253720892433 0.046066210880066981 0.040895739527209117 0.0007990024513833074
leaf_weight=59.761257968842983 1007.3569492325187 5219.2667478099465 397.90461175143719 31.64555985480547 247.67817783355713 467.84622369706631
leaf_count=154 6566 20319 1700 113 750 1405
internal_value=0.000206031 -0.000335384 -0.0113166 -0.0185576 0.00233062 0.0148659
internal_weight=7431.46 7371.7 1436.91 1039 5934.79 715.524
internal_count=31007 30853 8379 6679 22474 2155
is_linear=0
shrinkage=0.05


Tree=59
num_leaves=7
num_cat=0
split_feature=27 4 12 4 8 23
split_gain=98.7091 84.3068 122.98 139.273 88.331 79.3478
threshold=2.5000000000000004 2183.5000000000005 25.500000000000004 1075.0000000000002 1.0000000180025095e-35 5.0353701788701182
decision_type=2 8 10 8 10 8
left_child=1 2 -1 4 -4 -3
right_child=-2 5 3 -5 -6 -7
leaf_value=-0.033372918858563028 0.055276923998724907 -0.00023798294862088735 0.0084065515971108416 -0.031469650056467229 0.0857407748151401 0.021149378227599137
leaf_weight=429.01240687072277 75.263722449541092 6292.416005179286 89.582818359136581 111.75210558623075 59.321179576218128 460.76394219696522
leaf_count=3344 49 24693 473 599 303 1703
internal_value=0.000124992 -0.000469452 -0.0170561 0.00992228 0.041 0.00123583
internal_weight=7518.11 7442.85 689.669 260.656 148.904 6753.18
internal_count=31164 31115 4719 1375 776 26396
is_linear=0
shrinkage=0.05


Tree=60
num_leaves=7
num_cat=0
split_feature=16 19 10 19 31 24
split_gain=102.849 112.597 98.8848 109.064 84.8044 81.8187
threshold=973.50000000000011 17.500000000000004 26.500000000000004 159.50000000000003 1.5000000000000002 135.50000000000003
decision_type=8 10 10 10 2 10
left_child=4 -2 3 -3 5 -1
right_child=1 2 -4 -5 -6 -7
leaf_value=-0.0057210591422742251 0.054136095736254941 -0.028385533521894175 0.038177964912035345 0.021024196651841871 -0.02505426407649336 0.0057526016866634132
leaf_weight=3646.2928632795811 156.6798100695014 236.63149897754192 177.02276598662138 202.89659744501114 378.43618106842041 2699.8465566039085
leaf_count=19350 435 826 410 561 123 9358
internal_value=-0.000229524 0.0169795 0.00717766 -0.0055969 -0.00221947 -0.000839118
internal_weight=7497.81 773.231 616.551 439.528 6724.58 6346.14
internal_count=31063 2232 1797 1387 28831 28708
is_linear=0
shrinkage=0.05


Tree=61
num_leaves=7
num_cat=0
split_feature=35 24 24 25 35 21
split_gain=104.432 101.188 75.3983 68.9083 104.21 78.4001
threshold=14.189861111111112 872.50000000000011 1098.5000000000002 0.85685810547635743 10477.980833333335 0.6002056202878685
decision_type=8 8 10 10 8 10
left_child=-1 3 -3 5 -5 -2
right_child=1 2 -4 4 -6 -7
leaf_value=0.035688074040864569 0.0025362436608932374 0.03602786998270506 0.0035573232304502052 -0.031719950297873833 0.046529134004998342 -0.0092879665941480623
leaf_weight=194.93638741970062 4001.2684324979782 292.35471571981907 451.47182910144329 360.46865975111723 43.69340255856514 2151.7052412554622
leaf_count=110 16939 907 1350 1618 250 10058
internal_value=3.66223e-05 -0.000939047 0.0164749 -0.0029255 -0.0227953 -0.00160289
internal_weight=7495.9 7300.96 743.827 6557.14 404.162 6152.97
internal_count=31232 31122 2257 28865 1868 26997
is_linear=0
shrinkage=0.05


Tree=62
num_leaves=7
num_cat=0
split_feature=37 37 24 35 34 19
split_gain=86.5323 68.072 97.8732 98.5067 102.922 74.1589
threshold=0.25833333333333336 0.17424242424242428 59.500000000000007 3995.5125000000003 1061.8233333333335 12.500000000000002
decision_type=2 2 10 10 10 10
left_child=1 -1 -3 -4 -5 -6
right_child=-2 2 3 4 5 -7
leaf_value=0.0034801112029919585 0.002567849371375365 -0.04067063274743242 -0.034065480831428151 0.095090706429543953 0.032727947099117978 -0.033607360513607701
leaf_weight=407.28119248151779 6396.1659415885806 347.02797134965658 139.80672188103199 32.260111734271049 87.938865400850773 72.098306357860565
leaf_count=2260 24250 2965 484 135 538 523
internal_value=0.000349328 -0.012664 -0.0223004 -0.00278606 0.0202421 0.00273046
internal_weight=7482.58 1086.41 679.132 332.104 192.297 160.037
internal_count=31155 6905 4645 1680 1196 1061
is_linear=0
shrinkage=0.05


Tree=63
num_leaves=7
num_cat=0
split_feature=28 36 19 8 24 35
split_gain=103.366 75.1818 77.6623 107.077 67.9321 80.4889
threshold=2.5000000000000004 5118.1291666666675 13.500000000000002 9.5000000000000018 28.500000000000004 8988.4988888888893
decision_type=2 10 10 10 10 10
left_child=1 4 3 -3 -1 -6
right_child=-2 2 -4 -5 5 -7
leaf_value=-0.0092342877190677644 0.036127982028646401 -0.016848504796112881 -0.04201450958263072 0.052658238717132357 0.0024165283691835364 0.059891252070418434
leaf_weight=1414.7506599053741 187.16374955326319 293.4683650881052 211.68901602178812 63.065051056444645 5184.3728841617703 56.65310449898243
leaf_count=8194 164 2172 1516 398 18279 356
internal_value=-6.52348e-05 -0.00102729 -0.0184024 -0.00399565 0.000468769 0.00309429
internal_weight=7411.16 7224 568.222 356.533 6655.78 5241.03
internal_count=31079 30915 4086 2570 26829 18635
is_linear=0
shrinkage=0.05


Tree=64
num_leaves=7
num_cat=0
split_feature=23 34 4 37 16 16
split_gain=79.9939 126.356 101.001 87.1637 82.2119 75.7879
threshold=5.0353701788701182 10765.585138888891 144121.00000000003 0.37797619047619052 973.50000000000011 658.50000000000011
decision_type=8 8 10 2 10 10
left_child=1 3 -3 5 -5 -1
right_child=-2 2 -4 4 -6 -7
leaf_value=-0.0058409188431031876 0.019253629331452859 -0.032282688596495232 0.06526704832334973 0.0020321736727780446 0.021557290159351705 -0.051641361466653025
leaf_weight=1736.2861577272415 533.16779415309429 420.42196050286293 23.712214738130569 4084.0820426642895 616.36717039346695 90.444698058068752
leaf_count=9490 2038 3657 137 13857 1627 373
internal_value=0.000680072 -0.000753219 -0.0264059 0.00101117 0.00461268 -0.00824335
internal_weight=7504.48 6971.31 444.134 6527.18 4700.45 1826.73
internal_count=31179 29141 3794 25347 15484 9863
is_linear=0
shrinkage=0.05


Tree=65
num_leaves=7
num_cat=0
split_feature=27 24 8 25 36 21
split_gain=79.0443 79.6833 104.227 114.641 99.5641 92.2122
threshold=1.0000000180025095e-35 13.500000000000002 12.500000000000002 0.80859615516179806 9504.3365277777793 0.23904084554391783
decision_type=2 10 10 10 10 10
left_child=1 -1 3 4 -3 -4
right_child=-2 2 5 -5 -6 -7
leaf_value=-0.018953657775953422 0.0096114772971062253 0.018506483038054463 0.0097078917813520696 -0.013503014363065755 -0.050881108970315114 -0.01072851357656477
leaf_weight=637.67089015245438 1814.4584433808923 1371.7700087055564 718.5815663933754 426.10086078941822 48.999729983508587 2329.827797293663
leaf_count=5075 1065 7631 3032 2203 476 11537
internal_value=0.000570205 -0.00240076 -0.000227403 0.00913155 0.0159434 -0.00590317
internal_weight=7347.41 5532.95 4895.28 1846.87 1420.77 3048.41
internal_count=31019 29954 24879 10310 8107 14569
is_linear=0
shrinkage=0.05


Tree=66
num_leaves=7
num_cat=0
split_feature=27 37 33 37 21 15
split_gain=83.9531 74.4534 82.5773 60.9231 65.6005 72.2647
threshold=2.5000000000000004 0.25833333333333336 2.5000000000000004 0.19090909090909094 0.57933578253010642 37.500000000000007
decision_type=2 2 2 2 8 10
left_child=1 2 3 -1 5 -5
right_child=-2 -3 -4 4 -6 -7
leaf_value=0.0067153004664930252 0.053571753802035195 0.0015469289778914568 -0.068597625417026895 -0.020578655943642599 -0.043531294726228215 0.024788037186786429
leaf_weight=368.72213803976774 67.505500040948391 6309.5336850956082 57.643746078014374 308.81053908914328 183.21125844493508 117.16170334070921
leaf_count=2236 50 24223 99 2285 1614 586
internal_value=3.26381e-05 -0.000495525 -0.0128877 -0.00927157 -0.0189239 -0.00795794
internal_weight=7412.59 7345.08 1035.55 977.906 609.184 425.972
internal_count=31093 31043 6820 6721 4485 2871
is_linear=0
shrinkage=0.05


Tree=67
num_leaves=7
num_cat=0
split_feature=21 37 37 16 36 36
split_gain=82.0421 76.8852 84.2815 126.46 68.7169 67.1753
threshold=0.06277844413982181 0.73385416666666681 0.82785560344827591 281.50000000000006 47.087083333333339 694.51555555555569
decision_type=10 2 2 10 10 10
left_child=-1 -2 -3 -4 -5 -6
right_child=1 2 3 4 5 -7
leaf_value=0.057885631548461818 -0.0027723897826199052 0.020645799710398652 -0.035882337801334194 -0.017338110164680658 0.047606751037337122 -0.0050796348320936505
leaf_weight=56.073057398200035 5958.4233135767281 808.69409046322107 200.53169567883015 122.68602423369884 154.36775051057339 96.089198559522629
leaf_count=145 26685 2303 921 373 372 272
internal_value=0.000173791 -0.000306145 0.0102958 -0.00434667 0.0128514 0.0276895
internal_weight=7396.87 7340.79 1382.37 573.675 373.143 250.457
internal_count=31071 30926 4241 1938 1017 644
is_linear=0
shrinkage=0.05


Tree=68
num_leaves=7
num_cat=0
split_feature=22 37 4 12 4 35
split_gain=68.6276 63.9386 48.8159 111.59 112.444 99.2451
threshold=35.665644235385699 0.93933823529411775 2183.5000000000005 20.500000000000004 1075.0000000000002 1078.2697222222225
decision_type=8 2 10 10 10 8
left_child=1 2 3 5 -5 -1
right_child=-2 -3 -4 4 -6 -7
leaf_value=0.041826650850107082 0.037662078091593026 0.053348248881768756 -0.0011117792394467823 0.035120619342203521 -0.028815779871329328 -0.040701171723920404
leaf_weight=36.545484930276871 105.59310209751129 46.773615315556526 6581.9101478308439 162.44842161238194 111.96748086810112 350.02100760117173
leaf_count=66 311 113 26076 854 635 3119
internal_value=-0.00143207 -0.00202379 -0.00241793 -0.0153182 0.0089844 -0.0324646
internal_weight=7395.26 7289.67 7242.89 660.982 274.416 386.566
internal_count=31174 30863 30750 4674 1489 3185
is_linear=0
shrinkage=0.05


Tree=69
num_leaves=7
num_cat=0
split_feature=22 24 12 12 4 19
split_gain=81.7502 70.2936 69.7226 96.5599 105.535 89.8336
threshold=35.665644235385699 14.500000000000002 3794.0000000000005 74.500000000000014 202207.00000000003 249.50000000000003
decision_type=8 10 10 8 10 10
left_child=1 -1 3 4 -3 -5
right_child=-2 2 -4 5 -6 -7
leaf_value=-0.015787992416214789 0.04170644049529413 0.0023013034258461923 0.019025059340824404 -0.01014122646817189 0.040283777572257852 0.039698402843928199
leaf_weight=742.676901653409 107.3660724312067 3248.6205553933978 461.50432498008013 2488.448598690331 188.84989240765572 88.965116932988167
leaf_count=5224 298 13972 1556 9178 650 251
internal_value=-0.000614129 -0.00127198 0.000403538 -0.00103985 0.00444349 -0.00834737
internal_weight=7326.43 7219.07 6476.39 6014.88 3437.47 2577.41
internal_count=31129 30831 25607 24051 14622 9429
is_linear=0
shrinkage=0.05


Tree=70
num_leaves=7
num_cat=0
split_feature=25 24 8 25 24 16
split_gain=70.3826 130.02 72.4295 114.811 99.1711 90.0639
threshold=0.18910678971654585 13.500000000000002 14.500000000000002 0.77145966112233799 133.50000000000003 751.50000000000011
decision_type=10 10 10 10 10 10
left_child=-1 -2 3 4 5 -3
right_child=1 2 -4 -5 -6 -7
leaf_value=0.013242864579865996 -0.032200231770391156 0.0032180117785461436 -0.004920405342917396 -0.012382664299118573 0.03471693358882133 0.056681789571890663
leaf_weight=825.07352164387703 337.54385903477669 1357.8724872730672 3746.4640732780099 620.19505050778389 387.80478350818157 78.68283162266016
leaf_count=3364 3078 6616 13699 2824 1223 250
internal_value=-0.00047179 -0.00221384 -0.000554274 0.00613353 0.0124448 0.00633277
internal_weight=7353.64 6528.56 6191.02 2444.56 1824.36 1436.56
internal_count=31054 27690 24612 10913 8089 6866
is_linear=0
shrinkage=0.05


Tree=71
num_leaves=7
num_cat=0
split_feature=27 22 24 11 12 21
split_gain=79.3472 65.6513 63.8174 57.257 88.0684 124.489
threshold=2.5000000000000004 35.665644235385699 14.500000000000002 225.50000000000003 834.50000000000011 0.1972920063116681
decision_type=2 8 10 10 10 10
left_child=1 2 -1 4 -4 -6
right_child=-2 -3 3 -5 5 -7
leaf_value=-0.01475472697412855 0.053145124592795204 0.038801349768087662 0.0010843230108143851 0.012632619224071124 0.0063571318374496507 -0.041015312273898624
leaf_weight=721.49240431934595 65.577722616493702 101.73160358518362 5036.274855133146 887.59220203757286 249.06907059252262 304.60697961598635
leaf_count=5258 49 298 20909 2824 689 1069
internal_value=0.000384145 -0.000125818 -0.000702457 0.000872909 -0.00100396 -0.0198388
internal_weight=7366.34 7300.77 7199.04 6477.54 5589.95 553.676
internal_count=31096 31047 30749 25491 22667 1758
is_linear=0
shrinkage=0.05


Tree=72
num_leaves=7
num_cat=0
split_feature=15 12 22 11 32 36
split_gain=63.8524 84.2934 82.7767 85.413 71.3887 71.2334
threshold=150.50000000000003 72.500000000000014 1.13209853993926 81.500000000000014 1.5000000000000002 192.11847222222227
decision_type=10 10 10 10 2 8
left_child=-1 5 -3 -4 -5 -2
right_child=1 2 3 4 -6 -7
leaf_value=-0.0027838282393796761 0.046116686548999412 0.018208017048849345 -0.036784605468315877 -0.010022261975983968 0.044681423625261833 0.0098812943659927176
leaf_weight=5955.2609846405685 214.66698560118675 337.15054952353239 219.33996896445751 233.52751944959164 74.563787795603275 364.26536280661821
leaf_count=26967 526 996 704 822 80 1188
internal_value=-0.000495848 0.00892031 -0.000986608 -0.0133122 0.00371916 0.0235971
internal_weight=7398.78 1443.51 864.582 527.431 308.091 578.932
internal_count=31283 4316 2602 1606 902 1714
is_linear=0
shrinkage=0.05


Tree=73
num_leaves=7
num_cat=0
split_feature=21 29 25 31 38 36
split_gain=74.8598 113.14 70.1716 69.9432 121.744 69.9837
threshold=0.6002056202878685 2.5000000000000004 0.26386813186813191 1.5000000000000002 1.0000000180025095e-35 1241.6665277777781
decision_type=10 2 10 2 2 10
left_child=1 3 -2 4 -1 -6
right_child=2 -3 -4 -5 5 -7
leaf_value=5.9199990739298612e-05 0.002596619848899211 0.046392735710874967 -0.015418243181558773 -0.022223590565570484 0.029331299637504755 -0.00064737593498572735
leaf_weight=3830.1557566039264 994.28633848577738 146.90253784507513 1176.2915341369808 263.95310105383396 639.8673557639122 278.55463215708733
leaf_count=19980 4252 175 5777 86 694 161
internal_value=0.000601181 0.00387813 -0.00717909 0.00258716 0.00398821 0.0202846
internal_weight=7330.01 5159.43 2170.58 5012.53 4748.58 918.422
internal_count=31125 21096 10029 20921 20835 855
is_linear=0
shrinkage=0.05


Tree=74
num_leaves=7
num_cat=0
split_feature=37 37 24 34 35 8
split_gain=68.8153 59.8417 93.0421 73.6047 66.9588 58.4119
threshold=0.25833333333333336 0.17424242424242428 102.50000000000001 4391.0766666666677 3438.5484722222222 20.500000000000004
decision_type=2 2 10 10 10 10
left_child=1 3 -3 -1 -4 -6
right_child=-2 2 4 -5 5 -7
leaf_value=-0.005023011386649354 0.0029486421453667226 -0.033741801366013936 -0.033109641557666901 0.05354547955423497 0.048587185094181501 -0.019293665121591641
leaf_weight=343.1430516242981 6305.6917387396097 424.34502227604389 64.301772445440292 58.44788458943367 92.625122830271721 43.612365879118443
leaf_count=1797 24286 3617 238 462 480 242
internal_value=0.000992288 -0.0109817 -0.0206006 0.00405474 0.00735072 0.0269434
internal_weight=7332.17 1026.48 624.884 401.591 200.539 136.237
internal_count=31122 6836 4577 2259 960 722
is_linear=0
shrinkage=0.05


Tree=75
num_leaves=7
num_cat=0
split_feature=23 37 36 8 12 22
split_gain=63.4934 74.6138 113.191 96.3284 99.3241 124.075
threshold=5.0353701788701182 0.56125000000000014 5.0402777777777787 31.500000000000004 22.500000000000004 1.1607989624156405
decision_type=10 2 10 10 10 10
left_child=1 3 -3 4 -1 -6
right_child=-2 2 -4 -5 5 -7
leaf_value=-0.01053643565387413 0.017430716448963587 0.052464104292988478 0.0034027209135776768 -0.016336859486839325 0.019912413260955324 -0.009323344407678855
leaf_weight=1189.4772768691182 515.70584421604872 117.98778715729713 2693.8357335552573 1282.2317254915833 940.21737246215343 585.24569060653448
leaf_count=7675 2070 291 8605 5652 4238 2641
internal_value=0.000602445 -0.000683965 0.00555087 -0.00507134 0.000269477 0.00870226
internal_weight=7324.7 6809 2811.82 3997.17 2714.94 1525.46
internal_count=31172 29102 8896 20206 14554 6879
is_linear=0
shrinkage=0.05


Tree=76
num_leaves=7
num_cat=0
split_feature=21 29 23 22 36 36
split_gain=106.413 72.8971 68.5021 68.5882 125.018 68.4786
threshold=0.6002056202878685 2.5000000000000004 1.2306355165679366 2.4628730585351959 694.51555555555569 1.7748611111111112
decision_type=10 2 10 10 10 8
left_child=1 5 -2 -4 -5 -1
right_child=2 -3 3 4 -6 -7
leaf_value=-0.028015527880752917 -0.0016414250469253694 0.036851341079489487 -0.032906174058702962 -0.017191915370071097 0.05304319137457332 0.0037055261786385525
leaf_weight=171.35381986200809 1179.7558200955391 155.32135464251041 476.76729863509536 380.48194164782763 70.866876818239689 4848.6765356659889
leaf_count=688 5748 185 2294 1678 339 20263
internal_value=-0.000198666 0.0036586 -0.00965546 -0.019779 -0.00570386 0.00259596
internal_weight=7283.22 5175.35 2107.87 928.116 451.349 5020.03
internal_count=31195 21136 10059 4311 2017 20951
is_linear=0
shrinkage=0.05


Tree=77
num_leaves=7
num_cat=0
split_feature=21 12 23 37 0 28
split_gain=64.1752 60.9554 120.219 84.7963 82.3533 58.9135
threshold=0.06277844413982181 3928.5000000000005 0.89480391798305525 0.63060428849902539 40.500000000000007 2.5000000000000004
decision_type=10 10 10 2 10 2
left_child=-1 5 3 -3 -4 -2
right_child=1 2 4 -5 -6 -7
leaf_value=0.051856273954306975 -0.0023200645394290654 0.076534421282176898 -0.022110275364841028 0.0067433881409721431 0.022705612985052821 0.029212307994757294
leaf_weight=54.582303017377853 6514.7129028439522 105.04968006908894 203.99088779091835 73.727037191390991 196.18880148231983 146.58687053620815
leaf_count=163 28812 394 889 237 600 143
internal_value=0.00017706 -0.000248053 0.0152421 0.0487193 -0.000130142 -0.00160478
internal_weight=7294.84 7240.26 578.956 178.777 400.18 6661.3
internal_count=31238 31075 2120 631 1489 28955
is_linear=0
shrinkage=0.05


Tree=78
num_leaves=7
num_cat=0
split_feature=12 34 37 8 16 38
split_gain=58.1571 62.3599 59.6678 66.2356 144.067 115.083
threshold=5565.5000000000009 29.43930555555556 0.25833333333333336 13.500000000000002 766.50000000000011 1.5000000000000002
decision_type=8 10 2 10 10 2
left_child=2 -2 -1 4 5 -4
right_child=1 -3 3 -5 -6 -7
leaf_value=-0.011992439115713835 0.049085517013757435 0.0035045136330336328 0.0081215342604954097 -0.0026563456895804805 0.064650859539314348 -0.042973399647945082
leaf_weight=969.37009476870298 118.85235998779535 192.52892784774303 1998.1878283172846 3804.2165323570371 102.62944872677326 111.68023943901062
leaf_count=6722 90 841 9282 13681 312 187
internal_value=0.000435617 0.0214033 -0.000513586 0.00134423 0.00821338 0.00532176
internal_weight=7297.47 311.381 6986.08 6016.71 2212.5 2109.87
internal_count=31115 931 30184 23462 9781 9469
is_linear=0
shrinkage=0.05


Tree=79
num_leaves=7
num_cat=0
split_feature=35 8 25 24 35 21
split_gain=66.6852 66.9519 129.535 138.232 121.432 96.5364
threshold=15925.140833333337 12.500000000000002 0.77772430756068889 123.50000000000001 11985.063472222224 0.24511625690870978
decision_type=10 10 10 8 8 10
left_child=1 2 3 5 -4 -1
right_child=-2 -3 4 -5 -6 -7
leaf_value=0.067437405774907616 -0.038735342361560086 -0.0039935251259263071 -0.022161323831758024 0.035350658744205447 0.055832627559599148 0.0027348218167315905
leaf_weight=54.677184447646141 108.5066724345088 4357.2841123118997 532.723612383008 468.47778657078743 50.235035017132759 1716.0596437528729
leaf_count=179 1410 16237 2408 1419 256 9183
internal_value=-0.000710458 -0.000109211 0.00588442 0.0113487 -0.0150227 0.00491698
internal_weight=7287.96 7179.46 2822.17 2239.21 582.959 1770.74
internal_count=31092 29682 13445 10781 2664 9362
is_linear=0
shrinkage=0.05


Tree=80
num_leaves=7
num_cat=0
split_feature=21 29 31 38 25 22
split_gain=64.1867 95.5972 73.2675 80.5658 57.2079 58.2107
threshold=0.6002056202878685 2.5000000000000004 1.5000000000000002 1.5000000000000002 0.26386813186813191 1.2343424523896809
decision_type=10 2 2 2 10 10
left_child=1 2 3 -1 5 -2
right_child=4 -3 -4 -5 -6 -7
leaf_value=0.0023689934276975035 0.017827094865109805 0.043801750862582589 -0.023268214042564028 0.047863028361868856 -0.014764122488085807 -0.007488550756222229
leaf_weight=4686.5999324023724 350.06765592470765 134.76605509966612 269.04055696725845 94.404449418187141 1159.5087416879833 625.07838143408298
leaf_count=20529 1592 182 87 214 5782 2648
internal_value=4.94673e-06 0.00300931 0.00187847 0.00331637 -0.00728225 0.00164409
internal_weight=7319.47 5184.81 5050.04 4781 2134.65 975.146
internal_count=31034 21012 20830 20743 10022 4240
is_linear=0
shrinkage=0.05


Tree=81
num_leaves=7
num_cat=0
split_feature=21 15 20 16 12 37
split_gain=58.8408 60.3937 46.4086 66.0437 77.0948 76.1583
threshold=0.06277844413982181 1.0000000180025095e-35 0.0042441032121259591 42.500000000000007 380.50000000000006 0.53708791208791218
decision_type=10 10 10 10 10 2
left_child=-1 -2 -3 4 -4 -6
right_child=1 2 3 -5 5 -7
leaf_value=0.051309710214479977 -0.016531088640170916 0.019016502145933846 0.0048066072260266567 -0.002122877277612244 0.073015721843503384 0.0088440949113951228
leaf_weight=50.325228288769722 535.18278154730797 329.00625836104155 666.98572954535484 5476.2139537148178 88.846862643957138 94.234796077013016
leaf_count=147 4181 1398 3583 21092 345 388
internal_value=-5.73425e-05 -0.000452259 0.000852155 -0.000106777 0.0128176 0.0410988
internal_weight=7240.8 7190.47 6655.29 6326.28 850.067 183.082
internal_count=31134 30987 26806 25408 4316 733
is_linear=0
shrinkage=0.05


Tree=82
num_leaves=7
num_cat=0
split_feature=35 21 21 23 16 40
split_gain=59.0174 64.8616 42.5613 70.0625 80.4572 76.4223
threshold=15925.140833333337 0.06277844413982181 0.6002056202878685 1.1977845800728264 540.50000000000011 10.500000000000002
decision_type=10 10 10 10 10 2
left_child=1 -1 -3 4 5 -4
right_child=-2 2 3 -5 -6 -7
leaf_value=0.051842689704284996 -0.037050415901073191 0.0020028271722433324 -0.066458155786465606 -0.016766357985701624 0.022336862922193345 -0.00279822344413652
leaf_weight=54.718170091509819 104.41272131726146 5012.963884525001 45.266743183135986 918.57156371325254 330.9199101254344 768.54196476191282
leaf_count=126 1404 20123 13 4213 935 4371
internal_value=-0.000606933 -4.77366e-05 -0.000485309 -0.00652067 0.00173799 -0.0067234
internal_weight=7235.39 7130.98 7076.26 2063.3 1144.73 813.809
internal_count=31185 29781 29655 9532 5319 4384
is_linear=0
shrinkage=0.05


Tree=83
num_leaves=7
num_cat=0
split_feature=27 11 16 12 21 32
split_gain=60.7403 50.26 111.627 89.5474 69.9233 67.6122
threshold=2.5000000000000004 232.50000000000003 22.500000000000004 952.50000000000011 0.1972920063116681 3.5000000000000004
decision_type=2 8 10 10 10 2
left_child=1 3 -3 -1 -5 -4
right_child=-2 2 5 4 -6 -7
leaf_value=-0.0011586121945423725 0.05092301204782116 0.063421588675039969 0.00049439488902030127 -0.0024321372861404438 -0.041286065460845144 0.0498891381337212
leaf_weight=5706.2335204333067 51.495395362377167 80.866195291280746 961.20294087380171 210.73175717890263 253.83833357691765 69.669458396732807
leaf_count=25839 47 283 3335 629 887 73
internal_value=-0.000722526 -0.0011224 0.00864003 -0.00288678 -0.0238753 0.00405733
internal_weight=7334.04 7282.54 1111.74 6170.8 464.57 1030.87
internal_count=31093 31046 3691 27355 1516 3408
is_linear=0
shrinkage=0.05


Tree=84
num_leaves=7
num_cat=0
split_feature=40 36 8 36 36 34
split_gain=74.1333 61.8478 88.1577 89.2042 113.299 97.347
threshold=10.500000000000002 5118.1291666666675 19.500000000000004 9504.3365277777793 6841.5052777777792 6604.0273611111124
decision_type=2 10 10 10 10 10
left_child=-1 -2 3 4 5 -3
right_child=1 2 -4 -5 -6 -7
leaf_value=0.018377350477315132 0.00098657036622592175 -0.02973015179796893 -0.042235262521710164 -0.041380566047835209 0.06329854728853819 0.065514430689203387
leaf_weight=564.63206607103348 6161.9027151279151 119.21665112674236 202.49428186565638 88.826983157545328 77.859191738069057 29.294872552156448
leaf_count=191 26872 770 1568 981 486 244
internal_value=0.00106286 -0.0004134 -0.0169268 -0.000262082 0.0164182 -0.0094206
internal_weight=7244.23 6679.59 517.692 315.198 226.371 148.512
internal_count=31112 30921 4049 2481 1500 1014
is_linear=0
shrinkage=0.05


Tree=85
num_leaves=7
num_cat=0
split_feature=15 12 19 36 37 35
split_gain=61.754 53.8902 81.9701 63.334 52.1286 71.1222
threshold=1.0000000180025095e-35 13.500000000000002 4.5000000000000009 5778.1483333333344 0.73385416666666681 3438.5484722222222
decision_type=8 10 10 8 2 10
left_child=1 -1 3 -3 -2 -6
right_child=4 2 -4 -5 5 -7
leaf_value=-0.026876741036895642 -0.00048850387495510722 0.0039447175060178903 -0.043070485880272374 0.080512406412500487 0.0069806083346328407 0.04831579911543931
leaf_weight=357.54360950365663 5424.8467008136213 79.816478572785854 50.855126567184925 36.253954537212849 1222.2114586383104 109.09376171976328
leaf_count=3023 22835 572 340 218 3429 558
internal_value=0.00040258 -0.0160419 0.00727248 0.0301976 0.00169005 0.0105359
internal_weight=7280.62 524.469 166.926 116.07 6756.15 1331.31
internal_count=30975 4153 1130 790 26822 3987
is_linear=0
shrinkage=0.05


Tree=86
num_leaves=7
num_cat=0
split_feature=27 16 8 4 37 37
split_gain=66.8292 49.3174 120.436 78.815 61.6641 93.7695
threshold=2.5000000000000004 958.50000000000011 38.500000000000007 220095.00000000003 0.76533166458072599 0.44949494949494956
decision_type=2 8 10 10 2 2
left_child=1 -1 -3 4 5 -4
right_child=-2 2 3 -5 -6 -7
leaf_value=-0.0026518529528772638 0.050888176397595443 0.049193115971560696 -0.031866872134597844 -0.046605777707198898 -0.022851387108206844 0.027596324688663122
leaf_weight=6445.7618433944881 57.069377928972244 155.93444845825434 77.432518176734447 72.43180938065052 125.86745648831129 343.81253995746374
leaf_count=28756 52 455 347 242 377 904
internal_value=-0.000773165 -0.00121637 0.0106559 0.000640155 0.00726043 0.0164203
internal_weight=7278.31 7221.24 775.479 619.544 547.113 421.245
internal_count=31133 31081 2325 1870 1628 1251
is_linear=0
shrinkage=0.05


Tree=87
num_leaves=7
num_cat=0
split_feature=15 8 8 40 37 35
split_gain=49.3938 70.2063 93.1258 74.5709 76.9867 87.9323
threshold=114.50000000000001 14.500000000000002 1.0000000180025095e-35 14.500000000000002 0.37797619047619052 3901.9443055555562
decision_type=10 10 10 2 2 10
left_child=1 2 3 -1 -5 -6
right_child=-2 -3 -4 4 5 -7
leaf_value=-0.03984527116624504 0.0069813769259676169 -0.0083198852676623636 0.01130091950737278 -0.01574018856777195 -0.00065899134430414102 0.046353798225233889
leaf_weight=147.88576030731201 1916.3353184461594 2562.6129241548479 1542.5050060935318 536.62073005735874 399.08275865763426 127.41888033598661
leaf_count=49 5727 11123 7048 4254 2050 752
internal_value=0.000109762 -0.00237152 0.00316949 -0.00719169 -0.00248415 0.0110476
internal_weight=7232.46 5316.13 2753.51 1211.01 1063.12 526.502
internal_count=31003 25276 14153 7105 7056 2802
is_linear=0
shrinkage=0.05


Tree=88
num_leaves=7
num_cat=0
split_feature=28 23 24 31 36 35
split_gain=59.1697 51.6971 68.3192 62.5036 60.2156 110.757
threshold=4.5000000000000009 5.936436594464511 14.500000000000002 1.5000000000000002 47.087083333333339 110.55194444444446
decision_type=2 8 10 2 10 10
left_child=1 2 -1 4 -4 -6
right_child=-2 -3 3 -5 5 -7
leaf_value=-0.016763517932158301 0.051143144956092013 0.017171471744855143 -0.0077535342053696096 -0.020639086515678223 0.056180420484211194 0.0032494535807519489
leaf_weight=629.51235055923462 51.78084647282958 403.39791149273515 1301.1960821673274 326.4057654440403 96.156408458948135 4361.7667860351503
leaf_count=4746 53 1624 5836 111 84 18516
internal_value=0.000304542 -0.000100906 -0.00115053 0.000476981 0.00169063 0.00445282
internal_weight=7170.22 7118.44 6715.04 6085.53 5759.12 4457.92
internal_count=30970 30917 29293 24547 24436 18600
is_linear=0
shrinkage=0.05


Tree=89
num_leaves=7
num_cat=0
split_feature=22 14 30 26 15 12
split_gain=48.0411 53.5805 60.6613 73.1659 55.2865 67.1163
threshold=35.665644235385699 192.50000000000003 2.5000000000000004 1.0000000180025095e-35 114.50000000000001 223.50000000000003
decision_type=8 10 2 2 10 10
left_child=1 4 3 -3 -1 -6
right_child=-2 2 -4 -5 5 -7
leaf_value=-0.0014192805091344689 0.034623808866726176 -0.014435863298244504 0.018856223571434565 -0.077961455364391904 0.019480968206295027 -0.0014407416096071655
leaf_weight=5351.1595420129597 97.166700102388859 153.40215528011322 68.744971916079521 61.266220569610596 786.16329085081816 742.38483947515488
leaf_count=25091 308 698 169 18 2489 2222
internal_value=0.000579332 9.36946e-05 -0.0210196 -0.0339279 0.000978102 0.00934815
internal_weight=7260.29 7163.12 283.413 214.668 6879.71 1528.55
internal_count=30995 30687 885 716 29802 4711
is_linear=0
shrinkage=0.05


Tree=90
num_leaves=7
num_cat=0
split_feature=11 12 16 19 21 40
split_gain=50.9913 96.9671 93.1941 114.732 91.1139 85.6891
threshold=174.50000000000003 952.50000000000011 36.500000000000007 9.5000000000000018 0.57933578253010642 10.500000000000002
decision_type=8 10 10 10 10 2
left_child=1 4 -2 -4 5 -1
right_child=2 -3 3 -5 -6 -7
leaf_value=0.027974287860849142 0.043903122992439259 -0.024443876791389461 -0.024511860283146981 0.01278214789924474 -0.011714642399568022 0.0012081190131221569
leaf_weight=318.93813222646713 160.26677291840315 446.21876790374517 268.65443321317434 832.76382725685835 1331.8352828659117 3894.0581727512181
leaf_count=112 597 1444 1099 2433 7748 17721
internal_value=-0.000228894 -0.00215435 0.00888648 0.00361585 -0.000340205 0.00326517
internal_weight=7252.74 5991.05 1261.69 1101.42 5544.83 4213
internal_count=31154 27025 4129 3532 25581 17833
is_linear=0
shrinkage=0.05


Tree=91
num_leaves=7
num_cat=0
split_feature=27 30 24 4 4 34
split_gain=52.955 47.1142 44.7886 83.6173 104.428 49.5525
threshold=2.5000000000000004 9.5000000000000018 872.50000000000011 28825.500000000004 61089.000000000007 946.325138888889
decision_type=2 2 10 10 10 10
left_child=1 2 -1 -4 5 -5
right_child=-2 -3 3 4 -6 -7
leaf_value=-0.0011313471059392394 0.049703325322767722 -0.046930743033930231 0.033531973646583807 -0.030305214615310896 0.031927712949899059 0.013768266505767974
leaf_weight=6466.539565436542 48.665298957377672 48.421059660613537 272.78552635014057 220.94827216863632 152.90788924694061 85.454407677054405
leaf_count=28794 50 117 796 618 473 350
internal_value=0.0002182 -0.000148141 0.000198895 0.0118768 -0.00120689 -0.0179896
internal_weight=7295.72 7247.06 7198.64 732.096 459.311 306.403
internal_count=31198 31148 31031 2237 1441 968
is_linear=0
shrinkage=0.05


Tree=92
num_leaves=7
num_cat=0
split_feature=11 32 34 35 12 4
split_gain=63.356 85.3867 87.4535 81.9887 61.3555 147.225
threshold=206.50000000000003 3.5000000000000004 4391.0766666666677 48.906111111111123 74.500000000000014 202207.00000000003
decision_type=8 2 8 10 10 10
left_child=4 2 3 -2 5 -1
right_child=1 -3 -4 -5 -6 -7
leaf_value=-0.00072233214857815771 -0.033998222650464448 0.052599356025302572 0.063281162457580156 0.0081097796460303986 -0.0087712831254869329 0.041529915784031993
leaf_weight=3663.8454958237708 128.13805974274874 104.60211080312729 58.115733087062836 873.74809248745441 2212.7206187322736 213.45195273309946
leaf_count=17997 349 92 338 3039 8588 666
internal_value=-9.24368e-05 0.0105669 0.00619157 0.00258221 -0.00213783 0.00165422
internal_weight=7254.62 1164.6 1060 1001.89 6090.02 3877.3
internal_count=31069 3818 3726 3388 27251 18663
is_linear=0
shrinkage=0.05


Tree=93
num_leaves=7
num_cat=0
split_feature=24 24 25 8 21 25
split_gain=39.8454 116.514 66.5615 66.2982 114.2 98.9295
threshold=872.50000000000011 1098.5000000000002 0.82314018855130489 21.500000000000004 0.66343486011005204 0.22239159891598917
decision_type=8 10 10 10 10 10
left_child=2 -2 3 4 -1 -5
right_child=1 -3 -4 5 -6 -7
leaf_value=0.011152784919954906 0.034958690460650893 -0.0056898149555017034 -0.017228886284646767 0.015374320313434033 -0.012348328051887883 -0.0089679634059826232
leaf_weight=2145.9646576866508 289.47270506620407 436.38050854206085 616.32898856326938 492.26726366579533 675.93303349986672 2601.895792786032
leaf_count=10045 894 1343 2734 1797 4196 9957
internal_value=-0.000423273 0.0106492 -0.00166081 -2.5762e-05 0.00551165 -0.00507666
internal_weight=7258.24 725.853 6532.39 5916.06 2821.9 3094.16
internal_count=30966 2237 28729 25995 14241 11754
is_linear=0
shrinkage=0.05


Tree=94
num_leaves=7
num_cat=0
split_feature=21 15 32 2 3 35
split_gain=53.8089 48.2662 61.5833 58.7855 88.4542 63.1072
threshold=0.06277844413982181 150.50000000000003 1.5000000000000002 4618.5000000000009 15548.500000000002 2217.1518055555557
decision_type=10 10 2 10 10 10
left_child=-1 2 -2 5 -5 -3
right_child=1 3 -4 4 -6 -7
leaf_value=0.047958202477425257 -0.0014287988438515988 0.029393396763751224 -0.021480684107484962 -0.034741302928635844 0.0067439541450861635 -0.015354629446316971
leaf_weight=51.965531818568707 5365.5110276825726 411.34140945971012 407.42053004354239 149.16968633234501 766.41943100839853 93.847124867141247
leaf_count=148 26305 1122 264 368 2426 394
internal_value=-0.000446055 -0.000828783 -0.00286131 0.0074109 -0.000166892 0.0210117
internal_weight=7245.67 7193.71 5772.93 1420.78 915.589 505.189
internal_count=31027 30879 26569 4310 2794 1516
is_linear=0
shrinkage=0.05


Tree=95
num_leaves=7
num_cat=0
split_feature=35 22 31 8 36 36
split_gain=49.9146 47.7773 55.8549 43.6858 89.1772 174.088
threshold=15925.140833333337 35.665644235385699 1.5000000000000002 15.500000000000002 5118.1291666666675 3806.3420833333334
decision_type=10 8 2 10 10 10
left_child=1 2 3 -1 5 -5
right_child=-2 -3 -4 4 -6 -7
leaf_value=0.0056240710191780797 -0.035414127646071054 0.035476510890709863 -0.017727821352480765 -0.0024626094638626464 -0.03772909641436567 0.076991679191593582
leaf_weight=2794.0633933283389 94.647956117987633 89.812635451555252 424.48470450937748 3579.895322393626 167.49553024768829 65.293083846569061
leaf_count=14118 1394 301 146 13742 1255 215
internal_value=-0.000271627 0.000219983 -0.000255252 0.000879921 -0.00259956 -0.000935901
internal_weight=7215.69 7121.04 7031.23 6606.75 3812.68 3645.19
internal_count=31171 29777 29476 29330 15212 13957
is_linear=0
shrinkage=0.05


Tree=96
num_leaves=7
num_cat=0
split_feature=22 24 4 30 8 36
split_gain=50.1014 48.0389 100.18 99.3353 76.0496 82.096
threshold=35.665644235385699 706.50000000000011 26624.000000000004 1.0000000180025095e-35 36.500000000000007 1017.3106944444445
decision_type=8 10 10 2 8 10
left_child=1 -1 -3 -4 -5 -6
right_child=-2 2 3 4 5 -7
leaf_value=-0.0023354543512946733 0.035570635564576285 0.032912518067843573 0.023992790430460913 -0.048426686082393547 -0.016054676994712181 0.028522157467738021
leaf_weight=5971.2918225005269 92.550073903053999 308.67244750261307 286.04216326773167 108.66518421471119 346.29679748415947 141.34549802541733
leaf_count=27313 303 857 1176 232 920 308
internal_value=-2.0809e-05 -0.000505209 0.00864229 1.42201e-05 -0.0115919 -0.00297552
internal_weight=7254.86 7162.31 1191.02 882.35 596.307 487.642
internal_count=31109 30806 3493 2636 1460 1228
is_linear=0
shrinkage=0.05


Tree=97
num_leaves=7
num_cat=0
split_feature=36 36 8 20 32 15
split_gain=48.4074 68.5518 68.7234 55.5493 59.8374 46.5145
threshold=1.7748611111111112 20.552777777777781 133.50000000000003 0.62639354663282887 1.5000000000000002 299.50000000000006
decision_type=8 8 10 10 2 10
left_child=-1 2 -2 4 -3 -5
right_child=1 3 -4 5 -6 -7
leaf_value=-0.023476502880252229 0.041796893034474467 0.0018480995700152583 -0.0070347354149068566 -0.027157312255608697 -0.018087054899584135 0.027026365193349489
leaf_weight=209.85940035432577 188.91397555917501 6039.3975953646004 112.62460087239742 293.34201909974217 396.42481391131878 41.579215422272682
leaf_count=843 445 27210 364 1913 255 119
internal_value=-9.60388e-05 0.000613837 0.023741 -0.000432904 0.000607074 -0.020132
internal_weight=7282.14 7072.28 301.539 6770.74 6435.82 334.921
internal_count=31149 30306 809 29497 27465 2032
is_linear=0
shrinkage=0.05


Tree=98
num_leaves=7
num_cat=0
split_feature=15 4 12 20 40 0
split_gain=49.0841 49.7127 60.3608 42.5192 59.1819 53.4542
threshold=1.0000000180025095e-35 134456.00000000003 13.500000000000002 0.0068104514533085967 12.500000000000002 16.500000000000004
decision_type=8 10 10 10 2 10
left_child=1 2 -1 4 -2 -5
right_child=3 -3 -4 5 -6 -7
leaf_value=-0.032744026961314898 0.058031929877955135 0.030593782403114497 0.0042719382010605522 -0.0087020844126088834 0.0079087235071368025 0.0024028077101673133
leaf_weight=309.1092443652451 65.439578652381897 49.991762347519398 167.97853334248066 1387.8233193345368 373.67681428790092 4877.0557505562901
leaf_count=2865 22 224 1128 7166 1813 17900
internal_value=-0.000161838 -0.0147794 -0.0198019 0.000997582 0.0159476 -6.21742e-05
internal_weight=7231.08 527.08 477.088 6704 439.116 6264.88
internal_count=31118 4217 3993 26901 1835 25066
is_linear=0
shrinkage=0.05


Tree=99
num_leaves=7
num_cat=0
split_feature=21 15 4 12 19 20
split_gain=51.9279 41.4473 49.6349 51.7138 49.4532 39.8542
threshold=0.06277844413982181 1.0000000180025095e-35 141674.50000000003 13.500000000000002 4.5000000000000009 0.0042441032121259591
decision_type=10 10 10 10 10 10
left_child=-1 2 3 -2 -5 -3
right_child=1 5 -4 4 -6 -7
leaf_value=0.046684011241439637 -0.031431734660821761 0.017463157750241095 0.034259004988422305 0.021357898039752524 -0.035856153948833784 -0.00044672296836164422
leaf_weight=53.483469992876053 298.66623983904719 321.64518808946013 43.2909125238657 114.03995698317885 50.354712828993797 6327.5388392359018
leaf_count=150 2854 1401 186 788 325 25351
internal_value=-0.000239411 -0.000622489 -0.0143399 -0.0192008 0.00329193 0.000432114
internal_weight=7209.02 7155.54 506.352 463.061 164.395 6649.18
internal_count=31055 30905 4153 3967 1113 26752
is_linear=0
shrinkage=0.05


Tree=100
num_leaves=7
num_cat=0
split_feature=20 3 16 35 36 36
split_gain=50.1152 45.2661 86.815 63.978 76.032 77.2627
threshold=0.8317360568723402 460.50000000000006 44.500000000000007 10857.063472222224 5024.7411111111114 3493.0963888888896
decision_type=10 8 10 10 10 10
left_child=1 -1 3 4 5 -3
right_child=-2 2 -4 -5 -6 -7
leaf_value=-0.010824851822301109 -0.030197840587601745 0.021338656000210059 0.00015164172846442137 -0.030546687518242157 0.077057460825035118 -0.027823588727008741
leaf_weight=690.08244441449642 123.71373276039958 746.95214910805225 5363.9444518461823 62.809465136379004 50.238821886479855 85.09641183167696
leaf_count=4768 868 3417 20457 748 324 534
internal_value=0.000719316 0.00128696 0.00261927 0.0165499 0.020056 0.0161745
internal_weight=7122.84 6999.12 6309.04 945.097 882.287 832.049
internal_count=31116 30248 25480 5023 4275 3951
is_linear=0
shrinkage=0.05


Tree=101
num_leaves=7
num_cat=0
split_feature=0 21 10 31 16 20
split_gain=44.1326 61.361 68.3532 67.9578 57.5036 56.2675
threshold=25.500000000000004 0.65022275531185758 2.5000000000000004 1.5000000000000002 40.500000000000007 0.12303578774167011
decision_type=8 10 10 2 10 10
left_child=1 2 3 5 -2 -1
right_child=4 -3 -4 -5 -6 -7
leaf_value=0.0013350319399842586 0.024589937293739244 -0.019258067900644518 0.0155654465944091 -0.049497462231408738 0.0018590534855091494 -0.020093049461193099
leaf_weight=1428.8323549926281 294.6645642593503 563.34682854264975 490.54860034584999 78.147887945175171 3907.5494637601078 384.78984785452485
leaf_count=7085 1320 4111 1946 27 13860 2689
internal_value=0.000192521 -0.00449569 -0.000971814 -0.00528976 0.0034803 -0.00325403
internal_weight=7147.88 2945.67 2382.32 1891.77 4202.21 1813.62
internal_count=31038 15858 11747 9801 15180 9774
is_linear=0
shrinkage=0.05


Tree=102
num_leaves=7
num_cat=0
split_feature=25 25 4 12 34 30
split_gain=53.0587 60.2805 58.991 77.8408 106.774 62.415
threshold=0.18910678971654585 0.17509521218715998 2039.5000000000002 25.500000000000004 2198.5927777777783 2.5000000000000004
decision_type=10 8 10 10 10 2
left_child=1 -1 3 5 -5 -2
right_child=2 -3 -4 4 -6 -7
leaf_value=0.0067632447174324432 -0.04102557400206757 0.049565775330366518 -0.0004485860915544731 -0.013042626429177293 0.075258637273861603 0.033293409325539015
leaf_weight=718.10887472331524 276.32460208237171 88.291474625468254 5859.1658236384392 148.50715193152428 39.110356405377388 27.669469520449638
leaf_count=3107 2755 248 23785 737 312 44
internal_value=-0.000314462 0.0117262 -0.00185136 -0.0183972 0.00684023 -0.0338318
internal_weight=7157.18 806.4 6350.78 491.612 187.618 303.994
internal_count=30988 3355 27633 3848 1049 2799
is_linear=0
shrinkage=0.05


Tree=103
num_leaves=7
num_cat=0
split_feature=24 4 4 36 37 0
split_gain=47.9974 75.9631 101.226 89.5502 62.7221 120.41
threshold=706.50000000000011 25782.500000000004 51814.000000000007 95.016944444444462 0.58957219251336912 98.500000000000014
decision_type=8 10 10 10 2 10
left_child=-1 -2 -3 -4 -5 -6
right_child=1 2 3 4 5 -7
leaf_value=-0.0021894238233553897 0.032380154048327309 -0.016706567173035113 -0.021059727405704342 0.053592943913728125 0.041957917645061439 -0.026731814933388637
leaf_weight=5985.8969396799803 260.66409258544445 401.1025410592556 117.39527557790279 144.98424479365349 142.23021924495697 108.08263963460922
leaf_count=27695 784 1208 427 369 430 275
internal_value=-0.000374565 0.00884534 0.00199226 0.0166413 0.0279609 0.0123557
internal_weight=7160.36 1174.46 913.795 512.692 395.297 250.313
internal_count=31188 3493 2709 1501 1074 705
is_linear=0
shrinkage=0.05


Tree=104
num_leaves=7
num_cat=0
split_feature=17 0 16 3 20 20
split_gain=50.7798 45.1703 93.3331 81.4698 68.0925 50.9684
threshold=49.500000000000007 27.500000000000004 40.500000000000007 42235.500000000007 0.65571120689655182 0.0075963662742770484
decision_type=10 8 10 8 10 10
left_child=1 3 -3 4 5 -1
right_child=-2 2 -4 -5 -6 -7
leaf_value=0.010761440991262625 -0.047943235253513058 0.032289104281416292 0.0023053197153142481 0.048145518893913462 -0.047162115554229944 -0.006596559741597458
leaf_weight=507.28057925030589 48.602924555540085 273.54667300358415 3821.0636724643409 69.125436954200268 87.517247840762138 2425.9515018463135
leaf_count=2254 75 1144 13195 215 1050 13125
internal_value=0.000542531 0.00090365 0.00434537 -0.00365687 -0.00491989 -0.00358142
internal_weight=7233.09 7184.49 4094.61 3089.87 3020.75 2933.23
internal_count=31058 30983 14339 16644 16429 15379
is_linear=0
shrinkage=0.05


end of trees

feature_importances:
ev_h_since_prev=60
n_dying_ch=56
ev_gap_last=56
ev_relapse_rate=49
act_share_7d=37
n_rows_28d=36
n_alarm_28d=35
n_undef_28d=28
n_alarm_7d=23
n_bad_28d=22
rate_28d=22
ev_open_ch=19
ev_h_since_inc=17
dying_share=16
ev_inc_24h=15
rate_7d=14
ev_inc_168h=14
n_ch_bad_28d=12
n_active_ch=11
act_share_1d=11
n_rows_3d=10
ev_inc_72h=9
ev_inc_672h=8
n_undef_7d=7
ev_fail_3h=7
n_rows_7d=6
n_alarm_3d=6
hour=6
ev_fail_24h=5
n_bad_7d=3
n_undef_3d=3
ev_fail_168h=3
n_rows_1d=1
n_alarm_1d=1
n_ch_bad_1d=1
ev_inc_6h=1

parameters:
[boosting: gbdt]
[objective: binary]
[metric: average_precision]
[tree_learner: serial]
[device_type: cpu]
[data_sample_strategy: bagging]
[data: ]
[valid: ]
[num_iterations: 2000]
[learning_rate: 0.05]
[num_leaves: 7]
[num_threads: 6]
[seed: 49]
[deterministic: 1]
[force_col_wise: 1]
[force_row_wise: 0]
[histogram_pool_size: -1]
[max_depth: -1]
[min_data_in_leaf: 200]
[min_sum_hessian_in_leaf: 0.001]
[bagging_fraction: 0.8]
[pos_bagging_fraction: 1]
[neg_bagging_fraction: 1]
[bagging_freq: 1]
[bagging_seed: 10103]
[bagging_by_query: 0]
[feature_fraction: 0.8]
[feature_fraction_bynode: 1]
[feature_fraction_seed: 1891]
[extra_trees: 0]
[extra_seed: 7599]
[early_stopping_round: 0]
[early_stopping_min_delta: 0]
[first_metric_only: 1]
[max_delta_step: 0]
[lambda_l1: 0]
[lambda_l2: 5]
[linear_lambda: 0]
[min_gain_to_split: 0]
[drop_rate: 0.1]
[max_drop: 50]
[skip_drop: 0.5]
[xgboost_dart_mode: 0]
[uniform_drop: 0]
[drop_seed: 11846]
[top_rate: 0.2]
[other_rate: 0.1]
[min_data_per_group: 100]
[max_cat_threshold: 32]
[cat_l2: 10]
[cat_smooth: 10]
[max_cat_to_onehot: 4]
[top_k: 20]
[monotone_constraints: ]
[monotone_constraints_method: basic]
[monotone_penalty: 0]
[feature_contri: ]
[forcedsplits_filename: ]
[refit_decay_rate: 0.9]
[cegb_tradeoff: 1]
[cegb_penalty_split: 0]
[cegb_penalty_feature_lazy: ]
[cegb_penalty_feature_coupled: ]
[path_smooth: 0]
[interaction_constraints: ]
[verbosity: -1]
[saved_feature_importance_type: 0]
[use_quantized_grad: 0]
[num_grad_quant_bins: 4]
[quant_train_renew_leaf: 0]
[stochastic_rounding: 1]
[linear_tree: 0]
[max_bin: 255]
[max_bin_by_feature: ]
[min_data_in_bin: 3]
[bin_construct_sample_cnt: 200000]
[data_random_seed: 198]
[is_enable_sparse: 1]
[enable_bundle: 1]
[use_missing: 1]
[zero_as_missing: 0]
[feature_pre_filter: 1]
[pre_partition: 0]
[two_round: 0]
[header: 0]
[label_column: ]
[weight_column: ]
[group_column: ]
[ignore_column: ]
[categorical_feature: ]
[forcedbins_filename: ]
[precise_float_parser: 0]
[parser_config_file: ]
[objective_seed: 22749]
[num_class: 1]
[is_unbalance: 0]
[scale_pos_weight: 1]
[sigmoid: 1]
[boost_from_average: 1]
[reg_sqrt: 0]
[alpha: 0.9]
[fair_c: 1]
[poisson_max_delta_step: 0.7]
[tweedie_variance_power: 1.5]
[lambdarank_truncation_level: 30]
[lambdarank_norm: 1]
[label_gain: ]
[lambdarank_position_bias_regularization: 0]
[eval_at: ]
[multi_error_top_k: 1]
[auc_mu_weights: ]
[num_machines: 1]
[local_listen_port: 12400]
[time_out: 120]
[machine_list_filename: ]
[machines: ]
[gpu_platform_id: -1]
[gpu_device_id: -1]
[gpu_use_dp: 0]
[num_gpu: 1]

end of parameters

pandas_categorical:[]
