tree
version=v4
num_class=1
num_tree_per_iteration=1
label_index=0
max_feature_idx=41
objective=binary sigmoid:1
feature_names=n_active_ch n_rows_1d n_rows_3d n_rows_7d n_rows_28d n_bad_1d n_bad_3d n_bad_7d n_bad_28d n_undef_1d n_undef_3d n_undef_7d n_undef_28d n_alarm_1d n_alarm_3d n_alarm_7d n_alarm_28d n_ch_bad_1d n_ch_bad_7d n_ch_bad_28d act_share_1d act_share_7d rate_7d rate_28d n_dying_ch dying_share ev_inc_6h ev_inc_24h ev_inc_72h ev_inc_168h ev_inc_672h ev_fail_3h ev_fail_24h ev_fail_168h ev_h_since_inc ev_h_since_prev ev_gap_last ev_relapse_rate ev_open_ch is_rearm hour dow
feature_infos=[0:1459] [0:200094] [0:575548] [0:1039472] [0:3446064] [0:32012] [0:32027] [0:32027] [0:32057] [0:37262] [0:71955] [0:122355] [0:165289] [0:32013] [0:32065] [0:32176] [0:33059] [0:383] [0:947] [0:1109] [0:1] [0.0054644808743169399:1] [0:52] [0:13] [0:1420] [0:1] [0:3] [0:7] [0:11] [0:18] [0:25] [0:191] [0:561] [0:1165] [1:22977.983611111111] [2.0238888888888891:28233.218888888889] [1.0238888888888888:21790.846388888887] [0.090909090909090912:0.96551724137931039] [0:195] [0:1] [0:23] [0:6]
tree_sizes=886 899 900 904 900 901 897 904 897 903 902 903 896 901 896 904 900 908 899 894 906 907 904 900 902 901 902 910 903 906 899 907 904 899 895 904 906 898 900 906 906 903 906 902 906 907 901 909 913 905 910 892 905 908 908 910 904 899 910 908 909

Tree=0
num_leaves=7
num_cat=0
split_feature=35 35 16 35 35 30
split_gain=4794.83 1104.4 372.8 360.616 223.158 213.921
threshold=2629.6495833333338 205.22361111111113 350.50000000000006 5436.9231944444455 1187.8637500000002 2.5000000000000004
decision_type=8 10 10 8 10 2
left_child=1 5 4 -2 -3 -1
right_child=3 2 -4 -5 -6 -7
leaf_value=-0.50217110987560598 -0.55751709403887217 -0.5151345321291052 -0.50167719774129138 -0.58743523963521027 -0.55121169194819419 -0.44593252035260744
leaf_weight=231.71213591098785 1464.1789603233337 762.99993145465851 1583.4049715995789 3266.9783507585526 966.35811591148376 752.54152286052704
leaf_count=297 5740 2219 5007 13469 3542 704
internal_value=-0.543492 -0.505281 -0.519169 -0.578201 -0.535258 -0.458896
internal_weight=9028.17 4297.02 3312.76 4731.16 1729.36 984.254
internal_count=30978 11769 10768 19209 5761 1001
is_linear=0
shrinkage=1


Tree=1
num_leaves=7
num_cat=0
split_feature=35 30 24 24 16 35
split_gain=4519.65 980.372 461.862 431.31 305.642 227.347
threshold=2665.1501388888896 2.5000000000000004 108.50000000000001 729.50000000000011 706.50000000000011 997.54763888888908
decision_type=8 2 8 10 10 10
left_child=1 3 -2 4 5 -1
right_child=2 -3 -4 -5 -6 -7
leaf_value=0.02531722729911964 -0.04430729768298465 0.07695742591585801 -0.0097943670846077913 0.053976205241358946 0.049781337370909243 -0.0091027513493013093
leaf_weight=767.25170761346817 3291.8020149767399 1111.0831022709608 1377.9369714260101 819.55990949273109 438.3051932901144 1262.0262849926949
leaf_count=1915 13666 1638 5429 2434 1292 4538
internal_value=9.54803e-05 0.0364468 -0.0341447 0.0226578 0.0121679 0.00394137
internal_weight=9067.97 4398.23 4669.74 3287.14 2467.58 2029.28
internal_count=30912 11817 19095 10179 7745 6453
is_linear=0
shrinkage=0.05


Tree=2
num_leaves=7
num_cat=0
split_feature=35 34 16 30 4 21
split_gain=4015.79 863.752 351.572 342.362 308.472 269.018
threshold=2665.1501388888896 14.850416666666669 533.50000000000011 2.5000000000000004 2364.5000000000005 0.46963109354413707
decision_type=8 10 10 2 8 10
left_child=1 3 -3 -1 -2 -6
right_child=4 2 -4 -5 5 -7
leaf_value=0.041065061290505564 -0.055705942751802663 0.0030812355107654385 0.042348001143903274 0.085206212051360863 -0.0099745974847898974 -0.037459448488741387
leaf_weight=1004.5149760991335 1070.0145723074675 1757.1710167825222 839.38463428616524 802.87109875679016 1625.2832994908094 1976.7417527586222
leaf_count=478 4542 7504 3530 361 6595 8227
internal_value=0.000120915 0.0343572 0.0158319 0.0608543 -0.032153 -0.0250889
internal_weight=9075.98 4403.94 2596.56 1807.39 4672.04 3602.03
internal_count=31237 11873 11034 839 19364 14822
is_linear=0
shrinkage=0.05


Tree=3
num_leaves=7
num_cat=0
split_feature=35 35 24 16 24 12
split_gain=3627.91 932.723 407.314 318.732 333.013 230.752
threshold=2665.1501388888896 228.41652777777782 102.50000000000001 728.50000000000011 758.50000000000011 21.500000000000004
decision_type=8 10 8 10 10 10
left_child=1 -1 5 4 -3 -2
right_child=2 3 -4 -5 -6 -7
leaf_value=0.071543677228276745 -0.052262703644646795 0.0016550461553576517 -0.0087072094079476883 0.049133010000172395 0.043761750584511587 -0.024715894180216524
leaf_weight=1129.8196916431189 1840.8659851700068 2072.4782482683659 1440.0725463777781 695.04196965694427 602.28971914947033 1319.5922266989946
leaf_count=1107 7902 6839 5768 2094 1827 5553
internal_value=0.000418197 0.032322 -0.0307871 0.0190854 0.0112004 -0.0408182
internal_weight=9100.16 4499.63 4600.53 3369.81 2674.77 3160.46
internal_count=31090 11867 19223 10760 8666 13455
is_linear=0
shrinkage=0.05


Tree=4
num_leaves=7
num_cat=0
split_feature=35 16 29 24 16 24
split_gain=3474.43 661.928 637.967 296.46 285.345 237.075
threshold=1501.2641666666671 291.50000000000006 2.5000000000000004 147.50000000000003 706.50000000000011 797.50000000000011
decision_type=8 8 2 10 10 8
left_child=2 3 4 -2 -1 -3
right_child=1 5 -4 -5 -6 -7
leaf_value=0.020773324886123243 -0.039267032667947371 -0.0020828286282239031 0.089545328021926496 -0.0052978539373901706 0.056229930139178076 0.055833465024841614
leaf_weight=2035.4111141860485 3544.0749706923962 1185.2497552484274 549.74442335963249 786.31000426411629 788.25008851289749 202.58672986924648
leaf_count=5309 15040 4648 377 3138 1825 741
internal_value=0.000244333 -0.0234907 0.0404526 -0.0331121 0.0307532 0.00654147
internal_weight=9091.63 5718.22 3373.41 4330.38 2823.66 1387.84
internal_count=31078 23567 7511 18178 7134 5389
is_linear=0
shrinkage=0.05


Tree=5
num_leaves=7
num_cat=0
split_feature=35 30 24 37 38 33
split_gain=3094.07 746.569 359.023 327.797 197.525 166.106
threshold=2818.6045833333342 2.5000000000000004 102.50000000000001 0.44949494949494956 1.0000000180025095e-35 2.5000000000000004
decision_type=8 2 8 2 2 2
left_child=1 3 -2 -1 -5 -3
right_child=2 5 -4 4 -6 -7
leaf_value=-0.010053032129167458 -0.039283173502020693 0.040626355737101022 -0.0084139357552874463 0.016042587793411302 0.045138120198971246 0.080151535718005679
leaf_weight=828.15505765378475 3034.7966766804457 472.28316293656826 1369.5425571203232 1719.4505079984665 885.6439017355442 665.80082613229752
leaf_count=2573 13305 1046 5582 7242 728 578
internal_value=0.000185813 0.0289854 -0.0297047 0.0173027 0.0260016 0.0639988
internal_weight=8975.67 4571.33 4404.34 3433.25 2605.09 1138.08
internal_count=31054 12167 18887 10543 7970 1624
is_linear=0
shrinkage=0.05


Tree=6
num_leaves=7
num_cat=0
split_feature=35 35 16 24 24 4
split_gain=2744.35 591.945 306.2 299.42 275.23 186.286
threshold=2665.1501388888896 110.55194444444446 558.50000000000011 120.50000000000001 747.50000000000011 83666.500000000015
decision_type=8 10 10 8 10 10
left_child=1 -1 4 -2 -3 -4
right_child=3 2 5 -5 -6 -7
leaf_value=0.065328346750209154 -0.035726314788494487 -0.00021114748355207616 0.057429882253171249 -0.006525966702252437 0.040122250383927215 0.017589348944268127
leaf_weight=838.51911525428295 3242.788218319416 1919.6749628484249 652.74773479998112 1206.6388817578554 537.47677730023861 540.8780425041914
leaf_count=587 14354 6271 1780 4864 1517 1673
internal_value=-1.09459e-05 0.0275551 0.0188017 -0.0278237 0.00867493 0.0395253
internal_weight=8938.72 4489.3 3650.78 4449.43 2457.15 1193.63
internal_count=31046 11828 11241 19218 7788 3453
is_linear=0
shrinkage=0.05


Tree=7
num_leaves=7
num_cat=0
split_feature=35 30 24 37 12 38
split_gain=2465.78 617.433 312.831 263.895 190.853 180.301
threshold=2818.6045833333342 2.5000000000000004 102.50000000000001 0.39047619047619053 20.500000000000004 1.0000000180025095e-35
decision_type=8 2 8 2 10 2
left_child=1 3 4 -1 -2 -5
right_child=2 -3 -4 5 -6 -7
leaf_value=-0.016604836123048097 -0.047505966469346191 0.056914149599165978 -0.0076150488734180915 0.011813046821166625 -0.021720223656373491 0.038485243644640045
leaf_weight=566.51653283834457 1708.0344163477421 1138.9095564037561 1357.8697814196348 1930.7980493456125 1260.0025293380022 943.5072758346796
leaf_count=1766 7829 1641 5525 8098 5497 720
internal_value=-0.000476723 0.0250802 -0.0275309 0.0144759 -0.0366142 0.02062
internal_weight=8905.64 4579.73 4325.91 3440.82 2968.04 2874.31
internal_count=31076 12225 18851 10584 13326 8818
is_linear=0
shrinkage=0.05


Tree=8
num_leaves=7
num_cat=0
split_feature=35 35 37 29 3 23
split_gain=2325.43 558.66 311.66 301.152 201.233 177.071
threshold=1309.4962500000004 5507.604444444446 0.37797619047619052 2.5000000000000004 5296.5000000000009 5.0353701788701182
decision_type=8 8 2 2 10 8
left_child=3 2 -2 4 -1 -3
right_child=1 5 -4 -5 -6 -7
leaf_value=0.046602382332235619 -0.027922073184895552 -0.038170500455286929 0.0080447479860677948 0.068085420732432941 0.01724593716131128 -0.0013754234015241772
leaf_weight=900.75194926559925 852.73082588613033 2607.7059139758348 2017.8831721842289 559.16874870657921 1672.4460693597794 374.17793273925781
leaf_count=2169 3418 11907 7619 378 4077 1581
internal_value=0.000180774 -0.0184252 -0.00266936 0.0349181 0.0275927 -0.0335633
internal_weight=8984.86 5852.5 2870.61 3132.37 2573.2 2981.88
internal_count=31149 24525 11037 6624 6246 13488
is_linear=0
shrinkage=0.05


Tree=9
num_leaves=7
num_cat=0
split_feature=35 24 38 4 37 12
split_gain=2136.49 487.868 352.862 223.631 211.265 166.177
threshold=1645.4013888888892 145.50000000000003 1.0000000180025095e-35 236708.50000000003 0.45804195804195807 27.500000000000004
decision_type=8 8 2 10 2 10
left_child=2 3 -1 5 -4 -2
right_child=1 -3 4 -5 -6 -7
leaf_value=0.013089293072549893 -0.040939307863162251 0.0050741436429128511 0.0070948573730548782 0.021406882065027701 0.0522461727362767 -0.019477830879436567
leaf_weight=1685.4385570734739 2185.9392523467541 1398.9075635224581 312.94881857931614 203.17511941492558 1549.6048994511366 1560.5556413531303
leaf_count=6958 9983 5469 152 808 1031 6689
internal_value=-0.000337531 -0.0202872 0.0297227 -0.0292648 0.0446991 -0.0320377
internal_weight=8896.57 5348.58 3547.99 3949.67 1862.55 3746.49
internal_count=31090 22949 8141 17480 1183 16672
is_linear=0
shrinkage=0.05


Tree=10
num_leaves=7
num_cat=0
split_feature=35 29 24 37 12 22
split_gain=1860.96 568.448 296.134 245.973 167.97 160.184
threshold=2846.2472222222227 2.5000000000000004 135.50000000000003 0.44949494949494956 593.50000000000011 2.3105995585367878
decision_type=8 2 8 2 10 10
left_child=1 3 -2 4 5 -1
right_child=2 -3 -4 -5 -6 -7
leaf_value=-0.028815754236440005 -0.031230413196039926 0.069924442071006856 0.00052452127685738187 0.021782324061641999 0.033820836947759288 0.037948748001957501
leaf_weight=602.39394547045231 3254.5530591160059 536.71840938925743 947.42074865102768 3252.5392358750105 186.01818606257439 100.99070063233376
leaf_count=1964 15019 374 3837 9172 509 242
internal_value=5.83643e-05 0.0217386 -0.0240785 0.0154178 -0.00784871 -0.0190296
internal_weight=8880.63 4678.66 4201.97 4141.94 889.403 703.385
internal_count=31117 12261 18856 11887 2715 2206
is_linear=0
shrinkage=0.05


Tree=11
num_leaves=7
num_cat=0
split_feature=35 29 16 24 24 1
split_gain=1707.77 521.372 323.912 281.925 208.207 164.862
threshold=2846.2472222222227 2.5000000000000004 558.50000000000011 68.500000000000014 758.50000000000011 2369.5000000000005
decision_type=8 2 10 8 10 10
left_child=1 2 4 -2 -1 -4
right_child=3 -3 5 -5 -6 -7
leaf_value=-0.0029281300741412445 -0.035144778532153552 0.06585146230224749 0.050069902454750487 -0.0086074334015157211 0.030687378134315997 0.014910860926642408
leaf_weight=2164.8404637128115 2371.5256576538086 548.29925845563412 733.06440851092339 1736.1126675307751 579.90108029544353 618.90179868042469
leaf_count=6721 11247 382 1904 7410 1554 1727
internal_value=-0.000481886 0.0202771 0.0141047 -0.0239527 0.00421694 0.0340891
internal_weight=8752.65 4645.01 4096.71 4107.64 2744.74 1351.97
internal_count=30945 12288 11906 18657 8275 3631
is_linear=0
shrinkage=0.05


Tree=12
num_leaves=7
num_cat=0
split_feature=35 34 24 12 24 29
split_gain=1592.05 384.933 246.216 214.476 211.997 165.119
threshold=2478.750833333334 38.665000000000006 102.50000000000001 27.500000000000004 831.50000000000011 2.5000000000000004
decision_type=8 10 8 10 10 2
left_child=1 5 3 -2 -3 -1
right_child=2 4 -4 -5 -6 -7
leaf_value=0.029420699879924961 -0.041066758026817654 0.00028362008710643908 -0.0047538344261188253 -0.013221067227750842 0.0364849066356343 0.063676587191345321
leaf_weight=1485.8278754651546 1725.0549676865339 1919.3429627269506 1471.1198669970036 1163.0196033120155 507.3923352509737 465.84026715159416
leaf_count=919 8409 8014 6128 5320 2050 248
internal_value=-4.8541e-05 0.0212353 -0.021426 -0.0298956 0.0079122 0.037739
internal_weight=8737.6 4378.4 4359.19 2888.07 2426.74 1951.67
internal_count=31088 11231 19857 13729 10064 1167
is_linear=0
shrinkage=0.05


Tree=13
num_leaves=7
num_cat=0
split_feature=35 38 24 15 24 35
split_gain=1437.77 424.435 256.625 177.093 158.115 144.694
threshold=2665.1501388888896 1.0000000180025095e-35 102.50000000000001 99.500000000000014 843.50000000000011 110.55194444444446
decision_type=8 2 8 10 10 10
left_child=1 4 -2 5 -1 -3
right_child=2 3 -4 -5 -6 -7
leaf_value=-6.5747770276083036e-05 -0.029675113028073543 0.049845384095744939 -0.003279011526122397 0.051786780090764595 0.03153627112851811 0.0098837823791120896
leaf_weight=2064.4437724202871 2773.847198843956 323.74798904359341 1379.1260937899351 986.70741465687752 484.68910205364227 739.60779944062233
leaf_count=8638 13485 108 5740 610 1954 613
internal_value=0.000389302 0.0196365 -0.0209239 0.0365456 0.005993 0.0222268
internal_weight=8752.17 4599.2 4152.97 2050.06 2549.13 1063.36
internal_count=31148 11923 19225 1331 10592 721
is_linear=0
shrinkage=0.05


Tree=14
num_leaves=7
num_cat=0
split_feature=35 16 28 16 23 4
split_gain=1433.46 450.013 258.507 196.997 209.382 197.274
threshold=1309.4962500000004 288.50000000000006 2.5000000000000004 666.50000000000011 0.59422853758702432 95154.500000000015
decision_type=8 8 2 10 10 10
left_child=2 -2 3 4 -1 -5
right_child=1 -3 -4 5 -6 -7
leaf_value=0.046702400995767349 -0.023591594170462027 0.0081687454775626438 0.069950744108070922 0.056871292507135657 0.0047784361327511552 0.0067581162953478466
leaf_weight=366.18800127506256 4101.9661242365837 1528.1962552219629 314.85925461351871 629.85579967498779 1514.1896252632141 286.4857843965292
leaf_count=814 18609 5897 160 1231 3725 734
internal_value=7.75707e-05 -0.0149713 0.0272876 0.0223683 0.013045 0.0413256
internal_weight=8741.74 5630.16 3111.58 2796.72 1880.38 916.342
internal_count=31170 24506 6664 6504 4539 1965
is_linear=0
shrinkage=0.05


Tree=15
num_leaves=7
num_cat=0
split_feature=35 35 2 36 24 37
split_gain=1253.54 340.697 229.622 244.309 196.39 147.271
threshold=2846.2472222222227 228.41652777777782 298.50000000000006 5118.1291666666675 872.50000000000011 0.25833333333333336
decision_type=8 10 8 10 10 2
left_child=1 -1 -2 -4 5 -3
right_child=2 4 3 -5 -6 -7
leaf_value=0.040894211029263598 -0.039363820056771928 -0.032244366624564029 -0.0045349779454382146 -0.038416338822050186 0.03596847055352409 0.0076925694672966647
leaf_weight=1143.6027162075043 1177.0593697577715 247.21552115678787 2115.4674852192402 706.5978739708662 582.55935396254063 2726.636720508337
leaf_count=1112 5883 818 9643 3267 1798 8605
internal_value=-0.000286995 0.0172126 -0.0208494 -0.0130712 0.00955082 0.00432407
internal_weight=8699.14 4700.01 3999.12 2822.07 3556.41 2973.85
internal_count=31126 12333 18793 12910 11221 9423
is_linear=0
shrinkage=0.05


Tree=16
num_leaves=7
num_cat=0
split_feature=35 16 29 36 36 36
split_gain=1100.49 387.748 230.485 182.747 165.019 189.429
threshold=1332.7075000000002 291.50000000000006 2.5000000000000004 3474.7206944444447 4824.6498611111119 3317.0227777777786
decision_type=8 8 2 8 10 10
left_child=2 3 -1 -2 5 -3
right_child=1 4 -4 -5 -6 -7
leaf_value=0.017810550645015525 -0.0097838491402706378 0.008955148212717548 0.055093682569185766 -0.031192722456961388 -0.042429802967221833 0.087971749033905478
leaf_weight=2611.2631818950176 1834.5875332057476 1281.9755872040987 490.44992011785507 2194.7633337527514 140.16207592189312 75.767580658197403
leaf_count=6334 7941 4882 367 10738 666 216
internal_value=-2.90111e-05 -0.0134021 0.023785 -0.0214693 0.00829801 0.0136712
internal_weight=8628.97 5527.26 3101.71 4029.35 1497.91 1357.74
internal_count=31144 24443 6701 18679 5764 5098
is_linear=0
shrinkage=0.05


Tree=17
num_leaves=7
num_cat=0
split_feature=35 35 14 12 16 36
split_gain=1036.04 291.667 206.74 150.392 132.608 130.971
threshold=2846.2472222222227 205.22361111111113 1.0000000180025095e-35 57.500000000000007 548.50000000000011 5118.1291666666675
decision_type=8 10 8 10 10 10
left_child=1 3 -2 -1 -3 -4
right_child=2 4 5 -5 -6 -7
leaf_value=0.061048858205597613 -0.034974802966078938 0.0028199079207717882 -0.0047671283625392719 0.021863481416411618 0.023478168020725089 -0.032278073317836685
leaf_weight=451.84962195158005 1335.1573219746351 2476.2992438822985 2011.9479718208313 547.11436434090137 1128.0116344541311 546.97397395968437
leaf_count=381 6839 7961 9240 613 3377 2596
internal_value=-8.75148e-05 0.0159625 -0.0190567 0.0398035 0.00930872 -0.0106991
internal_weight=8497.35 4603.27 3894.08 998.964 3604.31 2558.92
internal_count=31007 12332 18675 994 11338 11836
is_linear=0
shrinkage=0.05


Tree=18
num_leaves=7
num_cat=0
split_feature=38 36 24 16 38 2
split_gain=934.76 475.876 185.666 155.362 144.784 115.977
threshold=1.0000000180025095e-35 3493.0963888888896 729.50000000000011 558.50000000000011 1.5000000000000002 3004.5000000000005
decision_type=2 8 10 8 2 10
left_child=1 2 -1 4 -2 -5
right_child=3 -3 -4 5 -6 -7
leaf_value=-0.0042439673846705632 0.02747863013874563 -0.027847477442633346 0.023437973091411331 0.069210862694297035 -0.0089012489083951218 0.030090411789271326
leaf_weight=3257.9266076534986 1051.6883666962385 2245.6930789500475 738.81931702792645 315.398093521595 366.23362094163895 501.05219507217407
leaf_count=14585 735 11931 3009 260 285 334
internal_value=0.000476784 -0.00945832 0.000896075 0.0281928 0.0180838 0.0455321
internal_weight=8476.81 6242.44 3996.75 2234.37 1417.92 816.45
internal_count=31139 29525 17594 1614 1020 594
is_linear=0
shrinkage=0.05


Tree=19
num_leaves=7
num_cat=0
split_feature=35 0 36 36 23 2
split_gain=832.37 381.511 197.655 167.666 157.825 175.105
threshold=1187.8637500000002 31.500000000000004 4824.6498611111119 3970.1341666666672 12.99467867376177 3761.5000000000005
decision_type=8 8 10 10 10 10
left_child=4 -2 3 -3 5 -1
right_child=1 2 -4 -5 -6 -7
leaf_value=0.03322866649368772 -0.022288064118670431 0.007123134913179157 -0.033040378740366021 0.085571493390037695 0.072947302408805356 0.0074665497856342012
leaf_weight=1208.8865188658237 3283.9265536814928 1947.3707254976034 304.29637065529823 65.657893791794777 139.930580124259 1452.8512197732925
leaf_count=2718 15691 7691 1483 168 117 3180
internal_value=-0.000211292 -0.0113391 0.0041915 0.00988752 0.0220166 0.0192073
internal_weight=8402.92 5601.25 2317.32 2013.03 2801.67 2661.74
internal_count=31048 25033 9342 7859 6015 5898
is_linear=0
shrinkage=0.05


Tree=20
num_leaves=7
num_cat=0
split_feature=38 34 24 29 23 24
split_gain=667.14 340.44 221.705 167.547 108.997 107.96
threshold=1.0000000180025095e-35 5507.9051388888902 716.50000000000011 2.5000000000000004 1.5643133775432869 13.500000000000002
decision_type=2 8 10 2 10 10
left_child=1 2 5 4 -2 -1
right_child=3 -3 -4 -5 -6 -7
leaf_value=-0.030942051985591107 0.0072971906954043195 -0.031189074543300801 0.021865523068350646 0.049864233355721661 0.033486119806225664 -0.0046968205857449543
leaf_weight=435.06818255782127 1244.0042061507702 1362.4910231679678 755.67100667953491 444.99675452709198 581.50056384503841 3604.7804274111986
leaf_count=2250 929 7466 3084 207 524 16637
internal_value=-0.000639926 -0.00918211 -0.00290357 0.0224973 0.0157082 -0.00755803
internal_weight=8428.51 6158.01 4795.52 2270.5 1825.5 4039.85
internal_count=31097 29437 21971 1660 1453 18887
is_linear=0
shrinkage=0.05


Tree=21
num_leaves=7
num_cat=0
split_feature=35 37 38 23 21 3
split_gain=810.154 385.225 261.926 175.191 169.897 143.53
threshold=5436.9231944444455 0.37797619047619052 1.0000000180025095e-35 5.0353701788701182 0.24332721976480745 17179.500000000004
decision_type=8 2 2 8 10 8
left_child=1 5 -3 -2 -5 -1
right_child=3 2 -4 4 -6 -7
leaf_value=-0.028195136552945605 -0.027471424057617152 0.0078712697593850394 0.03197493368963248 0.087606415957333428 -0.0050269586432203379 0.0089523019711005673
leaf_weight=730.45243982970715 2257.8246363252401 2868.7768744975328 1856.3556946218014 54.486264914274216 292.10192847251892 399.22247855365276
leaf_count=2794 12012 12225 1279 202 1382 1263
internal_value=0.000776726 0.0110958 0.0173646 -0.0223978 0.0105745 -0.0150858
internal_weight=8459.22 5854.81 4725.13 2604.41 346.588 1129.67
internal_count=31157 17561 13504 13596 1584 4057
is_linear=0
shrinkage=0.05


Tree=22
num_leaves=7
num_cat=0
split_feature=35 37 35 23 24 24
split_gain=641.96 347.522 187.286 156.551 178.828 152.62
threshold=5294.693194444445 0.37797619047619052 228.41652777777782 5.0353701788701182 447.50000000000006 92.500000000000014
decision_type=8 2 10 10 10 10
left_child=1 -1 -3 4 -2 -4
right_child=3 2 5 -5 -6 -7
leaf_value=-0.016321581946350482 -0.027407825092548278 0.03502018171269014 -0.0058480236565707291 0.010759125146910322 0.075064401240529072 0.016494216900991666
leaf_weight=1084.3949317336082 2237.1202937960625 934.06849916279316 1075.8892893791199 339.46477878093719 38.721166223287582 2616.7939392179251
leaf_count=3891 12041 993 4020 1595 163 8435
internal_value=-0.000292209 0.00910212 0.015072 -0.0207852 -0.0255036 0.00998554
internal_weight=8326.45 5711.15 4626.75 2615.31 2275.84 3692.68
internal_count=31138 17339 13448 13799 12204 12455
is_linear=0
shrinkage=0.05


Tree=23
num_leaves=7
num_cat=0
split_feature=36 34 4 21 10 4
split_gain=696.467 326.335 250.927 143.722 150.325 123.032
threshold=2701.1322222222229 37.387361111111119 236708.50000000003 0.6250428375599727 109.50000000000001 2620.5000000000005
decision_type=8 10 10 8 10 10
left_child=1 -1 3 4 5 -2
right_child=2 -3 -4 -5 -6 -7
leaf_value=0.027124233836548731 -0.039123251482410006 0.001916823751274999 0.092182388294621651 -0.038865657072277446 0.046000508312241957 -0.0092815561575653183
leaf_weight=1964.8285357803106 470.87629753351212 3689.8798286765814 44.15591424703598 856.81925351917744 94.010217607021332 1277.4928431361914
leaf_count=1122 2616 16168 162 4747 349 6069
internal_value=0.000664261 0.0106918 -0.0199868 -0.0219888 -0.014056 -0.0174073
internal_weight=8398.06 5654.71 2743.35 2699.2 1842.38 1748.37
internal_count=31233 17290 13943 13781 9034 8685
is_linear=0
shrinkage=0.05


Tree=24
num_leaves=7
num_cat=0
split_feature=35 24 4 23 3 12
split_gain=547.456 296.395 205.428 163.169 150.264 136.385
threshold=1332.7075000000002 706.50000000000011 2364.5000000000005 12.99467867376177 5296.5000000000009 32.500000000000007
decision_type=8 8 10 10 10 10
left_child=3 2 5 4 -1 -2
right_child=1 -3 -4 -5 -6 -7
leaf_value=0.030469670020045511 -0.046671515534629338 0.027643796022478819 -0.0085507481275270344 0.072717066917117587 0.0063529190341812666 -0.0013321493698286769
leaf_weight=973.85404595732689 655.59036622941494 477.53493547439575 3909.4681770652533 121.22241438925266 1909.5599903315306 221.87390007078648
leaf_count=2264 3742 1657 17907 111 4355 1110
internal_value=-1.19154e-05 -0.00972879 -0.013482 0.017001 0.0145368 -0.0352796
internal_weight=8269.1 5264.47 4786.93 3004.64 2883.41 877.464
internal_count=31146 24416 22759 6730 6619 4852
is_linear=0
shrinkage=0.05


Tree=25
num_leaves=7
num_cat=0
split_feature=15 36 24 28 30 3
split_gain=501.768 305.785 126.298 134.189 126.113 113.99
threshold=114.50000000000001 3474.7206944444447 872.50000000000011 2.5000000000000004 2.5000000000000004 48009.000000000007
decision_type=8 8 10 2 2 10
left_child=1 2 3 -1 -2 -3
right_child=4 5 -4 -5 -6 -7
leaf_value=-0.0053435206247046622 0.012168510279984878 -0.025425966671486562 0.02262747890642933 0.048572608596656436 0.039135425191967166 0.043603976698424002
leaf_weight=3380.8406498730183 1481.0964856594801 2071.9619217067957 527.46483135223389 114.49844390153885 612.68290515244007 57.189180597662926
leaf_count=12353 4798 11168 1560 54 919 252
internal_value=-0.000979286 -0.00817558 -5.94918e-05 -0.00351051 0.020134 -0.023474
internal_weight=8245.73 6151.96 4022.8 3495.34 2093.78 2129.15
internal_count=31104 25387 13967 12407 5717 11420
is_linear=0
shrinkage=0.05


Tree=26
num_leaves=7
num_cat=0
split_feature=35 16 38 4 2 23
split_gain=592.868 274.371 156.727 138.168 132.014 128.743
threshold=1187.8637500000002 288.50000000000006 1.0000000180025095e-35 2364.5000000000005 2606.5000000000005 1.5825191150864963
decision_type=8 8 2 10 10 10
left_child=2 3 -1 -2 -4 -6
right_child=1 -3 4 -5 5 -7
leaf_value=0.0054198749972113923 -0.034808443219792269 0.0077031732363029978 0.048060729225293961 -0.011837724601041356 0.0029763478073710262 0.040413533689138206
leaf_weight=1226.4404258579016 838.56630699336529 1602.5821812152863 583.61627827584743 2972.7445635646582 581.36882898211479 375.52822422981262
leaf_count=4991 4768 6175 427 14113 343 240
internal_value=-1.73662e-05 -0.0096384 0.0187908 -0.0169307 0.0293838 0.017802
internal_weight=8180.85 5413.89 2766.95 3811.31 1540.51 956.897
internal_count=31057 25056 6001 18881 1010 583
is_linear=0
shrinkage=0.05


Tree=27
num_leaves=7
num_cat=0
split_feature=15 36 38 3 27 23
split_gain=475.924 226.747 161.081 152.988 104.743 89.9346
threshold=114.50000000000001 3474.7206944444447 1.0000000180025095e-35 48009.000000000007 2.5000000000000004 5.0353701788701182
decision_type=8 8 2 10 2 10
left_child=1 4 -2 5 -1 -3
right_child=2 3 -4 -5 -6 -7
leaf_value=-0.0014505829074843192 0.0081168547543861228 -0.027185676654148484 0.036237022938088642 0.051420576247845295 0.056398130393994508 0.0040176636446903231
leaf_weight=3931.0002127587795 1167.1699353307486 1757.0484353750944 903.79765763878822 66.694741979241371 74.836189672350883 264.37710399925709
leaf_count=13929 5037 9812 663 265 30 1315
internal_value=-0.000231833 -0.00727018 0.0204466 -0.0206073 -0.000300906 -0.0231048
internal_weight=8164.92 6093.96 2070.97 2088.12 4005.84 2021.43
internal_count=31051 25351 5700 11392 13959 11127
is_linear=0
shrinkage=0.05


Tree=28
num_leaves=7
num_cat=0
split_feature=37 34 16 24 22 19
split_gain=382.423 317.66 160.917 137.704 127.27 108.755
threshold=0.37797619047619052 5507.9051388888902 958.50000000000011 81.500000000000014 6.1578001033898904 4.5000000000000009
decision_type=2 8 8 10 10 10
left_child=-1 2 3 4 -2 -3
right_child=1 5 -4 -5 -6 -7
leaf_value=-0.017762289311558065 -0.011860400726425278 0.0018099311022702056 0.031165753550913805 0.012996523656244627 0.037935510858053752 -0.037111687450811032
leaf_weight=2317.0364199876785 1178.0500570088625 276.9832701832056 812.22161617875099 2895.4202866703272 139.03183883428574 502.49569991230965
leaf_count=11169 4442 1642 1887 8616 263 2964
internal_value=-0.000611741 0.00624415 0.0108549 0.00690642 -0.00648033 -0.0233577
internal_weight=8121.24 5804.2 5024.72 4212.5 1317.08 779.479
internal_count=30983 19814 15208 13321 4705 4606
is_linear=0
shrinkage=0.05


Tree=29
num_leaves=7
num_cat=0
split_feature=38 37 16 4 12 31
split_gain=405.531 264.557 166.092 151.982 160.329 122.555
threshold=1.0000000180025095e-35 0.25833333333333336 1163.5000000000002 2039.5000000000002 51.500000000000007 1.5000000000000002
decision_type=2 2 10 10 10 2
left_child=1 -1 5 4 -3 -2
right_child=2 3 -4 -5 -6 -7
leaf_value=-0.027471400226139954 0.019983554467566025 -0.037800055302415536 0.05247819761729075 0.0022772269597950878 0.032622860839851928 -0.010072626162696163
leaf_weight=1173.8764945715666 1488.5646290034056 455.81382916867733 308.81974829733372 4170.300134062767 93.974044993519783 435.40617892146111
leaf_count=6725 1236 2788 321 19364 489 131
internal_value=0.000591769 -0.00628369 0.0187146 -0.000990853 -0.0255773 0.0131732
internal_weight=8126.76 5893.96 2232.79 4720.09 549.788 1923.97
internal_count=31054 29366 1688 22641 3277 1367
is_linear=0
shrinkage=0.05


Tree=30
num_leaves=7
num_cat=0
split_feature=37 34 16 19 24 19
split_gain=368.074 218.584 171.73 135.618 130.699 116.794
threshold=0.25833333333333336 6301.748611111112 728.50000000000011 4.5000000000000009 27.500000000000004 13.500000000000002
decision_type=2 8 8 10 10 10
left_child=4 2 -2 -3 -1 -4
right_child=1 3 5 -5 -6 -7
leaf_value=-0.048124112361377501 0.0038709421951015552 0.0055609128523840569 0.060436671610061124 -0.036334780406871672 -0.013532256334193105 0.018062301422370988
leaf_weight=389.74247904121876 4706.586190700531 320.64223991334438 189.2900904417038 476.38241064548492 906.76512302458286 1059.6063642799854
leaf_count=2404 16374 1928 495 2893 4418 2662
internal_value=0.000272515 0.00496185 0.008256 -0.0195506 -0.0240758 0.0247002
internal_weight=8049.01 6752.51 5955.48 797.025 1296.51 1248.9
internal_count=31174 24352 19531 4821 6822 3157
is_linear=0
shrinkage=0.05


Tree=31
num_leaves=7
num_cat=0
split_feature=37 30 4 20 16 23
split_gain=326.637 233.643 185.574 115.405 110.119 125.404
threshold=0.25833333333333336 2.5000000000000004 2364.5000000000005 0.72236607561684973 33.500000000000007 0.79015893656374114
decision_type=2 2 8 10 10 10
left_child=-1 2 -2 4 5 -4
right_child=1 -3 3 -5 -6 -7
leaf_value=-0.023473681324313878 -0.024555810040449159 0.026908861242299367 0.061306438057583373 -0.036178023876983489 0.0020336751412807085 0.0098609424251985735
leaf_weight=1307.1279208511114 672.25081658363342 935.59085284173489 165.72372835874557 173.85620711743832 4400.6383101940155 395.18308407068253
leaf_count=6836 3694 1558 621 915 15897 1687
internal_value=-0.000647899 0.00379082 4.66528e-05 0.003288 0.00470594 0.0254682
internal_weight=8050.37 6743.24 5807.65 5135.4 4961.55 560.907
internal_count=31208 24372 22814 19120 18205 2308
is_linear=0
shrinkage=0.05


Tree=32
num_leaves=7
num_cat=0
split_feature=37 34 35 21 35 15
split_gain=316.359 267.69 181.046 178.48 118.827 94.3461
threshold=0.39047619047619053 5389.8062500000005 205.22361111111113 0.40249069863579995 14711.324027777779 60.500000000000007
decision_type=2 8 10 10 10 10
left_child=4 2 3 -2 -1 -4
right_child=1 -3 5 -5 -6 -7
leaf_value=-0.012248608788972484 0.053346307306832111 -0.021570712795960498 -0.0021906968079157501 0.010309781932704695 -0.049771326728556539 0.013200561612342301
leaf_weight=2050.4451266527176 428.01599484682083 765.94331651926041 2031.179989144206 549.89765396714211 231.27742598950863 1945.7438985109329
leaf_count=9699 502 4699 7634 882 1559 6240
internal_value=-0.000431475 0.00584744 0.0101033 0.0293217 -0.0161525 0.00534673
internal_weight=8002.5 5720.78 4954.84 977.914 2281.72 3976.92
internal_count=31215 19957 15258 1384 11258 13874
is_linear=0
shrinkage=0.05


Tree=33
num_leaves=7
num_cat=0
split_feature=37 16 21 22 2 36
split_gain=338.091 166.348 146.231 121.192 105.041 153.65
threshold=0.25833333333333336 299.50000000000006 0.6002056202878685 18.288115100924731 3923.0000000000005 1895.0873611111112
decision_type=2 8 10 8 10 10
left_child=-1 2 -2 4 -3 -6
right_child=1 3 -4 -5 5 -7
leaf_value=-0.023958079991846289 0.0034837285002103551 0.022602894884610036 -0.018518448007821677 0.068767880346484192 -0.001729604954520415 0.043451792454242126
leaf_weight=1256.6756349503994 2542.111226528883 1176.4382095336914 1068.6229181289673 88.764041930437088 1629.7756415456533 207.68656446039677
leaf_count=6763 10277 3190 5041 126 4849 692
internal_value=-0.00020937 0.00425065 -0.00304458 0.0127317 0.0109702 0.00348126
internal_weight=7970.07 6713.4 3610.73 3102.66 3013.9 1837.46
internal_count=30938 24175 15318 8857 8731 5541
is_linear=0
shrinkage=0.05


Tree=34
num_leaves=7
num_cat=0
split_feature=34 24 36 36 19 1
split_gain=331.164 203.93 163.846 153.061 101.233 116.662
threshold=52.826111111111125 19.500000000000004 20.552777777777781 4917.4005555555568 1.5000000000000002 2144.5000000000005
decision_type=8 10 8 10 10 10
left_child=2 -2 -1 -3 -4 -6
right_child=1 3 4 -5 5 -7
leaf_value=0.051717287174385757 -0.024703586222752431 0.002467450877671478 -0.01505915819019165 -0.025464189229173335 0.029965788328555305 0.0024080476457155032
leaf_weight=298.71800345182419 1099.0677511841059 4155.6987279057503 287.37340049445629 551.01989604532719 816.37381772696972 723.0747005045414
leaf_count=187 6816 19204 175 3430 623 549
internal_value=0.00081955 -0.0053636 0.0176814 -0.000826084 0.01199 0.0170717
internal_weight=7931.33 5805.79 2125.54 4706.72 1826.82 1539.45
internal_count=30984 29450 1534 22634 1347 1172
is_linear=0
shrinkage=0.05


Tree=35
num_leaves=7
num_cat=0
split_feature=34 37 22 24 36 10
split_gain=234.12 190.22 130.249 118.097 107.515 98.6264
threshold=5507.9051388888902 0.37797619047619052 24.457002346748819 92.500000000000014 1.7748611111111112 151.50000000000003
decision_type=8 2 8 10 8 10
left_child=1 4 3 -3 -1 -2
right_child=5 2 -4 -5 -6 -7
leaf_value=-0.064678200594119425 -0.024039506052437959 -0.0046328433281125261 0.058031816086136667 0.011962287493448669 -0.0081290796693964853 0.056549131750848185
leaf_weight=83.520827770233154 1116.7708737850189 1574.2079311907291 121.62462744116783 3341.0111490488052 1736.5689955204725 34.670568257570267
leaf_count=368 7236 5507 114 9637 8086 198
internal_value=-0.000567579 0.00294017 0.00794511 0.00664802 -0.0108941 -0.0213789
internal_weight=8008.37 6856.93 5036.84 4915.22 1820.09 1151.44
internal_count=31146 23712 15258 15144 8454 7434
is_linear=0
shrinkage=0.05


Tree=36
num_leaves=7
num_cat=0
split_feature=15 34 4 23 24 8
split_gain=253.116 199.138 133.38 120.826 105.308 100.123
threshold=1.0000000180025095e-35 29.43930555555556 1925.5000000000002 1.5466605063930785 863.50000000000011 12.500000000000002
decision_type=8 8 10 8 10 10
left_child=-1 3 -3 -2 5 -4
right_child=1 2 4 -5 -6 -7
leaf_value=-0.027967471391516119 0.0081340169585846674 -0.027093893080101114 0.0075398218525355712 0.034180625071733695 0.021447019071312998 -0.0081159260438194349
leaf_weight=698.957798615098 1346.8384091705084 465.53253569453955 1697.2559662088752 663.53535445034504 542.27835418283939 2548.0644921585917
leaf_count=4199 725 2962 8811 381 2214 11875
internal_value=0.000660445 0.00343262 -0.00169202 0.0167943 0.00080368 -0.00185534
internal_weight=7962.46 7263.51 5253.13 2010.37 4787.6 4245.32
internal_count=31167 26968 25862 1106 22900 20686
is_linear=0
shrinkage=0.05


Tree=37
num_leaves=7
num_cat=0
split_feature=34 37 36 36 28 8
split_gain=233.91 199.381 109.909 125.555 106.498 96.146
threshold=5507.9051388888902 0.39047619047619053 1.7748611111111112 1005.0658333333334 2.5000000000000004 2.5000000000000004
decision_type=8 2 8 8 2 10
left_child=1 2 -1 -4 -3 -5
right_child=-2 4 3 5 -6 -7
leaf_value=-0.064838271465872538 -0.020752486415212199 0.007398642020607059 0.018101975124371207 -0.028184075367636126 0.042070161073255445 -0.0016485493114786619
leaf_weight=83.02741838991642 1121.6157943978906 4741.8313266485929 371.08930207788944 658.87279266864061 227.69357681274414 704.03995151817799
leaf_count=356 7404 15098 1175 3564 149 3408
internal_value=0.000347568 0.00384749 -0.0103067 -0.00751671 0.00902791 -0.0145327
internal_weight=7908.17 6786.55 1817.03 1734 4969.52 1362.91
internal_count=31154 23750 8503 8147 15247 6972
is_linear=0
shrinkage=0.05


Tree=38
num_leaves=7
num_cat=0
split_feature=34 37 21 36 36 18
split_gain=191.037 146.182 107.774 102.781 105.735 117.859
threshold=5507.9051388888902 0.37797619047619052 0.081574453837783556 1.7748611111111112 1005.0658333333334 9.5000000000000018
decision_type=8 2 10 8 8 10
left_child=1 3 -3 -1 5 -5
right_child=-2 2 -4 4 -6 -7
leaf_value=-0.062192518091005448 -0.019927370232193854 0.06841290655154196 0.0059595012223206565 0.030943765523656405 -0.01349384381942568 -0.041215323879028237
leaf_weight=84.213439777493477 1109.4616362899542 65.133673787117004 4868.1579280495644 286.83840988576412 1338.0327438339591 65.627150565385818
leaf_count=372 7426 147 15013 932 6886 148
internal_value=-0.000756804 0.00242637 0.0068525 -0.00986195 -0.00707934 0.0171196
internal_weight=7817.46 6708 4933.29 1774.71 1690.5 352.466
internal_count=30924 23498 15160 8338 7966 1080
is_linear=0
shrinkage=0.05


Tree=39
num_leaves=7
num_cat=0
split_feature=35 24 23 2 23 0
split_gain=234.787 163.759 132.829 92.5801 93.4382 80.9378
threshold=1244.207916666667 706.50000000000011 0.48638513372428915 2606.5000000000005 1.5466605063930785 23.500000000000004
decision_type=8 8 10 10 10 10
left_child=3 2 -2 -1 -5 -4
right_child=1 -3 5 4 -6 -7
leaf_value=0.023262912044629446 -0.029539551014294008 0.020841644479005397 -0.013310632711178057 -0.0040942397330304327 0.01994753842610917 0.0012306240104335286
leaf_weight=1084.0434389710426 676.77148044109344 499.58180898427963 1793.831546716392 1108.0646414607763 629.98891153931618 2043.0323105081916
leaf_count=2476 3725 1708 10054 2652 1208 9181
internal_value=0.000305791 -0.00618669 -0.00919801 0.0118297 0.00465236 -0.00557626
internal_weight=7835.31 5013.22 4513.64 2822.1 1738.05 3836.86
internal_count=31004 24668 22960 6336 3860 19235
is_linear=0
shrinkage=0.05


Tree=40
num_leaves=7
num_cat=0
split_feature=37 15 21 24 21 2
split_gain=211.153 146.062 154.053 101.623 101.326 91.8069
threshold=0.25833333333333336 143.50000000000003 0.6002056202878685 27.500000000000004 0.95920722135007852 4359.5000000000009
decision_type=2 8 10 10 10 10
left_child=3 2 -2 -1 -4 -3
right_child=1 5 4 -5 -6 -7
leaf_value=-0.041854401287169059 0.0050340850997243995 0.033527103196442892 -0.02043278145649622 -0.0096041159624481037 0.01707907091438654 0.0081011970675061492
leaf_weight=340.53945063054562 3720.5381085723639 554.01990129053593 1148.9513536393642 848.85456901788712 209.35816914588213 985.50559808313847
leaf_count=2334 14085 1450 5218 4418 839 2780
internal_value=0.000376437 0.00386569 -0.000228709 -0.0189744 -0.0146096 0.01733
internal_weight=7807.77 6618.37 5078.85 1189.39 1358.31 1539.53
internal_count=31124 24372 20142 6752 6057 4230
is_linear=0
shrinkage=0.05


Tree=41
num_leaves=7
num_cat=0
split_feature=37 22 21 29 19 3
split_gain=178.51 132.879 118.956 128.318 104.271 97.8922
threshold=0.25833333333333336 35.665644235385699 0.6002056202878685 2.5000000000000004 247.50000000000003 7095.0000000000009
decision_type=2 8 10 2 10 10
left_child=-1 2 3 -2 5 -4
right_child=1 -3 4 -5 -6 -7
leaf_value=-0.018535987507912778 0.0041528783125818142 0.054463488029987905 -0.031263582250294762 0.047831738511715502 0.036300806704606253 -0.0049387841518137429
leaf_weight=1200.8499900251627 4361.1725183948874 115.27724333107471 476.65630023181438 169.97746448218822 114.58382155001163 1333.1554251462221
leaf_count=6883 16085 300 2507 149 233 5002
internal_value=-0.00085196 0.00239152 0.00142023 0.00584232 -0.0089801 -0.0119391
internal_weight=7771.67 6570.82 6455.55 4531.15 1924.4 1809.81
internal_count=31159 24276 23976 16234 7742 7509
is_linear=0
shrinkage=0.05


Tree=42
num_leaves=7
num_cat=0
split_feature=14 22 37 34 27 36
split_gain=176.522 148.209 119.6 98.4927 70.9545 81.9839
threshold=1.0000000180025095e-35 35.665644235385699 0.7386128364389235 3587.7365277777781 2.5000000000000004 1.7748611111111112
decision_type=8 8 2 8 2 8
left_child=3 2 4 -1 5 -2
right_child=1 -3 -4 -5 -6 -7
leaf_value=-0.0052503742556608097 -0.035430573566776147 0.061482019672916138 0.016365237602307323 -0.03089280942842312 0.049619270805934208 -0.00028440799910637535
leaf_weight=1014.2767696008086 167.16364684700966 104.49037112295628 1275.2465423345566 591.09718398749828 63.70904628932476 4581.635699428618
leaf_count=4143 703 250 3511 4360 31 18102
internal_value=-1.00624e-05 0.00382237 0.00278306 -0.0147585 -0.000829275 -0.00155756
internal_weight=7797.62 6192.25 6087.75 1605.37 4812.51 4748.8
internal_count=31100 22597 22347 8503 18836 18805
is_linear=0
shrinkage=0.05


Tree=43
num_leaves=7
num_cat=0
split_feature=37 16 38 23 34 37
split_gain=182.356 111.7 99.289 89.6571 124.314 84.3525
threshold=0.25833333333333336 973.50000000000011 2.5000000000000004 5.0353701788701182 8051.884027777779 0.17424242424242428
decision_type=2 8 2 10 8 2
left_child=5 3 -3 4 -2 -1
right_child=1 2 -4 -5 -6 -7
leaf_value=-0.00028511317514656357 0.0016407049970058639 0.013155012766646344 0.060949668743833889 0.023055161916775632 -0.026116389768246696 -0.027972670890339738
leaf_weight=435.50212031602859 4883.086854532361 661.10085590928793 126.23762579262257 426.18256866186857 434.66246716678143 742.29639006406069
leaf_count=2244 17253 1915 158 1682 3101 4638
internal_value=0.000286552 0.00355554 0.0211544 0.0011269 -0.000650507 -0.0177794
internal_weight=7709.07 6531.27 787.338 5743.93 5317.75 1177.8
internal_count=30991 24109 2073 22036 20354 6882
is_linear=0
shrinkage=0.05


Tree=44
num_leaves=7
num_cat=0
split_feature=15 27 30 33 4 23
split_gain=185.892 144.54 88.1781 134.502 87.577 74.412
threshold=1.0000000180025095e-35 1.0000000180025095e-35 2.5000000000000004 1.5000000000000002 1925.5000000000002 0.75495446531836041
decision_type=8 2 2 2 10 10
left_child=-1 4 3 -3 -2 -6
right_child=1 2 -4 -5 5 -7
leaf_value=-0.025004086482287864 -0.022857550612555372 0.01916589208669946 0.028794143424863746 -0.014135589898821552 0.01089158791735031 -0.0033358174798942099
leaf_weight=652.45505367964506 437.98474624752998 793.44015009701252 681.22483998537064 484.35129609704018 1239.8085303455591 3506.7575883120298
leaf_count=4224 2953 378 404 290 5957 17034
internal_value=0.00043886 0.00277855 0.0143302 0.00653695 -0.00159594 0.000387948
internal_weight=7796.02 7143.57 1959.02 1277.79 5184.55 4746.57
internal_count=31240 27016 1072 668 25944 22991
is_linear=0
shrinkage=0.05


Tree=45
num_leaves=7
num_cat=0
split_feature=28 37 24 19 15 2
split_gain=196.464 168.464 92.4557 85.2875 85.0351 100.499
threshold=2.5000000000000004 0.25833333333333336 27.500000000000004 19.500000000000004 108.50000000000001 3761.5000000000005
decision_type=2 2 10 10 10 10
left_child=1 2 -1 -4 -3 -6
right_child=-2 4 3 -5 5 -7
leaf_value=-0.041185125705132546 0.046286029666650824 -0.001672457098691551 -0.0012150144795897708 -0.040397306526181592 0.026322083103161344 0.0022848159576169926
leaf_weight=323.25997965037823 220.34193613380194 4460.7875384688377 644.24876317381859 172.16513332724571 677.25460162758827 1202.0756178349257
leaf_count=2388 162 18629 3468 985 1812 3643
internal_value=0.000287131 -0.00109793 -0.0187523 -0.00967337 0.00208782 0.010994
internal_weight=7700.13 7479.79 1139.67 816.414 6340.12 1879.33
internal_count=31087 30925 6841 4453 24084 5455
is_linear=0
shrinkage=0.05


Tree=46
num_leaves=7
num_cat=0
split_feature=15 22 4 12 4 12
split_gain=164.915 116.241 98.9409 93.298 84.7386 74.6606
threshold=1.0000000180025095e-35 24.457002346748819 2364.5000000000005 50.500000000000007 1075.0000000000002 24.500000000000004
decision_type=8 8 10 10 10 10
left_child=5 2 3 -2 -5 -1
right_child=1 -3 -4 4 -6 -7
leaf_value=-0.032855218582047367 -0.029018214061559518 0.046065565110418621 0.0033866488387725296 0.051464665534937698 -0.020953012519356051 0.0081226971768326352
leaf_weight=501.77121584862471 452.7596221268177 144.63585983961821 6266.5321142226458 76.259449489414692 76.23860727250576 140.17160846292973
leaf_count=3466 2833 368 22923 332 390 815
internal_value=0.000242462 0.00246801 0.00151756 -0.0177033 0.0157449 -0.0239139
internal_weight=7658.37 7016.43 6871.79 605.258 152.498 641.943
internal_count=31127 26846 26478 3555 722 4281
is_linear=0
shrinkage=0.05


Tree=47
num_leaves=7
num_cat=0
split_feature=18 24 27 34 37 8
split_gain=133.511 134.561 123.364 104.889 104.107 88.1029
threshold=29.500000000000004 872.50000000000011 2.5000000000000004 14.850416666666669 0.94281045751633996 15.500000000000002
decision_type=8 10 2 10 2 10
left_child=1 2 4 -2 5 -1
right_child=3 -3 -4 -5 -6 -7
leaf_value=-0.00046906022895123513 0.033975676291184968 0.019781049772880838 0.059761098337723376 0.0020751386066934006 0.063019587297726748 -0.012650031025248318
leaf_weight=3083.7483612820506 467.68653593957424 601.27515329420567 67.858665190637112 568.01766355335712 49.642002925276756 2858.0274326950312
leaf_count=14860 340 1845 36 2433 104 11545
internal_value=-8.13984e-05 -0.00268182 -0.00492533 0.0165743 -0.00570719 -0.00633389
internal_weight=7696.26 6660.55 6059.28 1035.7 5991.42 5941.78
internal_count=31163 28390 26545 2773 26509 26405
is_linear=0
shrinkage=0.05


Tree=48
num_leaves=7
num_cat=0
split_feature=15 24 24 31 40 8
split_gain=144.839 107.837 92.0177 85.8588 93.9837 98.8286
threshold=143.50000000000003 14.500000000000002 1.0000000180025095e-35 1.5000000000000002 12.500000000000002 14.500000000000002
decision_type=8 10 10 2 2 10
left_child=1 2 -1 4 -3 -6
right_child=-2 3 -4 -5 5 -7
leaf_value=0.021996128346957449 0.013035528733027253 0.019800641820680427 -0.026574361720085371 -0.027512932878776937 0.0060310241926560416 -0.0089918121137437888
leaf_weight=108.28777815401554 1599.7088503390551 549.28111529350281 742.7516418248415 286.78472791612148 2031.7566134557128 2362.4862701073289
leaf_count=481 4544 166 4837 92 10289 10767
internal_value=-0.000327593 -0.00385061 -0.0203018 -0.00115695 0.000398272 -0.00204678
internal_weight=7681.06 6081.35 851.039 5230.31 4943.52 4394.24
internal_count=31176 26632 5318 21314 21222 21056
is_linear=0
shrinkage=0.05


Tree=49
num_leaves=7
num_cat=0
split_feature=37 23 36 36 16 4
split_gain=137.524 105.348 104.966 85.4646 92.2488 81.8373
threshold=0.25833333333333336 5.936436594464511 5397.7402777777779 3806.3420833333334 958.50000000000011 202207.00000000003
decision_type=2 8 8 10 10 10
left_child=-1 2 3 4 -2 -4
right_child=1 -3 5 -5 -6 -7
leaf_value=-0.016250569957179536 -0.00029455381225163945 0.02580629774435347 -0.018546435803873301 0.03947460855201871 0.019782461102877291 0.053508879441884594
leaf_weight=1143.9555808603764 4374.1190892234445 446.72189860790968 834.65693141520023 154.83214573562145 653.21457423269749 36.590791702270508
leaf_count=6883 14681 1613 5344 605 1757 175
internal_value=-0.000303376 0.0025135 0.000774685 0.00347792 0.00233117 -0.0152322
internal_weight=7644.09 6500.14 6053.41 5182.17 5027.33 871.248
internal_count=31058 24175 22562 17043 16438 5519
is_linear=0
shrinkage=0.05


Tree=50
num_leaves=7
num_cat=0
split_feature=37 24 21 15 35 19
split_gain=151.091 91.4527 91.2822 82.1026 66.4495 101.69
threshold=0.25833333333333336 27.500000000000004 0.081574453837783556 1.0000000180025095e-35 8988.4988888888893 13.500000000000002
decision_type=2 10 10 10 10 10
left_child=1 -1 -2 -4 -5 -6
right_child=2 -3 3 4 5 -7
leaf_value=-0.039538191072874596 0.055208812548644716 -0.0077472060641288823 -0.019055248622672272 0.0031677126383193041 0.07035340156521791 -0.016909154551620575
leaf_weight=309.18862865865231 78.236724898219109 820.5024838373065 408.45119885355234 5924.9932372942567 84.036458164453506 50.802698649466038
leaf_count=2412 224 4472 2466 20687 452 323
internal_value=0.000260916 -0.0165841 0.00317818 0.00250669 0.00397455 0.0380469
internal_weight=7676.21 1129.69 6546.52 6468.28 6059.83 134.839
internal_count=31036 6884 24152 23928 21462 775
is_linear=0
shrinkage=0.05


Tree=51
num_leaves=7
num_cat=0
split_feature=4 36 36 36 8 4
split_gain=153.156 117.044 104.178 122.6 150.387 119.508
threshold=2364.5000000000005 133.43680555555559 5118.1291666666675 3806.3420833333334 1.5000000000000002 4371.0000000000009
decision_type=8 8 10 10 10 10
left_child=1 -1 3 -2 -5 -4
right_child=2 -3 5 4 -6 -7
leaf_value=0.039708565021559367 0.0036672098571509425 -0.025959197429236355 0.050546474737152805 -0.018740844066087104 0.079763162452558045 -0.025104031041036458
leaf_weight=70.267331510782242 6067.3656897842884 734.83266814798117 53.436784915626049 56.220843851566315 109.066401027143 508.99626871198416
leaf_count=192 21575 4918 363 383 385 3136
internal_value=0.000532965 -0.0200182 0.00298084 0.00484471 0.0466915 -0.0175344
internal_weight=7600.19 805.1 6795.09 6232.65 165.287 562.433
internal_count=30952 5110 25842 22343 768 3499
is_linear=0
shrinkage=0.05


Tree=52
num_leaves=7
num_cat=0
split_feature=14 21 37 37 36 22
split_gain=139.597 87.1657 88.5605 108.85 79.9032 71.9773
threshold=38.500000000000007 0.57933578253010642 0.17424242424242428 0.25833333333333336 1.7748611111111112 24.457002346748819
decision_type=10 10 2 2 8 10
left_child=1 4 -3 -4 -1 -2
right_child=5 2 3 -5 -6 -7
leaf_value=-0.035319990016025142 0.0092473822061768084 0.027940247147527804 -0.051945904891932619 -0.011766705180431514 0.0015803798820454283 0.056984170430092407
leaf_weight=147.78253966569901 2064.2976751178503 113.1866127550602 190.33253121376038 1275.0755718052387 3682.5966205969453 77.388450562953949
leaf_count=622 6343 712 1399 6021 15761 135
internal_value=0.000311702 -0.00396664 -0.0138336 -0.0171442 0.000112512 0.011101
internal_weight=7550.66 5408.97 1578.59 1465.41 3830.38 2141.69
internal_count=30993 24515 8132 7420 16383 6478
is_linear=0
shrinkage=0.05


Tree=53
num_leaves=7
num_cat=0
split_feature=15 29 36 19 36 36
split_gain=141.247 104.263 74.3592 94.1141 83.4992 128.206
threshold=1.0000000180025095e-35 2.5000000000000004 5118.1291666666675 18.500000000000004 9504.3365277777793 7084.3868055555567
decision_type=8 2 10 10 10 10
left_child=-1 2 -2 4 5 -4
right_child=1 -3 3 -5 -6 -7
leaf_value=-0.022881256276327686 0.0022528264075346353 0.028188279177094069 -0.010399491327675937 -0.048039299165782076 -0.043693596329227563 0.0650706708215959
leaf_weight=609.29163919389248 6051.5406649857759 358.83999899029732 192.75772154331207 164.42379808425903 87.457826860249043 73.870106406509876
leaf_count=4250 22963 394 1127 1102 654 393
internal_value=9.82781e-05 0.00213402 0.000690652 -0.0173889 -0.00268533 0.0113227
internal_weight=7538.18 6928.89 6570.05 518.509 354.086 266.628
internal_count=30883 26633 26239 3276 2174 1520
is_linear=0
shrinkage=0.05


Tree=54
num_leaves=7
num_cat=0
split_feature=14 21 22 24 8 25
split_gain=111.992 96.7835 95.0791 84.9489 76.9466 143.283
threshold=19.500000000000004 0.6002056202878685 24.457002346748819 29.500000000000004 21.500000000000004 0.8046402766407571
decision_type=8 10 8 10 10 10
left_child=1 4 3 -2 5 -1
right_child=2 -3 -4 -5 -6 -7
leaf_value=0.011722923217450861 -0.023321735087193297 -0.018194536114575242 0.054599964201224184 0.0073580192042837292 -0.011439088659407822 -0.019286098840807332
leaf_weight=1581.0108306482434 240.32997132092714 1160.7283904626966 94.510943084955215 2824.6550716161728 1202.0157698243856 482.06648517400026
leaf_count=7530 1091 6318 184 8852 4810 2303
internal_value=-0.000696354 -0.00582691 0.00648837 0.00491831 -0.00140916 0.00444813
internal_weight=7585.32 4425.82 3159.5 3064.99 3265.09 2063.08
internal_count=31088 20961 10127 9943 14643 9833
is_linear=0
shrinkage=0.05


Tree=55
num_leaves=7
num_cat=0
split_feature=37 21 36 3 21 23
split_gain=94.9376 82.7994 70.4745 95.0611 97.5934 72.1835
threshold=0.25833333333333336 0.081574453837783556 1.4283333333333335 43542.500000000007 0.54890004782400781 11.426794385836724
decision_type=2 10 10 10 10 10
left_child=-1 -2 3 4 -3 -4
right_child=1 2 5 -5 -6 -7
leaf_value=-0.014133414694468306 0.052403504656658356 1.2928568138908905e-05 0.0027818781955270279 0.041060758122614519 -0.032284946904430151 0.047751939681913942
leaf_weight=1075.6196137815714 75.11030250787735 493.92319352179766 5222.1508807465434 76.574508383870125 439.26027315855026 85.816231802105904
leaf_count=6790 226 2705 17692 314 3076 148
internal_value=-0.000426014 0.00188955 0.00124804 -0.0108272 -0.0152811 0.00355318
internal_weight=7468.46 6392.84 6317.73 1009.76 933.183 5307.97
internal_count=30951 24161 23935 6095 5781 17840
is_linear=0
shrinkage=0.05


Tree=56
num_leaves=7
num_cat=0
split_feature=37 14 31 37 21 15
split_gain=107.316 79.8707 67.4596 77.1633 85.9328 78.32
threshold=0.25833333333333336 38.500000000000007 1.5000000000000002 0.17424242424242428 0.62762127183379568 36.500000000000007
decision_type=2 8 2 2 8 10
left_child=2 -2 3 -1 5 -5
right_child=1 -3 -4 4 -6 -7
leaf_value=0.0052908774083864994 -0.0020451969744255962 0.0099416375406434672 -0.068087020161758036 -0.024196516317309156 -0.052636920761239075 0.020140321985132784
leaf_weight=391.44528456777334 4410.6886983588338 2023.1297109648585 52.361126035451889 343.15320552140474 170.98590853065252 135.18651755899191
leaf_count=2229 18277 5895 18 2451 1373 742
internal_value=-0.000735543 0.00172889 -0.0151822 -0.0122077 -0.0227166 -0.0115875
internal_weight=7526.95 6433.82 1093.13 1040.77 649.326 478.34
internal_count=30985 24172 6813 6795 4566 3193
is_linear=0
shrinkage=0.05


Tree=57
num_leaves=7
num_cat=0
split_feature=22 24 36 36 4 27
split_gain=116.564 107.009 94.523 87.529 149.694 90.4524
threshold=35.665644235385699 14.500000000000002 5118.1291666666675 3806.3420833333334 27393.500000000004 2.5000000000000004
decision_type=8 10 10 10 10 2
left_child=1 -1 3 5 -5 -3
right_child=-2 2 -4 4 -6 -7
leaf_value=-0.018616072432886401 0.050660701414170721 0.00083579377861589988 -0.019563372419233793 -0.0090336684911763582 0.081821109793649399 0.058919131300996443
leaf_weight=790.7896361425519 104.54578229039907 5828.0060494467616 519.83616527169943 88.209886230528355 86.3716991096735 62.810726672410965
leaf_count=5292 312 21131 3367 575 266 33
internal_value=-0.000538066 -0.00129757 0.000794673 0.00255414 0.036942 0.00150455
internal_weight=7480.57 7376.02 6585.23 6065.4 174.582 5890.82
internal_count=30976 30664 25372 22005 841 21164
is_linear=0
shrinkage=0.05


Tree=58
num_leaves=7
num_cat=0
split_feature=28 15 24 24 25 35
split_gain=121.618 102.51 68.891 102.947 77.2092 115.961
threshold=2.5000000000000004 1.0000000180025095e-35 872.50000000000011 1076.5000000000002 0.84376506750241098 8728.3116666666683
decision_type=2 10 10 10 10 8
left_child=1 -1 4 -4 -3 -6
right_child=-2 2 3 -5 5 -7
leaf_value=-0.020407744418575048 0.039115844387643858 0.00096480436794452054 0.039471778823066912 0.001482773947779173 -0.031446255451385068 0.041132412135911033
leaf_weight=593.41102916002274 193.18611794710159 5483.5197207257152 274.57132175564766 493.62681244313717 369.30171027779579 60.086821541190147
leaf_count=4202 160 22509 839 1460 1546 297
internal_value=0.000470601 -0.000581845 0.00119302 0.0152283 -0.000641757 -0.0209334
internal_weight=7467.7 7274.52 6681.11 768.198 5912.91 429.389
internal_count=31013 30853 26651 2299 24352 1843
is_linear=0
shrinkage=0.05


Tree=59
num_leaves=7
num_cat=0
split_feature=35 15 21 21 10 25
split_gain=118.172 94.9764 91.4359 109.746 66.6808 80.4467
threshold=15925.140833333337 143.50000000000003 0.6002056202878685 0.95920722135007852 287.50000000000006 0.6038348444008822
decision_type=10 8 10 10 10 10
left_child=1 2 4 -4 -1 -6
right_child=-2 -3 3 -5 5 -7
leaf_value=0.00088595036216267044 -0.044459583129000363 0.012344715716722326 -0.017924317242764946 0.019232634845766997 0.063823532978193792 -0.0059059764646929701
leaf_weight=4090.6772619113326 138.52059826999903 1544.0007125288248 1273.5269894301891 231.04532029479742 88.66851644217968 72.674355432391167
leaf_count=17166 1388 4509 6470 1004 261 237
internal_value=0.000471814 0.00135418 -0.00160179 -0.0121736 0.00214894 0.0331815
internal_weight=7439.11 7300.59 5756.59 1504.57 4252.02 161.343
internal_count=31035 29647 25138 7474 17664 498
is_linear=0
shrinkage=0.05


Tree=60
num_leaves=7
num_cat=0
split_feature=23 24 24 31 24 8
split_gain=89.9881 109.539 70.8807 109.805 101.522 96.6928
threshold=5.936436594464511 16.500000000000004 872.50000000000011 1.5000000000000002 1076.5000000000002 15.500000000000002
decision_type=8 10 10 2 10 10
left_child=1 -1 3 5 -4 -3
right_child=-2 2 4 -5 -6 -7
leaf_value=-0.019641654527723099 0.020984022883626722 0.0076876122487492538 0.038170526547810966 -0.031529973510245855 0.00031701601971919697 -0.0061299923566565098
leaf_weight=801.98387572169304 435.66215195506811 2170.7170063629746 274.97567604482174 293.6752061098814 482.4155111759901 3023.4173673838377
leaf_count=5447 1658 9880 831 96 1415 11769
internal_value=-0.000937202 -0.00230631 -6.62363e-05 -0.0020491 0.0142202 -0.000353541
internal_weight=7482.85 7047.18 6245.2 5487.81 757.391 5194.13
internal_count=31096 29438 23991 21745 2246 21649
is_linear=0
shrinkage=0.05


end of trees

feature_importances:
n_dying_ch=45
ev_h_since_prev=40
ev_gap_last=32
ev_relapse_rate=31
n_alarm_28d=21
n_rows_28d=18
rate_28d=18
act_share_7d=17
n_alarm_7d=15
ev_h_since_inc=15
ev_open_ch=12
n_undef_28d=10
rate_7d=10
ev_inc_168h=9
n_rows_3d=8
n_ch_bad_28d=8
ev_inc_672h=8
n_rows_7d=7
n_bad_28d=7
n_alarm_3d=5
ev_inc_24h=5
ev_inc_72h=5
ev_fail_3h=4
n_undef_3d=3
dying_share=3
n_active_ch=2
n_rows_1d=2
n_ch_bad_7d=2
ev_fail_168h=2
act_share_1d=1
hour=1

parameters:
[boosting: gbdt]
[objective: binary]
[metric: average_precision]
[tree_learner: serial]
[device_type: cpu]
[data_sample_strategy: bagging]
[data: ]
[valid: ]
[num_iterations: 2000]
[learning_rate: 0.05]
[num_leaves: 7]
[num_threads: 6]
[seed: 59]
[deterministic: 1]
[force_col_wise: 1]
[force_row_wise: 0]
[histogram_pool_size: -1]
[max_depth: -1]
[min_data_in_leaf: 200]
[min_sum_hessian_in_leaf: 0.001]
[bagging_fraction: 0.8]
[pos_bagging_fraction: 1]
[neg_bagging_fraction: 1]
[bagging_freq: 1]
[bagging_seed: 19283]
[bagging_by_query: 0]
[feature_fraction: 0.8]
[feature_fraction_bynode: 1]
[feature_fraction_seed: 13148]
[extra_trees: 0]
[extra_seed: 14098]
[early_stopping_round: 0]
[early_stopping_min_delta: 0]
[first_metric_only: 1]
[max_delta_step: 0]
[lambda_l1: 0]
[lambda_l2: 5]
[linear_lambda: 0]
[min_gain_to_split: 0]
[drop_rate: 0.1]
[max_drop: 50]
[skip_drop: 0.5]
[xgboost_dart_mode: 0]
[uniform_drop: 0]
[drop_seed: 26648]
[top_rate: 0.2]
[other_rate: 0.1]
[min_data_per_group: 100]
[max_cat_threshold: 32]
[cat_l2: 10]
[cat_smooth: 10]
[max_cat_to_onehot: 4]
[top_k: 20]
[monotone_constraints: ]
[monotone_constraints_method: basic]
[monotone_penalty: 0]
[feature_contri: ]
[forcedsplits_filename: ]
[refit_decay_rate: 0.9]
[cegb_tradeoff: 1]
[cegb_penalty_split: 0]
[cegb_penalty_feature_lazy: ]
[cegb_penalty_feature_coupled: ]
[path_smooth: 0]
[interaction_constraints: ]
[verbosity: -1]
[saved_feature_importance_type: 0]
[use_quantized_grad: 0]
[num_grad_quant_bins: 4]
[quant_train_renew_leaf: 0]
[stochastic_rounding: 1]
[linear_tree: 0]
[max_bin: 255]
[max_bin_by_feature: ]
[min_data_in_bin: 3]
[bin_construct_sample_cnt: 200000]
[data_random_seed: 231]
[is_enable_sparse: 1]
[enable_bundle: 1]
[use_missing: 1]
[zero_as_missing: 0]
[feature_pre_filter: 1]
[pre_partition: 0]
[two_round: 0]
[header: 0]
[label_column: ]
[weight_column: ]
[group_column: ]
[ignore_column: ]
[categorical_feature: ]
[forcedbins_filename: ]
[precise_float_parser: 0]
[parser_config_file: ]
[objective_seed: 27591]
[num_class: 1]
[is_unbalance: 0]
[scale_pos_weight: 1]
[sigmoid: 1]
[boost_from_average: 1]
[reg_sqrt: 0]
[alpha: 0.9]
[fair_c: 1]
[poisson_max_delta_step: 0.7]
[tweedie_variance_power: 1.5]
[lambdarank_truncation_level: 30]
[lambdarank_norm: 1]
[label_gain: ]
[lambdarank_position_bias_regularization: 0]
[eval_at: ]
[multi_error_top_k: 1]
[auc_mu_weights: ]
[num_machines: 1]
[local_listen_port: 12400]
[time_out: 120]
[machine_list_filename: ]
[machines: ]
[gpu_platform_id: -1]
[gpu_device_id: -1]
[gpu_use_dp: 0]
[num_gpu: 1]

end of parameters

pandas_categorical:[]
