tree
version=v4
num_class=1
num_tree_per_iteration=1
label_index=0
max_feature_idx=41
objective=binary sigmoid:1
feature_names=n_active_ch n_rows_1d n_rows_3d n_rows_7d n_rows_28d n_bad_1d n_bad_3d n_bad_7d n_bad_28d n_undef_1d n_undef_3d n_undef_7d n_undef_28d n_alarm_1d n_alarm_3d n_alarm_7d n_alarm_28d n_ch_bad_1d n_ch_bad_7d n_ch_bad_28d act_share_1d act_share_7d rate_7d rate_28d n_dying_ch dying_share ev_inc_6h ev_inc_24h ev_inc_72h ev_inc_168h ev_inc_672h ev_fail_3h ev_fail_24h ev_fail_168h ev_h_since_inc ev_h_since_prev ev_gap_last ev_relapse_rate ev_open_ch is_rearm hour dow
feature_infos=[0:1459] [0:200094] [0:575548] [0:1039472] [0:3446064] [0:32012] [0:32027] [0:32027] [0:32057] [0:37262] [0:71955] [0:122355] [0:165289] [0:32013] [0:32065] [0:32176] [0:33059] [0:383] [0:947] [0:1109] [0:1] [0.0054644808743169399:1] [0:52] [0:13] [0:1420] [0:1] [0:3] [0:7] [0:11] [0:18] [0:25] [0:191] [0:561] [0:1165] [1:22977.983611111111] [2.0238888888888891:28233.218888888889] [1.0238888888888888:21790.846388888887] [0.090909090909090912:0.96551724137931039] [0:195] [0:1] [0:23] [0:6]
tree_sizes=884 898 899 893 905 894 903 897 899 902 901 905 914 907 902 901 903 902 901 902 894 908 901 909 908 908 897 903 906 903 907 897 907 905 903 898 905 903 899 899 910 903 910 909 903 908 915 906 913 904 902 906 912 904 903 903 899 897 903 898 906 900 901 907 906 901 909 915 908 908 906 901 906 901 900 907 899 900 904 898

Tree=0
num_leaves=7
num_cat=0
split_feature=35 30 24 24 16 33
split_gain=5010.68 1169.61 454.31 392.768 326.338 247.653
threshold=2602.2509722222226 2.5000000000000004 141.50000000000003 729.50000000000011 706.50000000000011 2.5000000000000004
decision_type=8 2 8 10 8 2
left_child=1 3 -2 4 -1 -3
right_child=2 5 -4 -5 -6 -7
leaf_value=-0.53912289940719671 -0.5868184550199641 -0.48976564472780471 -0.54886936415195631 -0.49013565999519143 -0.49011441632818525 -0.44091176765665824
leaf_weight=1952.9358533620834 3813.6051632165909 462.26222109794617 995.87410223484039 802.27711284160614 406.48397171497345 655.62681782245636
leaf_count=6303 15541 1051 3921 2402 1217 609
internal_value=-0.543972 -0.50464 -0.578974 -0.520253 -0.530585 -0.460784
internal_weight=9089.07 4279.59 4809.48 3161.7 2359.42 1117.89
internal_count=31044 11582 19462 9922 7520 1660
is_linear=0
shrinkage=1


Tree=1
num_leaves=7
num_cat=0
split_feature=30 36 29 37 34 4
split_gain=3812.13 1520.71 456.694 419.682 373.338 252.333
threshold=1.5000000000000002 3012.6204166666671 2.5000000000000004 0.25833333333333336 4789.980833333334 236708.50000000003
decision_type=2 8 2 2 10 8
left_child=1 3 -2 -1 -5 -3
right_child=2 5 -4 4 -6 -7
leaf_value=-0.037043931526488279 0.047192410312918431 -0.042795107069911305 0.10221262749805803 0.016415529747700462 -0.047510157119362462 0.061115623916501972
leaf_weight=506.76803085207939 1445.6911240667105 3328.6751807034016 516.25069077312946 3040.0498380064964 242.11098754405975 55.272324219346046
leaf_count=1955 3056 13438 375 11075 1052 170
internal_value=0.000223914 -0.0166753 0.061893 0.00508389 0.0116349 -0.0410102
internal_weight=9134.82 7172.88 1961.94 3788.93 3282.16 3383.95
internal_count=31121 27690 3431 14082 12127 13608
is_linear=0
shrinkage=0.05


Tree=2
num_leaves=7
num_cat=0
split_feature=35 16 35 24 24 16
split_gain=4169.18 829.103 527.316 335.18 262.332 234.496
threshold=1332.7075000000002 288.50000000000006 110.55194444444446 147.50000000000003 758.50000000000011 717.50000000000011
decision_type=8 8 10 10 8 10
left_child=2 3 -1 -2 -3 -4
right_child=1 4 5 -5 -6 -7
leaf_value=0.081544690095996353 -0.040789133861622445 -0.0010673660894784996 0.024497019757432088 -0.0057022303534474059 0.054014570261173372 0.060500394912474512
leaf_weight=849.84945972263813 3674.9112832546234 1275.9556389600039 1560.6804035305977 837.31942653656006 255.20170550048351 640.37365809082985
leaf_count=630 15275 4862 4541 3230 917 1600
internal_value=0.000537651 -0.0235131 0.0481391 -0.0342917 0.0082592 0.0350852
internal_weight=9094.29 6043.39 3050.9 4512.23 1531.16 2201.05
internal_count=31055 24284 6771 18505 5779 6141
is_linear=0
shrinkage=0.05


Tree=3
num_leaves=7
num_cat=0
split_feature=36 34 16 30 4 36
split_gain=2980.39 1420.99 455.983 294.114 232.507 160.084
threshold=2701.1322222222229 61.533333333333339 285.50000000000006 2.5000000000000004 141674.50000000003 5118.1291666666675
decision_type=8 10 10 2 8 10
left_child=1 3 -3 -1 -2 -6
right_child=4 2 -4 -5 5 -7
leaf_value=0.038673972258828265 -0.040797600684939705 -0.012831505344310025 0.022553949385568622 0.077851953103927896 0.04604673769351425 -0.051098668945909469
leaf_weight=1109.6340660750866 3164.8179639130831 1976.9977076202631 1679.0579735934734 866.94565956294537 131.0523280352354 56.894464299082756
leaf_count=884 13144 8570 7107 572 446 223
internal_value=-0.00029796 0.0219135 0.00342801 0.0560109 -0.0375902 0.0160772
internal_weight=8985.4 5632.64 3656.06 1976.58 3352.76 187.947
internal_count=30946 17133 15677 1456 13813 669
is_linear=0
shrinkage=0.05


Tree=4
num_leaves=7
num_cat=0
split_feature=35 35 24 24 16 12
split_gain=3345.78 805.745 389.902 313.379 257.683 192.011
threshold=2846.2472222222227 228.41652777777782 102.50000000000001 822.50000000000011 706.50000000000011 21.500000000000004
decision_type=8 10 8 10 10 10
left_child=1 -1 5 4 -3 -2
right_child=2 3 -4 -5 -6 -7
leaf_value=0.065781115159586886 -0.052007834002772195 0.0015240061197091962 -0.0093127040260725501 0.046618086325735719 0.039040401488694421 -0.026506938581789749
leaf_weight=1129.6612677574158 1801.6631869077682 2165.835379332304 1361.8953564763069 711.71685123443604 575.49903665482998 1281.3442401438951
leaf_count=1119 7841 7320 5542 2254 1651 5390
internal_value=-0.000748913 0.0292134 -0.0316383 0.0171725 0.00945671 -0.0414694
internal_weight=9027.62 4582.71 4444.9 3453.05 2741.33 3083.01
internal_count=31117 12344 18773 11225 8971 13231
is_linear=0
shrinkage=0.05


Tree=5
num_leaves=7
num_cat=0
split_feature=35 30 24 35 24 16
split_gain=3171.54 756.945 402.162 266.793 242.205 250.266
threshold=2665.1501388888896 2.5000000000000004 102.50000000000001 228.41652777777782 729.50000000000011 728.50000000000011
decision_type=8 2 8 10 10 10
left_child=1 4 -2 -3 5 -1
right_child=2 3 -4 -5 -6 -7
leaf_value=0.0024542565441926698 -0.039435893488417084 0.078567813197040134 -0.00742726681055394 0.026767776628662393 0.040260118665340995 0.044719017401310547
leaf_weight=2088.2509534358978 3083.8893005251884 857.47380045056343 1442.2029926031828 359.14994406700134 860.7450196146965 416.00756910443306
leaf_count=6572 13481 780 5818 917 2466 1173
internal_value=0.000413456 0.0297233 -0.0292561 0.0634485 0.0174538 0.0095504
internal_weight=9107.72 4581.63 4526.09 1216.62 3365 2504.26
internal_count=31207 11908 19299 1697 10211 7745
is_linear=0
shrinkage=0.05


Tree=6
num_leaves=7
num_cat=0
split_feature=35 29 24 16 12 37
split_gain=2816.41 587.628 377.207 375.931 247.765 182.218
threshold=2440.2983333333336 2.5000000000000004 102.50000000000001 558.50000000000011 21.500000000000004 0.51389961389961403
decision_type=8 2 10 10 10 2
left_child=1 3 4 -1 -2 -4
right_child=2 -3 5 -5 -6 -7
leaf_value=0.010436542064321335 -0.049023336834936815 0.076299971213014212 -0.018234209026847536 0.043606235134895623 -0.020637286614626243 0.019065628242334421
leaf_weight=2528.4251149743795 1797.9220264852047 562.00004884600639 1023.1400167346001 1288.6060673892498 1360.8897612541914 475.7440662831068
leaf_count=7345 8051 373 4189 3388 5810 1867
internal_value=-4.81867e-06 0.0287661 -0.0270563 0.0216768 -0.0368459 -0.00637126
internal_weight=9036.73 4379.03 4657.7 3817.03 3158.81 1498.88
internal_count=31023 11106 19917 10733 13861 6056
is_linear=0
shrinkage=0.05


Tree=7
num_leaves=7
num_cat=0
split_feature=35 24 38 16 23 28
split_gain=2589.44 511.845 407.552 254.572 175.437 166.35
threshold=1645.4013888888892 141.50000000000003 1.0000000180025095e-35 479.50000000000006 1.2222235172036422 2.5000000000000004
decision_type=8 10 2 10 10 2
left_child=2 3 -1 -2 -5 -4
right_child=1 -3 5 4 -6 -7
leaf_value=0.014470316702221715 -0.035769619167170461 0.0029005912642712118 0.041069025213292809 0.040807509857014868 -0.027986250645976204 0.079609556019224703
leaf_weight=1670.4833002537489 3631.6362591683865 1447.4961427301168 1498.3177092373371 189.47635340690613 172.29231850802898 351.09992980957031
leaf_count=6947 15884 5688 1046 738 713 131
internal_value=-0.000954753 -0.0225663 0.032436 -0.0317894 0.0081096 0.0485806
internal_weight=8960.8 5440.9 3519.9 3993.4 361.769 1849.42
internal_count=31147 23023 8124 17335 1451 1177
is_linear=0
shrinkage=0.05


Tree=8
num_leaves=7
num_cat=0
split_feature=35 16 30 4 36 22
split_gain=2371.45 578.519 339.111 215.225 193.893 156.179
threshold=1309.4962500000004 288.50000000000006 2.5000000000000004 2535.5000000000005 4824.6498611111119 0.67760486003020393
decision_type=8 8 2 10 10 10
left_child=2 3 5 -2 -3 -1
right_child=1 4 -4 -5 -6 -7
leaf_value=0.043341658059109139 -0.046963955131181685 0.014003967901833211 0.057020099893839174 -0.02123376036685121 -0.04298316481114195 0.012727543546968523
leaf_weight=615.49704079329967 1091.4155049324036 1378.2923570871353 1165.6588422209024 3224.9266327172518 162.43508183956146 1288.5593204051256
leaf_count=1570 4953 5127 1685 13632 692 3404
internal_value=0.000247149 -0.0184066 0.0358109 -0.0277866 0.00787635 0.0227113
internal_weight=8926.78 5857.07 3069.72 4316.34 1540.73 1904.06
internal_count=31063 24404 6659 18585 5819 4974
is_linear=0
shrinkage=0.05


Tree=9
num_leaves=7
num_cat=0
split_feature=35 38 24 12 24 29
split_gain=1968.05 503.656 281.162 221.3 200.433 172.848
threshold=2818.6045833333342 1.0000000180025095e-35 102.50000000000001 20.500000000000004 837.50000000000011 2.5000000000000004
decision_type=8 2 8 10 10 2
left_child=1 4 3 -2 -1 -3
right_child=2 5 -4 -5 -6 -7
leaf_value=0.0007766233333368226 -0.04558603593472918 0.032255239180281739 -0.0058693221078374939 -0.017637393527564833 0.035919156871600681 0.066086596072482851
leaf_weight=2086.4171990454197 1652.0965399593115 1523.8148876130581 1339.3004404306412 1254.1195761412382 498.7550625950098 509.26849973201752
leaf_count=8794 7814 1119 5557 5521 2034 203
internal_value=-0.000295524 0.0222824 -0.024853 -0.0335764 0.00761289 0.040871
internal_weight=8863.77 4618.26 4245.52 2906.22 2585.17 2033.08
internal_count=31042 12150 18892 13335 10828 1322
is_linear=0
shrinkage=0.05


Tree=10
num_leaves=7
num_cat=0
split_feature=35 24 4 35 37 24
split_gain=1971.08 451.049 300.542 270.615 234.169 173.935
threshold=1501.2641666666671 706.50000000000011 2364.5000000000005 205.22361111111113 0.37797619047619052 872.50000000000011
decision_type=8 8 10 10 2 10
left_child=3 2 -2 -1 -4 -5
right_child=1 -3 4 5 -6 -7
leaf_value=0.050786001144912309 -0.047001987952091422 0.032584027664272854 -0.0294940320756884 0.013632880713310869 -0.0054020102337515698 0.048683186791596646
leaf_weight=1063.3456538170576 1008.8305931538343 394.65998187661171 1869.3868889510632 1883.387705296278 2189.6392243802547 433.12881295382977
leaf_count=987 4762 1414 8401 5344 8978 1262
internal_value=-4.94539e-05 -0.0186132 -0.0226284 0.0299364 -0.0165202 0.0202771
internal_weight=8842.38 5462.52 5067.86 3379.86 4059.03 2316.52
internal_count=31148 23555 22141 7593 17379 6606
is_linear=0
shrinkage=0.05


Tree=11
num_leaves=7
num_cat=0
split_feature=35 30 37 34 37 21
split_gain=1744.21 424.468 248.128 205.878 208.664 166.385
threshold=2818.6045833333342 2.5000000000000004 0.44949494949494956 5289.063472222223 0.37797619047619052 0.46963109354413707
decision_type=8 2 2 8 2 10
left_child=1 2 -1 4 -2 -6
right_child=3 -3 -4 -5 5 -7
leaf_value=-0.012280435404186777 -0.028307458967511318 0.046596524685303529 0.019256211476127834 -0.038513278837665282 0.016950295103580686 -0.020177546662161268
leaf_weight=813.73687516152859 1428.7703617960215 1172.6166905760765 2625.7661973685026 1529.2551978677511 652.78563144803047 552.5116875320673
leaf_count=2520 6452 1647 7978 7531 2552 2292
internal_value=-0.000489515 0.0206789 0.0117881 -0.0239365 -0.0154168 -8.22587e-05
internal_weight=8775.44 4612.12 3439.5 4163.32 2634.07 1205.3
internal_count=30972 12145 10498 18827 11296 4844
is_linear=0
shrinkage=0.05


Tree=12
num_leaves=7
num_cat=0
split_feature=35 38 14 36 4 36
split_gain=1604.01 431.196 254.563 143.557 149.641 157.301
threshold=2818.6045833333342 1.0000000180025095e-35 1.0000000180025095e-35 5118.1291666666675 3934.5000000000005 3970.1341666666672
decision_type=8 2 8 10 8 10
left_child=1 -1 -2 4 -4 -6
right_child=2 -3 3 -5 5 -7
leaf_value=0.007507746600331865 -0.039087496557058038 0.038099279073603824 -0.030458283968134277 -0.035041003296348065 -0.0037710508751634627 0.055290950742832995
leaf_weight=2635.3520870506763 1411.8312003910542 2045.6756263524294 502.43236173689365 567.78874117136002 1489.2201266735792 116.93462058901787
leaf_count=10997 6806 1332 2377 2547 6580 392
internal_value=0.000929137 0.0209031 -0.0219388 -0.0128365 -0.00678866 0.000687148
internal_weight=8769.23 4681.03 4088.21 2676.38 2108.59 1606.15
internal_count=31031 12329 18702 11896 9349 6972
is_linear=0
shrinkage=0.05


Tree=13
num_leaves=7
num_cat=0
split_feature=35 34 24 24 12 16
split_gain=1564.75 382.052 255.651 179.605 164.296 160.051
threshold=2818.6045833333342 52.826111111111125 102.50000000000001 831.50000000000011 20.500000000000004 717.50000000000011
decision_type=8 10 8 10 10 10
left_child=1 -1 4 5 -2 -3
right_child=2 3 -4 -5 -6 -7
leaf_value=0.036410276936916973 -0.041776337304048304 -0.0059146993450049368 -0.0044999854417296691 0.033278481757125666 -0.01719017370323004 0.029106310520739594
leaf_weight=1986.1798443049192 1568.8062190413475 1702.4632237255573 1339.8345087915659 528.03190942108631 1215.7118601053953 398.30498325824738
leaf_count=1298 7871 7211 5551 2130 5533 1613
internal_value=-0.00010365 0.019887 -0.0224693 0.00735746 -0.0310921 0.000778618
internal_weight=8739.33 4614.98 4124.35 2628.8 2784.52 2100.77
internal_count=31207 12252 18955 10954 13404 8824
is_linear=0
shrinkage=0.05


Tree=14
num_leaves=7
num_cat=0
split_feature=35 16 28 3 16 4
split_gain=1384.08 461.856 209.671 216.713 180.387 177.001
threshold=1187.8637500000002 291.50000000000006 2.5000000000000004 5462.5000000000009 675.50000000000011 2364.5000000000005
decision_type=8 8 2 10 10 10
left_child=2 5 3 -1 -5 -2
right_child=1 -3 -4 4 -6 -7
leaf_value=0.042297827963427022 -0.042302915400682449 0.0081030790150227842 0.064695583420987426 -0.0016074394251214691 0.032535825922661223 -0.017733379696316314
leaf_weight=910.17507550120354 951.90307243168354 1611.7218235582113 337.21802438795567 984.87914419174194 631.60367535054684 3212.6426253169775
leaf_count=2003 4746 6050 161 2448 1327 14214
internal_value=-0.000516808 -0.0146056 0.0278754 0.0228432 0.0117925 -0.0233933
internal_weight=8640.14 5776.27 2863.88 2526.66 1616.48 4164.55
internal_count=30949 25010 5939 5778 3775 18960
is_linear=0
shrinkage=0.05


Tree=15
num_leaves=7
num_cat=0
split_feature=36 38 4 16 24 21
split_gain=1166 537.036 220.4 206.142 196.78 157.099
threshold=2701.1322222222229 1.0000000180025095e-35 151889.50000000003 728.50000000000011 716.50000000000011 0.60380591513960202
decision_type=8 2 8 10 10 10
left_child=1 4 5 -3 -1 -2
right_child=2 3 -4 -5 -6 -7
leaf_value=-0.0042452197027048359 -0.020089709563639965 0.022868103693529863 0.033917744779224636 0.057548950596797814 0.024663354787570618 -0.044984841864483753
leaf_weight=2943.0759507119656 1830.1529685854912 1413.4332159459591 143.20714962482452 618.55214396119118 730.55612835288048 978.64852549135685
leaf_count=12956 8478 887 543 428 2963 4897
internal_value=-0.000247316 0.0129492 -0.0257321 0.0335406 0.00152939 -0.0288282
internal_weight=8657.63 5705.62 2952.01 2031.99 3673.63 2808.8
internal_count=31152 17234 13918 1315 15919 13375
is_linear=0
shrinkage=0.05


Tree=16
num_leaves=7
num_cat=0
split_feature=35 24 3 38 36 2
split_gain=1222.51 397.066 211.206 208.127 203.524 174.634
threshold=1332.7075000000002 706.50000000000011 720.50000000000011 1.0000000180025095e-35 5118.1291666666675 3761.5000000000005
decision_type=8 8 10 2 10 10
left_child=3 2 -2 -1 -4 -5
right_child=1 -3 4 5 -6 -7
leaf_value=0.010754973433649485 -0.036306629568915276 0.030187262801581866 -0.0068170858378422796 0.054248179714629231 -0.036650557140221633 0.022047476214145798
leaf_weight=1375.0535196363926 1205.4145706444979 460.72574190795422 3118.4993236511946 784.3495547324419 696.01411640644073 928.0675530731678
leaf_count=5613 6084 1617 13287 560 3307 541
internal_value=0.000158891 -0.0140134 -0.0180961 0.0252985 -0.0123015 0.0369116
internal_weight=8568.12 5480.65 5019.93 3087.47 3814.51 1712.42
internal_count=31009 24295 22678 6714 16594 1101
is_linear=0
shrinkage=0.05


Tree=17
num_leaves=7
num_cat=0
split_feature=36 30 37 0 4 21
split_gain=951.256 440.48 259.589 213.423 148.559 130.999
threshold=3474.7206944444447 2.5000000000000004 0.37797619047619052 124.50000000000001 2039.5000000000002 0.24511625690870978
decision_type=8 2 2 8 10 10
left_child=1 2 -1 5 -4 -2
right_child=3 -3 4 -5 -6 -7
leaf_value=-0.017832388285442771 0.010333939399831403 0.037955126370512265 -0.025519241100185983 0.040369310901177485 0.012590745519785895 -0.033031660008217167
leaf_weight=1084.6470391750336 186.90402922034264 1156.1713855117559 271.03008238971233 109.97048060595989 3532.6597846746445 2189.771271198988
leaf_count=4332 784 1628 1217 403 11587 11040
internal_value=-0.000437368 0.0102718 0.0036921 -0.0264374 0.0098453 -0.0296068
internal_weight=8531.15 6044.51 4888.34 2486.65 3803.69 2376.68
internal_count=30991 18764 17136 12227 12804 11824
is_linear=0
shrinkage=0.05


Tree=18
num_leaves=7
num_cat=0
split_feature=34 37 24 29 18 20
split_gain=736.318 337.414 241.636 241.201 177.297 176.462
threshold=1340.0883333333336 0.39047619047619053 716.50000000000011 2.5000000000000004 3.5000000000000004 0.3112159329140462
decision_type=8 2 10 2 8 10
left_child=1 -1 -2 4 5 -3
right_child=2 3 -4 -5 -6 -7
leaf_value=-0.013960821493037519 -0.021509919800568322 0.010042373205813269 0.041933122018198453 0.052566078805264954 0.024230383886679061 -0.029457857802192147
leaf_weight=1041.7423358857632 3244.7526912540197 1413.4566797614098 152.8223168104887 441.73224173486233 1884.7148054093122 348.15835316479206
leaf_count=3500 16579 4084 633 349 5074 1060
internal_value=-0.000560742 0.0113927 -0.0185988 0.0178626 0.0135923 0.00217443
internal_weight=8527.38 5129.8 3397.58 4088.06 3646.33 1761.62
internal_count=31279 14067 17212 10567 10218 5144
is_linear=0
shrinkage=0.05


Tree=19
num_leaves=7
num_cat=0
split_feature=35 4 36 37 38 15
split_gain=939.472 344.044 216.148 213.73 192.029 145.14
threshold=1309.4962500000004 2364.5000000000005 5118.1291666666675 0.45804195804195807 1.0000000180025095e-35 64.500000000000014
decision_type=8 8 10 2 2 8
left_child=3 -2 5 -1 -5 -3
right_child=1 2 -4 4 -6 -7
leaf_value=-0.0071493341357348516 -0.040468191569416188 -0.0086116722055539427 -0.031663614503717789 0.012968360415263664 0.040658393050071184 0.012153528471251621
leaf_weight=506.84361805021763 893.91579362750053 2580.9561550915241 718.42859496176243 1136.4875987917185 1407.713104724884 1242.5140566676855
leaf_count=1036 4818 11371 3574 4616 962 4737
internal_value=0.000258007 -0.0122025 -0.006601 0.0224416 0.028339 -0.00185654
internal_weight=8486.86 5435.81 4541.9 3051.04 2544.2 3823.47
internal_count=31114 24500 19682 6614 5578 16108
is_linear=0
shrinkage=0.05


Tree=20
num_leaves=7
num_cat=0
split_feature=35 24 0 29 37 2
split_gain=831.812 364.22 207.814 156.919 142.841 161.164
threshold=1244.207916666667 706.50000000000011 28.500000000000004 2.5000000000000004 0.28991596638655465 3844.5000000000005
decision_type=8 8 10 2 2 10
left_child=3 2 -2 4 -1 -6
right_child=1 -3 -4 -5 5 -7
leaf_value=-0.038493707383475372 -0.024187973647209076 0.028307404137307382 -0.0033253852231835365 0.047779534193279218 0.032482014915165169 0.006490589971354742
leaf_weight=109.68899631500244 2974.84516094625 511.38896583020687 1994.3526617586613 462.90093840658665 1123.7745960950851 1271.2924175560474
leaf_count=239 14611 1737 8470 360 2648 3085
internal_value=-0.00014401 -0.0116865 -0.0158267 0.0211562 0.0161506 0.0187281
internal_weight=8448.24 5480.59 4969.2 2967.66 2504.76 2395.07
internal_count=31150 24818 23081 6332 5972 5733
is_linear=0
shrinkage=0.05


Tree=21
num_leaves=7
num_cat=0
split_feature=34 16 31 34 14 38
split_gain=659.541 289.56 159.617 183.265 151.316 146.892
threshold=1459.1844444444446 366.50000000000006 1.5000000000000002 12.344305555555557 1.0000000180025095e-35 1.0000000180025095e-35
decision_type=8 10 2 10 10 2
left_child=1 2 3 -1 -2 -3
right_child=4 5 -4 -5 -6 -7
leaf_value=0.023796998633037025 -0.033415507228896801 0.010980922725463671 -0.040688046265007244 -0.0052553285098903548 -0.010301315841764316 0.035630184810065323
leaf_weight=762.21716859936714 1081.5551439523697 1218.0473476797342 219.45787231624126 1851.6531225442886 2053.66196423769 1207.4565481841564
leaf_count=321 6071 5007 67 8392 10283 833
internal_value=-0.000180626 0.0106382 -0.000222881 0.00324573 -0.0183155 0.0232998
internal_weight=8394.05 5258.83 2833.33 2613.87 3135.22 2425.5
internal_count=30974 14620 8780 8713 16354 5840
is_linear=0
shrinkage=0.05


Tree=22
num_leaves=7
num_cat=0
split_feature=35 37 23 23 16 38
split_gain=639.66 296.262 183.854 182.292 144.976 141.127
threshold=5436.9231944444455 0.37797619047619052 5.0353701788701182 11.426794385836724 558.50000000000011 2.5000000000000004
decision_type=8 2 8 10 10 2
left_child=1 -1 -2 4 -3 -6
right_child=2 3 -4 -5 5 -7
leaf_value=-0.014188350599123441 -0.025986276273933136 0.0066239560540230571 0.012861583140751812 0.07444900522572552 0.020404520868166333 0.071083949081901077
leaf_weight=1089.4055170565844 2235.5110380798578 2976.9688293337822 349.38233825564384 119.63712701201439 1385.2735049575567 148.98953674733639
leaf_count=4040 11985 9204 1614 145 3974 136
internal_value=-0.000101904 0.00922537 -0.0207208 0.0147428 0.0130787 0.0255408
internal_weight=8305.17 5720.27 2584.89 4630.87 4511.23 1534.26
internal_count=31098 17499 13599 13459 13314 4110
is_linear=0
shrinkage=0.05


Tree=23
num_leaves=7
num_cat=0
split_feature=35 37 24 38 12 12
split_gain=618.196 221.541 183.966 164.159 145.441 144.156
threshold=2818.6045833333342 0.44949494949494956 106.50000000000001 1.0000000180025095e-35 21.500000000000004 17.500000000000004
decision_type=8 2 8 2 10 10
left_child=1 -1 4 -3 -2 -4
right_child=2 3 5 -5 -6 -7
leaf_value=-0.010391204112552562 -0.034293049089920251 0.0076157381633076369 0.01963135258980106 0.028944226585828993 -0.0099813102713598011 -0.014604950503839989
leaf_weight=905.71984106302261 1386.7144709527493 2017.6042277812958 530.98740118741989 1634.1721347570419 1112.5843643844128 716.16083754599094
leaf_count=2731 7908 8328 2219 1152 5546 3140
internal_value=-0.000662748 0.0117008 -0.0156983 0.0171868 -0.023512 -8.27432e-06
internal_weight=8303.94 4557.5 3746.45 3651.78 2499.3 1247.15
internal_count=31024 12211 18813 9480 13454 5359
is_linear=0
shrinkage=0.05


Tree=24
num_leaves=7
num_cat=0
split_feature=35 0 36 36 38 21
split_gain=595.995 257.927 160.823 156.397 134.974 127.713
threshold=1286.2555555555557 33.500000000000007 4824.6498611111119 3806.3420833333334 1.0000000180025095e-35 0.64060235507246388
decision_type=8 8 10 10 2 10
left_child=4 5 3 -3 -1 -2
right_child=1 2 -4 -5 -6 -7
leaf_value=0.0058162719570207322 -0.013218376852770802 0.0054432686506273413 -0.031265938504532464 0.077802235625456018 0.027098289674805411 -0.036005705713322907
leaf_weight=1350.9480526000261 2319.9464336186647 1802.4277778863907 289.76467092335224 72.968948900699615 1665.4382820725441 837.60537642240524
leaf_count=5497 11248 7120 1468 172 1063 4602
internal_value=-0.000147368 -0.0102074 0.00308197 0.00845804 0.0175921 -0.0193106
internal_weight=8339.1 5322.71 2165.16 1875.4 3016.39 3157.55
internal_count=31170 24610 8760 7292 6560 15850
is_linear=0
shrinkage=0.05


Tree=25
num_leaves=7
num_cat=0
split_feature=35 29 24 23 21 16
split_gain=516.452 300.065 169.884 159.466 169.234 141.684
threshold=5436.9231944444455 2.5000000000000004 872.50000000000011 5.0353701788701182 0.24332721976480745 728.50000000000011
decision_type=8 2 10 8 10 10
left_child=1 2 5 -2 -5 -1
right_child=3 -3 -4 4 -6 -7
leaf_value=-0.0031545851709047449 -0.024137330278976653 0.046345834389346419 0.026539527156655543 0.089923193153125122 -0.0033421563024579517 0.019317683230843194
leaf_weight=3715.1662825793028 2140.5190915763378 466.66682401299477 760.11523428559303 54.019388362765312 274.72270679473877 859.38578356802464
leaf_count=12660 11898 373 2181 201 1349 2336
internal_value=-3.46597e-05 0.00811664 0.00473216 -0.0191632 0.0131009 0.00108359
internal_weight=8270.6 5801.33 5334.67 2469.26 328.742 4574.55
internal_count=30998 17550 17177 13448 1550 14996
is_linear=0
shrinkage=0.05


Tree=26
num_leaves=7
num_cat=0
split_feature=35 0 23 2 16 31
split_gain=489.229 251.314 178.001 156.145 128.865 147.135
threshold=1332.7075000000002 23.500000000000004 11.426794385836724 4016.5000000000005 558.50000000000011 1.5000000000000002
decision_type=8 10 10 10 10 2
left_child=2 -2 3 4 5 -1
right_child=1 -3 -4 -5 -6 -7
leaf_value=0.022082035934031755 -0.02024685190619752 0.0018438191106144317 0.070814186983237756 0.0026890355556766867 0.046994120328526984 -0.040371016251225848
leaf_weight=771.21426369249821 2505.5726605802774 2641.1506025344133 138.72715672850609 1517.2410206496716 472.40356287360191 102.70107781887054
leaf_count=2021 13111 11198 151 3472 1065 29
internal_value=0.000434959 -0.00891977 0.0164596 0.0137075 0.026069 0.0145547
internal_weight=8149.01 5146.72 3002.29 2863.56 1346.32 873.915
internal_count=31047 24309 6738 6587 3115 2050
is_linear=0
shrinkage=0.05


Tree=27
num_leaves=7
num_cat=0
split_feature=35 34 21 25 12 15
split_gain=515.527 196.338 178.567 169.86 120.164 118
threshold=2846.2472222222227 37.387361111111119 0.52539302382706965 0.49070426428916997 265.50000000000006 40.500000000000007
decision_type=8 10 10 10 10 10
left_child=1 -1 3 -2 -4 -5
right_child=2 -3 4 5 -6 -7
leaf_value=0.023820119051767261 0.040984651208405332 0.0026869254730026559 -0.033990674503174743 -0.016386033721410939 -0.002187860369423456 0.011942409976785411
leaf_weight=1870.8922904729843 185.89660514891148 2657.4492312818766 1215.637601852417 1326.2356972396374 393.48328377306461 503.70107978582382
leaf_count=1124 881 11150 6930 6912 1868 2165
internal_value=0.000191331 0.0114348 -0.0138505 -0.00391657 -0.0262447 -0.00857717
internal_weight=8153.3 4528.34 3624.95 2015.83 1609.12 1829.94
internal_count=31030 12274 18756 9958 8798 9077
is_linear=0
shrinkage=0.05


Tree=28
num_leaves=7
num_cat=0
split_feature=34 36 37 29 23 24
split_gain=453.551 276.342 186.384 113.732 113.337 102.111
threshold=106.64805555555557 3513.7331944444445 0.39047619047619053 2.5000000000000004 5.0353701788701182 831.50000000000011
decision_type=8 8 2 2 10 10
left_child=2 5 -1 -4 -3 -2
right_child=1 4 3 -5 -6 -7
leaf_value=-0.012369825629876598 -0.0028061991810837913 -0.027118711329470316 0.018866059230267025 0.049044474936046439 0.006933198303575739 0.019996885838217422
leaf_weight=401.40949030220509 3183.7738598138094 1714.0454774945974 1604.5330978035927 387.54524010419846 282.75962905585766 575.27887488901615
leaf_count=415 14575 10251 1647 317 1541 2325
internal_value=0.000321637 -0.00728499 0.0185911 0.0248452 -0.0222915 0.000705473
internal_weight=8149.35 5755.86 2393.49 1992.08 1996.81 3759.05
internal_count=31071 28692 2379 1964 11792 16900
is_linear=0
shrinkage=0.05


Tree=29
num_leaves=7
num_cat=0
split_feature=37 15 21 2 2 21
split_gain=379.536 266.218 166.052 132.59 104.085 100.186
threshold=0.25833333333333336 114.50000000000001 0.6002056202878685 4618.5000000000009 5614.0000000000009 0.95920722135007852
decision_type=2 8 10 10 10 10
left_child=-1 2 -2 -3 -5 -4
right_child=1 3 5 4 -6 -7
leaf_value=-0.024822674716292899 0.0037639725714795924 0.036049121225906436 -0.023189422302761328 -0.038362605791762289 0.013951721660324563 0.014611194848656209
leaf_weight=1315.688671246171 3541.9035996049643 772.79253369569778 1086.1129669994116 99.349391654133797 1086.1084341257811 205.29261863231659
leaf_count=6766 13443 1912 4908 224 3088 767
internal_value=-0.000296313 0.0044698 -0.00183519 0.0199967 0.00942472 -0.0171471
internal_weight=8107.25 6791.56 4833.31 1958.25 1185.46 1291.41
internal_count=31108 24342 19118 5224 3312 5675
is_linear=0
shrinkage=0.05


Tree=30
num_leaves=7
num_cat=0
split_feature=34 15 27 21 8 30
split_gain=344.517 213.051 131.838 124.211 89.9689 89.943
threshold=5289.063472222223 150.50000000000003 2.5000000000000004 0.6002056202878685 1.0000000180025095e-35 2.5000000000000004
decision_type=8 8 2 10 10 2
left_child=1 2 3 4 -1 -3
right_child=-2 5 -4 -5 -6 -7
leaf_value=-0.012418608722278053 -0.024937139778245899 0.011662098227306641 0.059315531173563786 -0.015660525129662557 0.0061789069694613676 0.037664646735760358
leaf_weight=818.94764748215675 1242.2552563548088 1051.1304341256618 83.668483823537827 1279.2987811416388 3082.5926360189915 486.71618396043777
leaf_count=3467 7593 3187 34 5113 10838 731
internal_value=-0.000779376 0.00364742 -0.00114009 -0.00217267 0.00226432 0.0199871
internal_weight=8044.61 6802.35 5264.51 5180.84 3901.54 1537.85
internal_count=30963 23370 19452 19418 14305 3918
is_linear=0
shrinkage=0.05


Tree=31
num_leaves=7
num_cat=0
split_feature=37 35 4 12 12 36
split_gain=371.747 248.963 175.834 139.398 137.029 181.208
threshold=0.25833333333333336 205.22361111111113 2183.5000000000005 51.500000000000007 105.50000000000001 20.552777777777781
decision_type=2 8 8 10 10 10
left_child=-1 4 3 -3 -2 -6
right_child=1 2 -4 -5 5 -7
leaf_value=-0.02482528201472535 0.048104160810794515 -0.035580069998529994 0.0033765023962755271 0.025165960411296706 0.047480878026177203 -0.016791200826010141
leaf_weight=1321.8621119558811 445.76768757402897 512.91933879256248 5189.7491056770086 111.72181232273579 177.53876927495003 270.30250754952431
leaf_count=6860 406 2985 19830 510 209 337
internal_value=-0.000642399 0.00413796 0.000352252 -0.0246016 0.0286312 0.00893126
internal_weight=8029.86 6708 5814.39 624.641 893.609 447.841
internal_count=31137 24277 23325 3495 952 546
is_linear=0
shrinkage=0.05


Tree=32
num_leaves=7
num_cat=0
split_feature=35 4 2 24 12 35
split_gain=391.584 234.223 142.074 137.045 110.686 106.949
threshold=1187.8637500000002 2364.5000000000005 2606.5000000000005 706.50000000000011 32.500000000000007 15925.140833333337
decision_type=8 8 10 8 10 10
left_child=2 4 -1 5 -2 -3
right_child=1 3 -4 -5 -6 -7
leaf_value=0.029752794501248948 -0.04341119431769519 -0.0045190503279350386 0.0066018137651112753 0.020485020419521421 -0.00080037515778830107 -0.045481598664401164
leaf_weight=1089.6244108229876 586.34578262269497 3817.2630279958248 1689.3066273182631 540.6439154446125 205.57441349327564 161.40471015870571
leaf_count=2377 3716 17516 3715 1820 1114 1075
internal_value=0.000525035 -0.00743071 0.0157165 -0.00302009 -0.0324243 -0.0062358
internal_weight=8090.16 5311.23 2778.93 4519.31 791.92 3978.67
internal_count=31333 25241 6092 20411 4830 18591
is_linear=0
shrinkage=0.05


Tree=33
num_leaves=7
num_cat=0
split_feature=37 29 21 36 21 4
split_gain=340.915 171.484 158.987 148.509 119.214 98.4658
threshold=0.25833333333333336 2.5000000000000004 0.06277844413982181 5397.7402777777779 0.46963109354413707 146716.50000000003
decision_type=2 2 10 8 10 10
left_child=-1 2 -2 -4 -5 -6
right_child=1 -3 3 4 5 -7
leaf_value=-0.02394893220273113 0.079660630969759227 0.036918076544215091 0.0053034943403280771 0.0054305995182950036 -0.032207164757649863 0.031467588507668433
leaf_weight=1266.7790570259094 60.767136633396149 374.97864705324173 5019.2459152787924 472.3443650752306 676.80666548013687 62.697933301329613
leaf_count=6810 127 342 16938 2358 4185 264
internal_value=-0.000224354 0.00429817 0.00232633 0.00150889 -0.0141649 -0.0266335
internal_weight=7933.62 6666.84 6291.86 6231.09 1211.85 739.505
internal_count=31024 24214 23872 23745 6807 4449
is_linear=0
shrinkage=0.05


Tree=34
num_leaves=7
num_cat=0
split_feature=37 29 34 19 24 14
split_gain=282.888 177.14 157.618 142.678 111.701 99.1099
threshold=0.25833333333333336 4.5000000000000009 6301.748611111112 4.5000000000000009 27.500000000000004 38.500000000000007
decision_type=2 2 8 10 10 10
left_child=4 2 5 -4 -1 -2
right_child=1 -3 3 -5 -6 -7
leaf_value=-0.044302281588902759 0.0015083141267249439 0.057160840461413322 0.008620363872260688 -0.035278318160288806 -0.011568984925771639 0.01540965383107868
leaf_weight=367.03844010829926 3879.1310058236122 151.22085817158222 303.48340164124966 462.98207449913025 889.20302020013332 1911.1220107972622
leaf_count=2388 14018 109 1893 2879 4444 5289
internal_value=0.000456437 0.00453819 0.0032819 -0.0179533 -0.0212704 0.00610591
internal_weight=7964.18 6707.94 6556.72 766.465 1256.24 5790.25
internal_count=31020 24188 24079 4772 6832 19307
is_linear=0
shrinkage=0.05


Tree=35
num_leaves=7
num_cat=0
split_feature=15 21 28 11 23 22
split_gain=265.495 191.979 143.342 118.71 108.459 98.0918
threshold=114.50000000000001 0.6002056202878685 2.5000000000000004 174.50000000000003 12.99467867376177 1.13209853993926
decision_type=8 10 2 10 8 10
left_child=1 2 -1 -3 5 -2
right_child=4 3 -4 -5 -6 -7
leaf_value=-0.001642065255067356 0.024269179817426101 -0.030238808550006886 0.064000485058846687 -0.0015452696393264292 0.058365413660233005 0.0014131594426961879
leaf_weight=4273.3585914969444 869.69792266190052 1063.9685187265277 79.814000934362411 544.6986808180809 130.75514712929726 1014.6067634224892
leaf_count=17846 2490 5713 41 1916 192 3006
internal_value=-0.000523497 -0.00582737 -0.000366485 -0.020558 0.0151443 0.0119986
internal_weight=7976.9 5961.84 4353.17 1608.67 2015.06 1884.3
internal_count=31204 25516 17887 7629 5688 5496
is_linear=0
shrinkage=0.05


Tree=36
num_leaves=7
num_cat=0
split_feature=38 24 29 4 16 19
split_gain=274.688 195.395 133.398 113.771 122.514 114.459
threshold=1.0000000180025095e-35 13.500000000000002 2.5000000000000004 2039.5000000000002 42.500000000000007 6.5000000000000009
decision_type=2 10 2 10 10 10
left_child=1 -1 -2 -3 5 -5
right_child=2 3 -4 4 -6 -7
leaf_value=-0.027876549203616902 0.010674479634299544 -0.02556581494959442 0.043632562852758662 0.031973898388688353 -0.0017204089366044514 -0.029836609069081338
leaf_weight=770.62096986919641 1756.6282603591681 422.63379326462746 368.65016758441925 494.15832827240229 3996.652927197516 84.054860219359398
leaf_count=4993 1446 2671 199 2643 18665 467
internal_value=0.0011359 -0.00452718 0.0164804 -0.000902417 0.00140145 0.0228097
internal_weight=7893.4 5768.12 2125.28 4997.5 4574.87 578.213
internal_count=31084 29439 1645 24446 21775 3110
is_linear=0
shrinkage=0.05


Tree=37
num_leaves=7
num_cat=0
split_feature=30 4 12 2 15 4
split_gain=228.198 181.102 124.417 119.885 109.59 108.08
threshold=2.5000000000000004 2364.5000000000005 23.500000000000004 4981.5000000000009 1.0000000180025095e-35 1075.0000000000002
decision_type=2 8 10 10 8 10
left_child=1 2 -1 -2 -3 -4
right_child=3 4 5 -5 -6 -7
leaf_value=-0.040093080985327156 0.03841042766418061 -0.022836912538713516 0.027733719709882271 0.0036361725311242678 0.0016402529168753994 -0.030595814525136392
leaf_weight=519.12168089300394 526.7804906219244 493.51941668242216 161.64216364920139 466.35948346555233 5523.8828070759773 146.72167989611626
leaf_count=3451 914 2793 836 735 21572 750
internal_value=-0.000154291 -0.00340881 -0.0252666 0.0221811 -0.000384544 -6.52319e-05
internal_weight=7838.03 6844.89 827.486 993.14 6017.4 308.364
internal_count=31051 29402 5037 1649 24365 1586
is_linear=0
shrinkage=0.05


Tree=38
num_leaves=7
num_cat=0
split_feature=34 37 16 24 22 35
split_gain=228.999 208.299 149.367 101.558 169.323 101.096
threshold=5507.9051388888902 0.37797619047619052 958.50000000000011 81.500000000000014 6.1578001033898904 30.675000000000004
decision_type=8 2 8 10 10 8
left_child=1 5 3 4 -3 -1
right_child=-2 2 -4 -5 -6 -7
leaf_value=0.052616394582075968 -0.020882429686403109 -0.0126213907009055 0.028677219384421661 0.010186299624768061 0.043627816986570887 -0.013377909916105272
leaf_weight=55.188771456480026 1122.9772460535169 1200.85353513062 780.45851324498653 2908.7000354379416 145.56843915581703 1733.4885497540236
leaf_count=21 7449 4514 1901 8678 267 8372
internal_value=-1.14837e-05 0.00343574 0.00864067 0.0049363 -0.00640109 -0.0112007
internal_weight=7947.24 6824.26 5035.58 4255.12 1346.42 1788.68
internal_count=31202 23753 15360 13459 4781 8393
is_linear=0
shrinkage=0.05


Tree=39
num_leaves=7
num_cat=0
split_feature=37 34 4 12 23 2
split_gain=223.482 144.008 100.703 130.143 95.0635 93.776
threshold=0.25833333333333336 14.850416666666669 2039.5000000000002 51.500000000000007 1.5825191150864963 2606.5000000000005
decision_type=2 8 10 10 8 10
left_child=-1 4 3 -3 5 -2
right_child=1 2 -4 -5 -6 -7
leaf_value=-0.019433556864694144 0.024850130572365806 -0.033945764771681979 0.0017812526313472875 0.031038425492018268 0.031378054014791074 -0.0035861741641551857
leaf_weight=1211.1024468243122 469.29919010400772 406.10108413547277 4278.2864228338003 90.666992172598839 632.06157627701759 743.10939003527164
leaf_count=6826 222 2838 19971 485 319 363
internal_value=0.000268508 0.00388513 -0.00070212 -0.0218942 0.0157306 0.00747781
internal_weight=7830.63 6619.52 4775.05 496.768 1844.47 1212.41
internal_count=31024 24198 23294 3323 904 585
is_linear=0
shrinkage=0.05


Tree=40
num_leaves=7
num_cat=0
split_feature=37 23 34 24 37 16
split_gain=194.807 120.732 151.368 109.855 112.207 104.054
threshold=0.25833333333333336 5.0353701788701182 6301.748611111112 88.500000000000014 0.19090909090909094 958.50000000000011
decision_type=2 8 8 10 2 10
left_child=3 2 5 4 -1 -2
right_child=1 -3 -4 -5 -6 -7
leaf_value=-0.004174398306578851 0.00042640371662800499 0.024803794205982485 -0.024446987775233242 0.0011723829236546732 -0.044433522978973801 0.021489456030288834
leaf_weight=264.59658616781235 4837.3942837715149 551.86114446818829 548.65677526593208 417.88833430409431 501.55938182771206 662.25521747767925
leaf_count=1529 16785 1936 3729 1944 3302 1746
internal_value=-0.000828972 0.00252542 0.000473878 -0.0194592 -0.030647 0.00297998
internal_weight=7784.21 6600.17 6048.31 1184.04 766.156 5499.65
internal_count=30971 24196 22260 6775 4831 18531
is_linear=0
shrinkage=0.05


Tree=41
num_leaves=7
num_cat=0
split_feature=34 29 21 19 36 20
split_gain=199.668 153.827 113.601 105.577 108.873 101.409
threshold=5507.9051388888902 2.5000000000000004 0.06277844413982181 4.5000000000000009 3634.8136111111112 0.62639354663282887
decision_type=8 2 10 10 10 10
left_child=1 2 -1 4 5 -2
right_child=3 -3 -4 -5 -6 -7
leaf_value=0.070837278446071225 0.027629419059952861 0.034220499316920922 0.00083947129625743455 -0.034203144713810738 -0.034695507644335336 -0.035823931108747833
leaf_weight=53.511416971683502 267.67506726831198 375.93617337942123 6209.2127608731389 578.26113687455654 175.5745811611414 77.228377684950829
leaf_count=91 1682 368 23198 3920 1381 558
internal_value=9.95669e-05 0.00337122 0.0014936 -0.0195937 -0.00319141 0.0131125
internal_weight=7737.4 6638.66 6262.72 1098.74 520.478 344.903
internal_count=31198 23657 23289 7541 3621 2240
is_linear=0
shrinkage=0.05


Tree=42
num_leaves=7
num_cat=0
split_feature=37 34 21 2 12 22
split_gain=207.861 179.517 123.469 131.918 97.8561 75.9544
threshold=0.37797619047619052 37.387361111111119 0.49277845655650593 915.50000000000011 816.50000000000011 1.1510607487193443
decision_type=2 8 10 10 10 10
left_child=-1 4 -3 -4 -2 -5
right_child=1 2 3 5 -6 -7
leaf_value=-0.012536244690969551 0.026820616831923622 0.0072504142631400169 -0.039979395776106409 0.0093331698607085015 -5.0227828927606133e-05 -0.014990481633948942
leaf_weight=2125.1632722765207 1222.1986494213343 2328.2572823911905 306.75979302823544 595.18225103616714 468.01195833086967 685.37369956821203
leaf_count=11158 776 10496 2170 2829 304 3296
internal_value=0.000761626 0.00580955 -7.50701e-05 -0.010809 0.019402 -0.0036929
internal_weight=7730.95 5605.78 3915.57 1587.32 1690.21 1280.56
internal_count=31029 19871 18791 8295 1080 6125
is_linear=0
shrinkage=0.05


Tree=43
num_leaves=7
num_cat=0
split_feature=15 22 27 24 34 25
split_gain=187.832 147.893 128.194 127.388 84.1154 101.881
threshold=1.0000000180025095e-35 35.665644235385699 2.5000000000000004 872.50000000000011 9445.7581944444464 0.85685810547635743
decision_type=8 8 2 10 8 10
left_child=-1 2 3 4 5 -2
right_child=1 -3 -4 -5 -6 -7
leaf_value=-0.025148544283066589 0.0020794825094260999 0.059233864213387388 0.060877679828739401 0.020278996875391551 -0.021030168733118484 -0.025224512004092609
leaf_weight=659.34244101494551 5276.221241414547 108.65529641509056 85.430112987756729 754.01410682499409 497.78063790500164 360.28260164707899
leaf_count=4228 19357 262 45 2254 3394 1529
internal_value=0.000273249 0.00265599 0.00173266 0.00095551 -0.00143428 0.000313415
internal_weight=7741.73 7082.38 6973.73 6888.3 6134.28 5636.5
internal_count=31069 26841 26579 26534 24280 20886
is_linear=0
shrinkage=0.05


Tree=44
num_leaves=7
num_cat=0
split_feature=36 4 21 35 10 34
split_gain=203.786 130.97 138.049 128.045 129.046 120.459
threshold=2701.1322222222229 138948.50000000003 0.6250428375599727 3438.5484722222222 109.50000000000001 14.850416666666669
decision_type=8 10 10 8 10 10
left_child=5 2 3 -2 -5 -1
right_child=1 -3 -4 4 -6 -7
leaf_value=0.016835111259804039 -0.066052226167382655 0.030713458617957046 -0.034170792353435168 -0.006814123637058217 0.058410725559766091 0.00077470884794282613
leaf_weight=1714.3090823590755 81.116131529211998 164.98521615564823 648.84121922403574 1406.0364216789603 75.154455870389938 3639.4883583933115
leaf_count=847 149 695 4443 8265 314 16349
internal_value=0.000520429 -0.011651 -0.0148742 -0.00677676 -0.00331929 0.00592823
internal_weight=7729.93 2376.13 2211.15 1562.31 1481.19 5353.8
internal_count=31062 13866 13171 8728 8579 17196
is_linear=0
shrinkage=0.05


Tree=45
num_leaves=7
num_cat=0
split_feature=15 22 24 36 36 8
split_gain=167.081 122.167 110.468 110.937 108.394 176.829
threshold=1.0000000180025095e-35 24.457002346748819 14.500000000000002 5118.1291666666675 3806.3420833333334 1.5000000000000002
decision_type=8 8 10 10 10 10
left_child=-1 2 -2 4 -4 -6
right_child=1 -3 3 -5 5 -7
leaf_value=-0.024909975177861823 -0.0203600716811113 0.048514274356272709 0.0033913843975221509 -0.019935458232724381 -0.029756694017871944 0.079328789073805805
leaf_weight=640.43795897066593 564.33481081575155 131.46911086142063 5710.7800249233842 497.07916040718555 51.840876616537571 109.21806857734919
leaf_count=4221 3152 372 19714 2974 324 353
internal_value=-0.000558254 0.00166536 0.000742682 0.00262705 0.00455241 0.0443781
internal_weight=7705.16 7064.72 6933.25 6368.92 5871.84 161.059
internal_count=31110 26889 26517 23365 20391 677
is_linear=0
shrinkage=0.05


Tree=46
num_leaves=7
num_cat=0
split_feature=15 28 24 24 22 24
split_gain=150.131 113.377 97.3456 106.288 73.3418 74.8573
threshold=1.0000000180025095e-35 2.5000000000000004 872.50000000000011 1098.5000000000002 35.665644235385699 14.500000000000002
decision_type=10 2 10 10 10 10
left_child=-1 2 4 -4 5 -2
right_child=1 -3 3 -5 -6 -7
leaf_value=-0.023623048051715053 -0.019568649132085447 0.036334497598031458 0.039391206755634907 0.0015843347041523991 0.045070245153689681 -0.00054842024574218646
leaf_weight=640.86625880002975 567.42045025527477 221.92973150312901 311.43490675091743 451.72374624013901 77.575271241366863 5375.5915632918477
leaf_count=4269 3209 159 903 1349 245 20929
internal_value=-0.000555996 0.00156948 0.00040622 0.0171688 -0.00173106 -0.00237934
internal_weight=7646.54 7005.68 6783.75 763.159 6020.59 5943.01
internal_count=31063 26794 26635 2252 24383 24138
is_linear=0
shrinkage=0.05


Tree=47
num_leaves=7
num_cat=0
split_feature=15 15 4 8 36 36
split_gain=157.812 104.721 84.094 173.054 73.672 72.5556
threshold=143.50000000000003 1.0000000180025095e-35 253336.00000000003 33.500000000000007 1.7748611111111112 5118.1291666666675
decision_type=8 10 10 10 8 10
left_child=1 -1 -2 -4 -3 -6
right_child=2 4 3 -5 5 -7
leaf_value=-0.021824521504181127 0.019431383377726742 -0.030515680758804831 0.041867609189998253 -0.050010356945891191 0.0025926392636155663 -0.017430656907049456
leaf_weight=634.16448962688446 1382.9324842169881 191.16818504035473 79.180961444973946 126.81517791748047 4759.4190219119191 494.89309509843588
leaf_count=4235 3841 752 216 454 18585 3085
internal_value=0.000991073 -0.00267833 0.0149955 -0.014539 -0.00043065 0.000691907
internal_weight=7668.57 6079.64 1588.93 205.996 5445.48 5254.31
internal_count=31168 26657 4511 670 22422 21670
is_linear=0
shrinkage=0.05


Tree=48
num_leaves=7
num_cat=0
split_feature=35 22 24 37 8 21
split_gain=146.647 124.963 124.341 114.646 130.687 166.252
threshold=15925.140833333337 35.665644235385699 28.500000000000004 0.73385416666666681 12.500000000000002 0.37936578334626903
decision_type=10 8 10 2 10 8
left_child=1 2 -1 4 5 -4
right_child=-2 -3 3 -5 -6 -7
leaf_value=-0.013090177470112522 -0.046329425169471444 0.050705910302790959 -0.007000370495264481 0.015973573044101529 -0.0072448826023905413 0.023916184570433336
leaf_weight=1453.3469375818968 163.59674678742886 118.48630268871784 782.18805299699306 1351.1568949222565 2817.0570641756058 969.14158723503351
leaf_count=8175 1416 309 3282 3766 10226 3930
internal_value=-0.000213471 0.000823839 -1.1613e-05 0.00320773 -0.000581261 0.0101275
internal_weight=7654.97 7491.38 7372.89 5919.54 4568.39 1751.33
internal_count=31104 29688 29379 21204 17438 7212
is_linear=0
shrinkage=0.05


Tree=49
num_leaves=7
num_cat=0
split_feature=21 38 15 23 21 36
split_gain=142.697 128.1 105.494 87.848 81.632 70.016
threshold=0.6002056202878685 1.0000000180025095e-35 140.50000000000003 1.034571996991797 0.95920722135007852 1414.2820833333335
decision_type=10 2 10 8 10 10
left_child=1 -1 4 -3 -2 -4
right_child=2 3 5 -5 -6 -7
leaf_value=-0.00043813192020156211 -0.022585719783371823 0.0050425905583004575 -0.0018193217552563712 0.029891043319313582 0.0093286912840772652 0.03982366410667347
leaf_weight=3963.0681836381555 1341.6028432250023 741.40407103300095 550.08989883214235 683.08331727981567 232.54866880178452 118.51567191630602
leaf_count=20113 6988 515 1620 529 994 440
internal_value=-0.000222154 0.00418963 -0.0108059 0.017021 -0.0178564 0.00580304
internal_weight=7630.31 5387.56 2242.76 1424.49 1574.15 668.606
internal_count=31199 21157 10042 1044 7982 2060
is_linear=0
shrinkage=0.05


Tree=50
num_leaves=7
num_cat=0
split_feature=15 21 11 21 30 4
split_gain=122.305 104.086 100.805 76.0385 71.1854 76.6385
threshold=116.50000000000001 0.6002056202878685 174.50000000000003 0.06277844413982181 2.5000000000000004 42818.500000000007
decision_type=8 10 10 10 2 10
left_child=1 3 -3 -1 -2 -6
right_child=4 2 -4 -5 5 -7
leaf_value=0.056864204221525994 0.0053125235719948668 -0.024192536980235112 0.0030726326631162148 -8.2120261828449458e-05 0.043781141292527914 0.0056918457001934345
leaf_weight=54.46151764690876 1436.9514460191131 964.16083268076181 519.79712457209826 4138.5038569197059 290.18161887675524 242.05807603895664
leaf_count=156 4723 5719 1911 17699 473 434
internal_value=0.00041785 -0.0033075 -0.0146639 0.000724391 0.0111387 0.0266726
internal_weight=7646.11 5676.92 1483.96 4192.97 1969.19 532.24
internal_count=31115 25485 7630 17855 5630 907
is_linear=0
shrinkage=0.05


Tree=51
num_leaves=7
num_cat=0
split_feature=36 27 19 8 15 4
split_gain=111.229 83.7662 80.2256 118.678 78.3315 99.784
threshold=5118.1291666666675 2.5000000000000004 13.500000000000002 9.5000000000000018 1.0000000180025095e-35 134456.00000000003
decision_type=10 2 10 10 10 10
left_child=1 4 3 -2 5 -1
right_child=2 -3 -4 -5 -6 -7
leaf_value=-0.024505132979608546 -0.020062956284080266 0.050186523059500943 -0.044151121132290305 0.050442597658670707 0.0019332923868540287 0.053304144052772534
leaf_weight=484.52481733262539 312.96365696191788 80.488499633967876 230.10375941544771 68.548766814172268 6307.6568697616458 40.309932559728622
leaf_count=3343 2178 47 1509 407 23478 169
internal_value=-0.000814848 0.000999413 -0.0211629 -0.00690612 0.0003837 -0.0180824
internal_weight=7524.6 6912.98 611.616 381.512 6832.49 524.835
internal_count=31131 27037 4094 2585 26990 3512
is_linear=0
shrinkage=0.05


Tree=52
num_leaves=7
num_cat=0
split_feature=35 35 24 37 18 8
split_gain=138.848 101.849 88.4334 91.9558 83.658 128.036
threshold=15925.140833333337 14.189861111111112 872.50000000000011 0.93933823529411775 29.500000000000004 15.500000000000002
decision_type=10 8 8 2 10 10
left_child=1 -1 3 4 5 -3
right_child=-2 2 -4 -5 -6 -7
leaf_value=0.034129495933744834 -0.047214857759430184 0.0024418835905233739 0.016072605806681652 0.062726187792165641 0.012060896699911564 -0.012640931309504666
leaf_weight=216.92605174332857 148.89890156686306 2905.0970736071467 739.11161895096302 49.220172107219696 834.76980274915695 2721.1457070112228
leaf_count=107 1375 13837 2282 112 2296 11065
internal_value=-0.000204428 0.000764065 -0.000257182 -0.00212203 -0.00266417 -0.0048577
internal_weight=7615.17 7466.27 7249.34 6510.23 6461.01 5626.24
internal_count=31074 29699 29592 27310 27198 24902
is_linear=0
shrinkage=0.05


Tree=53
num_leaves=7
num_cat=0
split_feature=15 21 12 22 23 35
split_gain=103.135 87.1659 91.5263 81.3829 66.908 71.6644
threshold=150.50000000000003 0.6002056202878685 462.50000000000006 1.1981376248461453 1.5643133775432869 5867.8741666666674
decision_type=8 8 10 8 10 10
left_child=1 4 -3 -4 -1 -6
right_child=-2 2 3 -5 5 -7
leaf_value=-0.0032662161902014125 0.011459788237784431 -0.021544280312725636 0.020617264259236278 -0.019289878660857056 0.014215170822352961 -0.032440536985828848
leaf_weight=3272.7244235873222 1489.3256718963385 1071.872141033411 301.85033230483532 214.03051392734051 1074.0611174553633 84.409278899431229
leaf_count=13923 4323 6273 994 923 4098 581
internal_value=-0.000298357 -0.00321488 -0.0132469 0.00403421 0.000390604 0.0106909
internal_weight=7508.27 6018.95 1587.75 515.881 4431.19 1158.47
internal_count=31115 26792 8190 1917 18602 4679
is_linear=0
shrinkage=0.05


Tree=54
num_leaves=7
num_cat=0
split_feature=37 24 31 36 34 27
split_gain=149.555 80.7467 83.036 77.5168 96.1759 72.8594
threshold=0.25833333333333336 27.500000000000004 1.5000000000000002 4917.4005555555568 3901.3283333333338 1.5000000000000002
decision_type=2 10 2 10 10 2
left_child=1 -1 3 4 -3 -2
right_child=5 2 -4 -5 -6 -7
leaf_value=-0.03929429694274246 0.0018306570529577782 -0.0009522804576466503 -0.070946420474774174 -0.024588165255870001 0.065563008435338951 0.03184269202353248
leaf_weight=291.93782731890678 6178.0392664074898 435.86235605180264 45.701183557510376 303.15266766399145 57.064838424324989 204.10972475260496
leaf_count=2356 24129 1919 14 2207 333 126
internal_value=-0.000161546 -0.0168546 -0.00888617 -0.00490285 0.00732905 0.00281466
internal_weight=7515.87 1133.72 841.781 796.08 492.927 6382.15
internal_count=31084 6829 4473 4459 2252 24255
is_linear=0
shrinkage=0.05


Tree=55
num_leaves=7
num_cat=0
split_feature=37 24 23 29 8 0
split_gain=125.896 88.8203 108.782 96.8991 94.1068 117.513
threshold=0.25833333333333336 872.50000000000011 0.54311328032006434 2.5000000000000004 13.500000000000002 64.500000000000014
decision_type=2 8 10 2 10 10
left_child=-1 3 -3 4 5 -2
right_child=1 2 -4 -5 -6 -7
leaf_value=-0.015714453554777182 0.0024328501090205776 0.051144665283240624 0.0075329819836310432 0.027024830972460182 -0.006645934258927364 0.037625945135841721
leaf_weight=1102.069338992238 1903.5697352215648 186.91756246984005 569.90795719623566 317.15854956954718 3204.7976906746626 266.1051127910614
leaf_count=6783 8608 536 1759 345 12234 805
internal_value=-0.000136673 0.00253575 0.018569 0.000389358 -0.00120611 0.00682578
internal_weight=7550.53 6448.46 756.826 5691.63 5374.47 2169.67
internal_count=31070 24287 2295 21992 21647 9413
is_linear=0
shrinkage=0.05


Tree=56
num_leaves=7
num_cat=0
split_feature=29 4 35 16 20 23
split_gain=136.921 120.708 77.3957 85.7472 113.535 82.551
threshold=2.5000000000000004 2364.5000000000005 15925.140833333337 44.500000000000007 0.73653699466056455 0.73664990587675838
decision_type=2 8 10 10 10 10
left_child=1 -1 3 4 5 -3
right_child=-2 2 -4 -5 -6 -7
leaf_value=-0.019336356417638964 0.032274510181837981 0.045151303369044805 -0.039817589316397284 1.5526833035817715e-05 -0.037236502029828887 0.011629786571439841
leaf_weight=749.59939234703779 330.23199596256018 255.02675416320562 104.82124323397875 5342.6847605183721 86.529105603694916 644.3387121707201
leaf_count=5047 373 1003 1050 19939 723 2959
internal_value=0.00104046 -0.000416944 0.00180079 0.00252101 0.01603 0.0213323
internal_weight=7513.23 7183 6433.4 6328.58 985.895 899.365
internal_count=31094 30721 25674 24624 4685 3962
is_linear=0
shrinkage=0.05


Tree=57
num_leaves=7
num_cat=0
split_feature=28 4 36 12 34 35
split_gain=109.824 99.3776 93.8095 83.7443 83.8866 93.0387
threshold=2.5000000000000004 2364.5000000000005 133.43680555555559 23.500000000000004 1934.0211111111114 7162.311111111112
decision_type=2 8 8 10 10 10
left_child=1 2 -1 -4 -5 -6
right_child=-2 -3 3 4 5 -7
leaf_value=0.044206724364559712 0.037635354479487522 0.0018796995926331464 -0.035057474177371976 -0.0163842463974039 0.091378102362855013 -0.019825188603956958
leaf_weight=53.367948159575462 192.88400372862816 6584.1483756005764 446.63040838390589 199.54439274221659 39.756268553435802 29.856306329369545
leaf_count=190 155 25941 3426 1023 255 255
internal_value=0.000877702 -0.000111404 -0.0170578 -0.0219005 0.000172909 0.0455514
internal_weight=7546.19 7353.3 769.155 715.787 269.157 69.6126
internal_count=31245 31090 5149 4959 1533 510
is_linear=0
shrinkage=0.05


Tree=58
num_leaves=7
num_cat=0
split_feature=29 24 23 36 36 8
split_gain=90.6714 85.3571 117.04 78.7455 76.3668 72.7358
threshold=4.5000000000000009 14.500000000000002 8.6504657122865201 1.7748611111111112 5.0402777777777787 14.500000000000002
decision_type=2 8 10 8 8 10
left_child=1 2 -1 -3 -5 -6
right_child=-2 3 -4 4 5 -7
leaf_value=-0.024292822928821216 0.043822554372795232 -0.029638702554942761 0.025429094622854198 0.043375069572176662 0.0077657591760064652 -0.0033472021481414393
leaf_weight=717.18573485314846 107.60281264036894 204.11871641874313 137.30547175556421 102.26515186578035 2352.7441776394844 3916.3787119537592
leaf_count=4989 114 835 564 265 10430 14025
internal_value=-0.000709574 -0.00138353 -0.0162017 0.000552944 0.00154267 0.000826255
internal_weight=7537.6 7430 854.491 6575.51 6371.39 6269.12
internal_count=31222 31108 5553 25555 24720 24455
is_linear=0
shrinkage=0.05


Tree=59
num_leaves=7
num_cat=0
split_feature=37 15 36 3 36 40
split_gain=97.1129 66.5185 65.19 109.23 117.065 123.69
threshold=0.25833333333333336 1568.0000000000002 40.326250000000009 42235.500000000007 26.900138888888893 10.500000000000002
decision_type=2 8 10 10 10 2
left_child=-1 2 3 4 5 -2
right_child=1 -3 -4 -5 -6 -7
leaf_value=-0.01393947636460012 0.043214828780583768 0.045452135580164289 0.0048622744777160071 0.030310085687789829 -0.061091355267476756 -0.010618899990557798
leaf_weight=1089.8077793195844 110.02049028873444 82.572677358984947 4456.6766915023327 179.72711541503668 100.98575012385845 1485.3251326531172
leaf_count=6834 40 173 15338 605 345 7690
internal_value=-0.000175434 0.00217178 0.00157204 -0.00623624 -0.010186 -0.00678292
internal_weight=7505.12 6415.31 6332.74 1876.06 1696.33 1595.35
internal_count=31025 24191 24018 8680 8075 7730
is_linear=0
shrinkage=0.05


Tree=60
num_leaves=7
num_cat=0
split_feature=35 21 27 12 21 19
split_gain=91.0452 74.7146 65.272 73.8336 74.8367 83.6917
threshold=15925.140833333337 0.06277844413982181 2.5000000000000004 5565.5000000000009 0.6002056202878685 247.50000000000003
decision_type=10 10 2 10 10 10
left_child=1 -1 3 4 -3 -6
right_child=-2 2 -4 -5 5 -7
leaf_value=0.057474459138025673 -0.040030493578754975 0.0022396219945136466 0.046316007293291266 0.02388237251144576 -0.011262861992910808 0.037625048208045783
leaf_weight=52.867938980460167 133.51911855489016 4927.2529361248016 71.717275708913803 303.73836992681026 1966.833164550364 86.799440875649452
leaf_count=129 1401 19325 48 929 8994 202
internal_value=0.000132416 0.000882687 0.000437216 -4.592e-05 -0.00110339 -0.00911019
internal_weight=7542.73 7409.21 7356.34 7284.62 6980.89 2053.63
internal_count=31028 29627 29498 29450 28521 9196
is_linear=0
shrinkage=0.05


Tree=61
num_leaves=7
num_cat=0
split_feature=37 21 35 19 36 24
split_gain=101.161 71.109 66.9779 123.141 80.8795 61.562
threshold=0.25833333333333336 0.081574453837783556 9116.8369444444452 13.500000000000002 5397.7402777777779 27.500000000000004
decision_type=2 10 10 10 10 10
left_child=5 -2 4 -4 -3 -1
right_child=1 2 3 -5 -6 -7
leaf_value=-0.034115008911286077 0.050565858850741253 0.0019457641536592424 0.07035036591481475 -0.019767683857841879 -0.040124419127590398 -0.0068861436533842304
leaf_weight=275.49452692270279 71.190334267914295 6105.118711784482 89.169255569577217 60.457883477210999 111.42372288554907 813.14516895264387
leaf_count=2403 225 22559 514 431 564 4413
internal_value=0.000159076 0.0025458 0.00196955 0.0344758 0.00116007 -0.0139012
internal_weight=7526 6437.36 6366.17 149.627 6216.54 1088.64
internal_count=31109 24293 24068 945 23123 6816
is_linear=0
shrinkage=0.05


Tree=62
num_leaves=7
num_cat=0
split_feature=27 15 36 36 36 8
split_gain=90.4918 82.4549 86.9676 65.2642 79.192 146.761
threshold=2.5000000000000004 1.0000000180025095e-35 1.7748611111111112 5118.1291666666675 3806.3420833333334 1.5000000000000002
decision_type=2 8 8 10 10 10
left_child=1 -1 -3 4 -4 -6
right_child=-2 2 3 -5 5 -7
leaf_value=-0.018283420403071668 0.054926796625603139 -0.030423260911399543 0.002687016777413757 -0.015124487907153851 -0.02858245505129145 0.069126715500628891
leaf_weight=583.38235549628735 69.855208456516266 205.38119717687368 5941.4177281036973 495.74845055490732 54.014192767441273 111.20388067513704
leaf_count=4199 47 813 21944 3345 361 390
internal_value=0.000228237 -0.000325513 0.00122566 0.00223244 0.00365273 0.0372817
internal_weight=7461 7391.15 6807.77 6602.38 6106.64 165.218
internal_count=31099 31052 26853 26040 22695 751
is_linear=0
shrinkage=0.05


Tree=63
num_leaves=7
num_cat=0
split_feature=27 14 22 35 8 25
split_gain=89.5014 83.3525 70.6456 63.7449 54.8891 98.9997
threshold=2.5000000000000004 19.500000000000004 35.665644235385699 15925.140833333337 15.500000000000002 0.84356132611216739
decision_type=2 8 8 10 10 10
left_child=1 3 -3 4 5 -1
right_child=-2 2 -4 -5 -6 -7
leaf_value=0.0044723668582673072 0.055191727152843886 0.0038835719928885545 0.053012014435772248 -0.042861434030672253 -0.011151133329283325 -0.02457757302517918
leaf_weight=2049.5156568363309 65.988201327621937 2991.1988548859954 70.06261482834816 107.34276834130287 1843.179083570838 337.11849138140678
leaf_count=10307 46 9939 132 1217 7859 1597
internal_value=-0.000684288 -0.0012196 0.00509258 -0.0056756 -0.00468242 0.000326181
internal_weight=7464.41 7398.42 3061.26 4337.16 4229.81 2386.63
internal_count=31097 31051 10071 20980 19763 11904
is_linear=0
shrinkage=0.05


Tree=64
num_leaves=7
num_cat=0
split_feature=23 34 4 24 27 31
split_gain=83.4102 103.532 89.8015 73.1868 72.8684 75.4361
threshold=5.6123587603356873 10765.585138888891 144121.00000000003 14.500000000000002 2.5000000000000004 1.5000000000000002
decision_type=8 8 10 10 2 2
left_child=1 3 -3 -1 5 -5
right_child=-2 2 -4 4 -6 -7
leaf_value=-0.018763203649890724 0.019316415017350586 -0.031552175883139834 0.059596488319712961 0.0014863616353697603 0.054581425039883252 -0.022128071653589241
leaf_weight=526.40645907819271 458.29192996770144 416.35152316838503 24.330664597451687 5505.8379235342145 56.878986522555351 355.30393952131271
leaf_count=3224 1785 3663 135 21944 40 114
internal_value=-0.00122103 -0.00260108 -0.0259076 -0.000988487 0.000607074 3.72079e-05
internal_weight=7343.4 6885.11 440.682 6444.43 5918.02 5861.14
internal_count=30905 29120 3798 25322 22098 22058
is_linear=0
shrinkage=0.05


Tree=65
num_leaves=7
num_cat=0
split_feature=37 21 28 36 3 34
split_gain=91.0724 78.2664 61.6896 70.5416 101.985 99.2649
threshold=0.25833333333333336 0.06277844413982181 2.5000000000000004 45.622083333333343 43542.500000000007 4469.8237500000005
decision_type=2 10 2 10 10 10
left_child=-1 -2 3 4 5 -3
right_child=1 2 -4 -5 -6 -7
leaf_value=-0.0136624533310385 0.058338303948251118 -0.014675963035323017 0.031984943588284749 0.0042777051637378199 0.028150297571311385 0.03479103788886511
leaf_weight=1050.7224322631955 56.474337764084339 1520.2250009477139 158.21061582118273 4358.9168915227056 176.20294010639191 103.94377864897251
leaf_count=6850 127 7460 153 15065 621 740
internal_value=-5.9569e-05 0.00219176 0.00164411 0.000839446 -0.00747379 -0.0114131
internal_weight=7424.7 6373.97 6317.5 6159.29 1800.37 1624.17
internal_count=31016 24166 24039 23886 8821 8200
is_linear=0
shrinkage=0.05


Tree=66
num_leaves=7
num_cat=0
split_feature=23 37 24 4 35 4
split_gain=98.5808 123.828 101.103 82.7519 84.4006 105.775
threshold=5.0353701788701182 0.56125000000000014 21.500000000000004 19294.500000000004 578.22166666666681 99652.500000000015
decision_type=10 2 10 10 10 10
left_child=1 -1 -3 -4 -5 -6
right_child=-2 2 3 4 5 -7
leaf_value=-0.0075269165118104636 0.020184176977496748 -0.025768868662571626 0.022324937717783745 -0.012442272867610342 -0.00051398746536114928 0.029063317507961667
leaf_weight=4027.0810808241367 542.59881103038788 225.98929646611214 784.26275637000799 597.4086999297142 836.14455378055573 468.27750269323587
leaf_count=20128 2051 1018 2245 1185 2831 1673
internal_value=-0.000240565 -0.00185103 0.00599752 0.00871303 0.00305604 0.0101745
internal_weight=7481.76 6939.16 2912.08 2686.09 1901.83 1304.42
internal_count=31131 29080 8952 7934 5689 4504
is_linear=0
shrinkage=0.05


Tree=67
num_leaves=7
num_cat=0
split_feature=37 0 31 21 10 16
split_gain=77.3401 82.6968 100.491 94.0685 98.6635 88.5068
threshold=0.94281045751633996 25.500000000000004 1.5000000000000002 0.65394327894327908 1.0000000180025095e-35 42.500000000000007
decision_type=2 10 2 10 10 10
left_child=1 2 3 4 -1 -3
right_child=-2 5 -4 -5 -6 -7
leaf_value=-0.0055488075401102302 0.060605970709068341 0.029788539773295455 -0.048900464227195531 -0.022150507642730577 0.018505580415290157 0.002445934880142134
leaf_weight=1791.890453889966 48.033322848379612 314.90296141803265 127.29575292766094 586.71730202436447 553.88128316402435 3973.9308337941766
leaf_count=9367 105 1396 42 4102 2323 13689
internal_value=0.000441988 7.79326e-06 -0.00626613 -0.00433534 0.000158171 0.00448589
internal_weight=7396.65 7348.62 3059.78 2932.49 2345.77 4288.83
internal_count=31024 30919 15834 15792 11690 15085
is_linear=0
shrinkage=0.05


Tree=68
num_leaves=7
num_cat=0
split_feature=14 12 3 3 12 23
split_gain=72.1679 81.9394 84.8059 65.985 63.9511 125.829
threshold=1.0000000180025095e-35 26.500000000000004 56760.000000000007 130.50000000000003 74.500000000000014 0.95863712021894576
decision_type=8 10 10 10 10 10
left_child=1 2 -1 -3 -2 -6
right_child=4 3 -4 -5 5 -7
leaf_value=-0.022454153618417457 0.0078752477152544392 0.05194076108164436 0.055253702338900139 -0.0011853003598200898 0.010100630883242083 -0.010741214591530782
leaf_weight=851.83533042669296 2884.9118279665709 61.034254677593708 31.945974506437778 507.00899090617895 1190.9937656149268 1831.1997667402029
leaf_count=5803 11755 269 115 2403 4077 6677
internal_value=0.000100615 -0.00986744 -0.0193502 0.0049263 0.0025568 -0.00252469
internal_weight=7358.93 1451.82 883.781 568.043 5907.11 3022.19
internal_count=31099 8590 5918 2672 22509 10754
is_linear=0
shrinkage=0.05


Tree=69
num_leaves=7
num_cat=0
split_feature=35 21 28 24 24 16
split_gain=72.1953 77.5123 66.3318 50.8788 81.6861 62.3583
threshold=15925.140833333337 0.06277844413982181 2.5000000000000004 872.50000000000011 1076.5000000000002 350.50000000000006
decision_type=10 10 2 10 10 10
left_child=1 -1 3 -3 -5 -6
right_child=-2 2 -4 4 5 -7
leaf_value=0.057022982635804222 -0.038413999450644901 -0.0025320084365494334 0.031121128215521585 0.032364925919666165 -0.022102447123468229 0.013973550875748104
leaf_weight=54.404430814087391 118.47358832508326 6297.3905341476202 158.88727670907974 279.36199486255646 204.03384354710579 275.59052634239197
leaf_count=123 1424 27075 153 841 624 783
internal_value=-0.000501682 0.000142152 -0.000325931 -0.00105555 0.0111311 -0.001443
internal_weight=7388.14 7269.67 7215.26 7056.38 758.986 479.624
internal_count=31023 29599 29476 29323 2248 1407
is_linear=0
shrinkage=0.05


Tree=70
num_leaves=7
num_cat=0
split_feature=37 37 23 36 2 19
split_gain=74.5318 62.7629 51.8835 69.6589 118.36 99.5662
threshold=0.25833333333333336 0.92724867724867732 5.0353701788701182 40.326250000000009 80256.500000000015 169.50000000000003
decision_type=2 2 8 10 10 10
left_child=-1 2 3 5 -5 -2
right_child=1 -3 -4 4 -6 -7
leaf_value=-0.012455830301545963 -0.0054517732524379785 0.05238582517292828 0.016798189713195334 0.0053179072474086866 -0.032540371657525172 -0.054889197469649313
leaf_weight=1022.1608455181122 1365.5853910818696 56.359941311180592 508.63151758909225 4103.9376285299659 212.42064224183559 105.22030004113913
leaf_count=6832 6758 145 1909 14344 761 312
internal_value=4.09666e-05 0.00206011 0.00156838 0.000216495 0.0034193 -0.00916247
internal_weight=7374.32 6352.16 6295.8 5787.16 4316.36 1470.81
internal_count=31061 24229 24084 22175 15105 7070
is_linear=0
shrinkage=0.05


Tree=71
num_leaves=7
num_cat=0
split_feature=23 37 36 36 4 36
split_gain=70.4817 87.6964 121.255 84.7408 117.035 84.9493
threshold=5.936436594464511 0.56904761904761914 5.0402777777777787 47.087083333333339 36901.500000000007 103.50402777777779
decision_type=8 2 10 10 10 10
left_child=1 -1 -3 4 -4 -5
right_child=-2 2 3 5 -6 -7
leaf_value=-0.0059138507908852262 0.019377684183179603 0.053762781281028509 0.016976971182381968 0.043366755400787667 -0.030436308362230265 0.0049776159991840319
leaf_weight=4163.6783565469086 433.52977065742016 119.22839711606503 195.96912641078234 150.29767256975174 367.83994941413403 2034.1934339180589
leaf_count=20760 1701 299 552 328 1244 6389
internal_value=-7.05959e-05 -0.00128265 0.00544047 0.0032503 -0.013952 0.00771187
internal_weight=7464.74 7031.21 2867.53 2748.3 563.809 2184.49
internal_count=31273 29572 8812 8513 1796 6717
is_linear=0
shrinkage=0.05


Tree=72
num_leaves=7
num_cat=0
split_feature=12 23 24 34 24 31
split_gain=73.7756 65.2841 82.7508 79.4364 62.0203 57.0821
threshold=30791.500000000004 5.0353701788701182 341.50000000000006 10765.585138888891 14.500000000000002 1.5000000000000002
decision_type=8 10 10 8 10 2
left_child=1 3 -3 4 -1 -6
right_child=-2 2 -4 -5 5 -7
leaf_value=-0.018182572187041623 0.036124024965403088 0.023553370906577324 -0.034988086868539763 -0.023919371265309484 0.0016110618055058584 -0.018786844110802114
leaf_weight=486.15478845313191 129.97766473144293 449.6103785187006 65.093097984790802 402.01947422325611 5426.5483726561069 361.09873189032078
leaf_count=3186 347 1773 230 3706 21435 118
internal_value=-0.000499934 -0.0011866 0.0158844 -0.00251367 -0.00112406 0.000323293
internal_weight=7320.5 7190.52 514.703 6675.82 6273.8 5787.65
internal_count=30795 30448 2003 28445 24739 21553
is_linear=0
shrinkage=0.05


Tree=73
num_leaves=7
num_cat=0
split_feature=16 31 19 35 4 23
split_gain=59.9713 110.072 100.045 139.682 117.824 81.9113
threshold=558.50000000000011 1.5000000000000002 13.500000000000002 2440.2983333333336 41151.000000000007 1.2059731417392985
decision_type=8 2 10 8 10 10
left_child=1 -1 5 4 -4 -2
right_child=2 -3 3 -5 -6 -7
leaf_value=-0.0001614772871117986 0.06077893071694479 -0.030958346180110258 0.030124018485472095 -0.027508572888911301 -0.0025241093561640653 0.0081335020864027972
leaf_weight=5349.8088584989309 147.59122423827648 301.77840626239777 472.26871019601822 287.98118348419666 654.78127505630255 146.70496633648872
leaf_count=25731 415 100 1168 1253 1863 559
internal_value=0.000651459 -0.00183185 0.00884348 0.00327626 0.0112291 0.0351098
internal_weight=7360.91 5651.59 1709.33 1415.03 1127.05 294.296
internal_count=31089 25831 5258 4284 3031 974
is_linear=0
shrinkage=0.05


Tree=74
num_leaves=7
num_cat=0
split_feature=36 36 12 36 4 24
split_gain=68.283 119.475 124.782 97.0249 62.4004 61.5721
threshold=9504.3365277777793 7084.3868055555567 53.500000000000007 5397.7402777777779 6368.5000000000009 28.500000000000004
decision_type=10 10 10 10 10 8
left_child=1 3 -3 5 -5 -1
right_child=-2 2 -4 4 -6 -7
leaf_value=-0.0076264139181080257 -0.036004075895919904 0.11814005930397996 0.0011532227678799792 0.032706689512413963 -0.037286095419110654 0.0040640905650509681
leaf_weight=1418.5029839538038 120.64541618525982 39.358905449509621 47.091870792210102 32.661772012710571 240.75829308480024 5392.0295405238867
leaf_count=8254 1116 216 254 302 1742 19139
internal_value=0.000537703 0.0011772 0.0579616 0.00044382 -0.0284878 0.00162537
internal_weight=7291.05 7170.4 86.4508 7083.95 273.42 6810.53
internal_count=31023 29907 470 29437 2044 27393
is_linear=0
shrinkage=0.05


Tree=75
num_leaves=7
num_cat=0
split_feature=27 35 25 25 21 21
split_gain=76.8892 64.4175 50.9134 63.5311 62.1368 61.1458
threshold=2.5000000000000004 15925.140833333337 0.18910678971654585 0.17509521218715998 0.39628393925448696 0.6002056202878685
decision_type=2 10 10 8 10 10
left_child=1 2 3 4 -1 -4
right_child=-2 -3 5 -5 -6 -7
leaf_value=0.056325201906975854 0.053204858708351226 -0.037319401134428568 0.0017072782857229221 0.052364355091676765 0.003069709611377207 -0.010229664278360889
leaf_weight=54.759213820099831 63.683860942721367 108.50468510761857 4984.6271409317851 83.923413753509521 665.67516152560711 1361.6823404952884
leaf_count=155 51 1422 19717 251 2912 6635
internal_value=0.000550982 5.27519e-05 0.00064552 0.0124557 0.0074779 -0.000859983
internal_weight=7322.86 7259.17 7150.67 804.358 720.434 6346.31
internal_count=31143 31092 29670 3318 3067 26352
is_linear=0
shrinkage=0.05


Tree=76
num_leaves=7
num_cat=0
split_feature=15 31 4 16 4 24
split_gain=67.0633 78.371 56.5408 78.6292 76.012 64.9989
threshold=138.50000000000003 1.5000000000000002 202207.00000000003 150.50000000000003 168060.50000000003 14.500000000000002
decision_type=8 2 10 10 10 10
left_child=1 2 4 -4 5 -1
right_child=-2 -3 3 -5 -6 -7
leaf_value=-0.015439256693404374 0.0094609349325649114 -0.027278697094442379 0.059754240729257439 0.0032678637686631515 -0.042609824284067545 0.001179749253516994
leaf_weight=675.15580384805799 1592.4226926118135 288.80481734871864 84.298589363694191 200.72104781866074 107.56766404211521 4355.031205419451
leaf_count=5159 4726 96 299 737 423 19582
internal_value=0.000404008 -0.00212718 -0.000763777 0.0207167 -0.0019744 -0.00106398
internal_weight=7304 5711.58 5422.77 285.02 5137.75 5030.19
internal_count=31022 26296 26200 1036 25164 24741
is_linear=0
shrinkage=0.05


Tree=77
num_leaves=7
num_cat=0
split_feature=37 22 24 8 25 35
split_gain=60.2064 59.6014 68.8248 72.3029 116 140.674
threshold=0.93933823529411775 35.665644235385699 14.500000000000002 14.500000000000002 0.77772430756068889 11985.063472222224
decision_type=2 8 10 10 10 8
left_child=1 2 -1 4 -4 -6
right_child=-2 -3 3 -5 5 -7
leaf_value=-0.015525540342690684 0.053448603959584201 0.03702793154548259 0.013855664987328771 -0.0033552138445955 -0.01907344225451681 0.058964648752700993
leaf_weight=715.86942939832807 47.428761370480061 100.26066965609789 1827.8179950118065 4027.966734521091 557.82981117069721 59.476697452366352
leaf_count=5265 116 298 8081 14578 2391 325
internal_value=5.96776e-05 -0.000324108 -0.00087041 0.000761056 0.00753499 -0.0111412
internal_weight=7336.65 7289.22 7188.96 6473.09 2445.12 617.307
internal_count=31054 30938 30640 25375 10797 2716
is_linear=0
shrinkage=0.05


Tree=78
num_leaves=7
num_cat=0
split_feature=37 31 24 8 8 35
split_gain=59.4686 57.8435 62.9721 63.7138 70.7028 54.9253
threshold=0.25833333333333336 1.5000000000000002 27.500000000000004 57.500000000000007 3.5000000000000004 8988.4988888888893
decision_type=2 2 10 10 10 10
left_child=1 2 -1 4 -4 -2
right_child=5 -3 3 -5 -6 -7
leaf_value=-0.030718797811212641 0.001032549830355708 -0.064447385440940072 -0.0097977139457897881 -0.03256613100122431 0.023722287838988252 0.029666679386595219
leaf_weight=235.50867302343249 6137.7335190623999 43.543417930603027 344.70908759534359 129.52910669893026 281.36035121232271 167.18806303292513
leaf_count=2377 23182 17 2113 820 1571 1052
internal_value=-1.0896e-05 -0.0110912 -0.00843529 -0.00133358 0.00533503 0.00181475
internal_weight=7339.57 1034.65 991.107 755.599 626.069 6304.92
internal_count=31132 6898 6881 4504 3684 24234
is_linear=0
shrinkage=0.05


Tree=79
num_leaves=7
num_cat=0
split_feature=11 12 21 16 8 24
split_gain=55.0677 94.2524 130.227 94.2234 91.6136 75.5983
threshold=206.50000000000003 834.50000000000011 0.1972920063116681 37.500000000000007 9.5000000000000018 106.50000000000001
decision_type=10 10 10 10 10 10
left_child=1 5 -3 -2 -5 -1
right_child=3 2 -4 4 -6 -7
leaf_value=-0.005373834003529681 0.048062353580396032 0.005965705893088414 -0.043580149459850281 -0.02484590574799413 0.01238827508845174 0.0062420216879464085
leaf_weight=2751.1916035786271 140.69983825087547 238.14836142957211 291.30281145125628 200.8217239305377 834.47786574810743 2843.2190045341849
leaf_count=15554 567 693 1057 864 2411 9910
internal_value=0.000519311 -0.00138607 -0.021447 0.0104052 0.00508109 0.000529936
internal_weight=7299.86 6123.86 529.451 1176 1035.3 5594.41
internal_count=31056 27214 1750 3842 3275 25464
is_linear=0
shrinkage=0.05


end of trees

feature_importances:
n_dying_ch=50
ev_h_since_prev=46
ev_gap_last=41
ev_relapse_rate=35
n_rows_28d=30
act_share_7d=30
n_alarm_28d=26
ev_h_since_inc=23
n_undef_28d=21
rate_28d=21
n_alarm_7d=18
n_bad_28d=14
ev_inc_168h=14
ev_open_ch=12
rate_7d=11
n_rows_3d=10
ev_inc_672h=10
ev_inc_24h=9
ev_fail_3h=9
n_ch_bad_28d=8
ev_inc_72h=7
n_active_ch=6
n_rows_7d=6
dying_share=6
n_alarm_3d=5
n_undef_7d=3
act_share_1d=3
n_undef_3d=2
n_ch_bad_7d=2
ev_fail_168h=1
hour=1

parameters:
[boosting: gbdt]
[objective: binary]
[metric: average_precision]
[tree_learner: serial]
[device_type: cpu]
[data_sample_strategy: bagging]
[data: ]
[valid: ]
[num_iterations: 2000]
[learning_rate: 0.05]
[num_leaves: 7]
[num_threads: 6]
[seed: 65]
[deterministic: 1]
[force_col_wise: 1]
[force_row_wise: 0]
[histogram_pool_size: -1]
[max_depth: -1]
[min_data_in_leaf: 200]
[min_sum_hessian_in_leaf: 0.001]
[bagging_fraction: 0.8]
[pos_bagging_fraction: 1]
[neg_bagging_fraction: 1]
[bagging_freq: 1]
[bagging_seed: 18237]
[bagging_by_query: 0]
[feature_fraction: 0.8]
[feature_fraction_bynode: 1]
[feature_fraction_seed: 26456]
[extra_trees: 0]
[extra_seed: 4890]
[early_stopping_round: 0]
[early_stopping_min_delta: 0]
[first_metric_only: 1]
[max_delta_step: 0]
[lambda_l1: 0]
[lambda_l2: 5]
[linear_lambda: 0]
[min_gain_to_split: 0]
[drop_rate: 0.1]
[max_drop: 50]
[skip_drop: 0.5]
[xgboost_dart_mode: 0]
[uniform_drop: 0]
[drop_seed: 2761]
[top_rate: 0.2]
[other_rate: 0.1]
[min_data_per_group: 100]
[max_cat_threshold: 32]
[cat_l2: 10]
[cat_smooth: 10]
[max_cat_to_onehot: 4]
[top_k: 20]
[monotone_constraints: ]
[monotone_constraints_method: basic]
[monotone_penalty: 0]
[feature_contri: ]
[forcedsplits_filename: ]
[refit_decay_rate: 0.9]
[cegb_tradeoff: 1]
[cegb_penalty_split: 0]
[cegb_penalty_feature_lazy: ]
[cegb_penalty_feature_coupled: ]
[path_smooth: 0]
[interaction_constraints: ]
[verbosity: -1]
[saved_feature_importance_type: 0]
[use_quantized_grad: 0]
[num_grad_quant_bins: 4]
[quant_train_renew_leaf: 0]
[stochastic_rounding: 1]
[linear_tree: 0]
[max_bin: 255]
[max_bin_by_feature: ]
[min_data_in_bin: 3]
[bin_construct_sample_cnt: 200000]
[data_random_seed: 250]
[is_enable_sparse: 1]
[enable_bundle: 1]
[use_missing: 1]
[zero_as_missing: 0]
[feature_pre_filter: 1]
[pre_partition: 0]
[two_round: 0]
[header: 0]
[label_column: ]
[weight_column: ]
[group_column: ]
[ignore_column: ]
[categorical_feature: ]
[forcedbins_filename: ]
[precise_float_parser: 0]
[parser_config_file: ]
[objective_seed: 23942]
[num_class: 1]
[is_unbalance: 0]
[scale_pos_weight: 1]
[sigmoid: 1]
[boost_from_average: 1]
[reg_sqrt: 0]
[alpha: 0.9]
[fair_c: 1]
[poisson_max_delta_step: 0.7]
[tweedie_variance_power: 1.5]
[lambdarank_truncation_level: 30]
[lambdarank_norm: 1]
[label_gain: ]
[lambdarank_position_bias_regularization: 0]
[eval_at: ]
[multi_error_top_k: 1]
[auc_mu_weights: ]
[num_machines: 1]
[local_listen_port: 12400]
[time_out: 120]
[machine_list_filename: ]
[machines: ]
[gpu_platform_id: -1]
[gpu_device_id: -1]
[gpu_use_dp: 0]
[num_gpu: 1]

end of parameters

pandas_categorical:[]
