tree
version=v4
num_class=1
num_tree_per_iteration=1
label_index=0
max_feature_idx=41
objective=binary sigmoid:1
feature_names=n_active_ch n_rows_1d n_rows_3d n_rows_7d n_rows_28d n_bad_1d n_bad_3d n_bad_7d n_bad_28d n_undef_1d n_undef_3d n_undef_7d n_undef_28d n_alarm_1d n_alarm_3d n_alarm_7d n_alarm_28d n_ch_bad_1d n_ch_bad_7d n_ch_bad_28d act_share_1d act_share_7d rate_7d rate_28d n_dying_ch dying_share ev_inc_6h ev_inc_24h ev_inc_72h ev_inc_168h ev_inc_672h ev_fail_3h ev_fail_24h ev_fail_168h ev_h_since_inc ev_h_since_prev ev_gap_last ev_relapse_rate ev_open_ch is_rearm hour dow
feature_infos=[0:1459] [0:200094] [0:575548] [0:1039472] [0:3446064] [0:32012] [0:32027] [0:32027] [0:32057] [0:37262] [0:71955] [0:122355] [0:165289] [0:32013] [0:32065] [0:32176] [0:33059] [0:383] [0:947] [0:1109] [0:1] [0.0054644808743169399:1] [0:52] [0:13] [0:1420] [0:1] [0:3] [0:7] [0:11] [0:18] [0:25] [0:191] [0:561] [0:1165] [1:22977.983611111111] [2.0238888888888891:28233.218888888889] [1.0238888888888888:21790.846388888887] [0.090909090909090912:0.96551724137931039] [0:195] [0:1] [0:23] [0:6]
tree_sizes=886 893 906 898 899 900 898 901 897 903 895 906 904 900 898 906 899 901 901 907 900 895 896 903 906 899 907 904 912 905 904 901 906 900 906 902 914 901 904 907 907 896 899 913 905 905 908 902 901 904 900 905 905 903 915 913 901 911 911 905 907 903 900 902 903 907 904 892 908 901 905 901 900 904 896 908 903 909 898 912 905 910 910 904 909 895 902 901 897

Tree=0
num_leaves=7
num_cat=0
split_feature=35 35 35 37 37 24
split_gain=4998.66 931.302 672.267 454.823 258.775 235.612
threshold=1309.4962500000004 5436.9231944444455 110.55194444444446 0.37797619047619052 0.28991596638655465 706.50000000000011
decision_type=8 8 10 2 2 10
left_child=2 3 -1 -2 -4 -5
right_child=1 -3 4 5 -6 -7
leaf_value=-0.4511224790715006 -0.57813692805559458 -0.58768332106941767 -0.58334896185399276 -0.54391124068135266 -0.50126033232624956 -0.50094463332500339
leaf_weight=794.14280033111572 889.89543581008911 3288.8248301744461 96.914703845977783 1557.1427050828934 2050.7802011966705 396.2579573392868
leaf_count=603 3367 13591 235 5958 5772 1481
internal_value=-0.543885 -0.569586 -0.490359 -0.548613 -0.505048 -0.535109
internal_weight=9073.96 6132.12 2941.84 2843.3 2147.69 1953.4
internal_count=31007 24397 6610 10806 6007 7439
is_linear=0
shrinkage=1


Tree=1
num_leaves=7
num_cat=0
split_feature=30 24 36 30 34 4
split_gain=3611.39 1503.2 805.658 446.752 242.67 241.735
threshold=1.5000000000000002 477.50000000000006 3012.6204166666671 2.5000000000000004 59.632916666666674 236708.50000000003
decision_type=2 8 8 2 10 10
left_child=1 2 -1 -2 -5 -4
right_child=3 -3 5 4 -6 -7
leaf_value=-0.0059577344148845496 0.032372728076853728 0.041048523397897607 -0.044110106311249841 0.093020090278936651 0.037075049913479617 0.059094803438067625
leaf_weight=2860.1684670895338 855.31711104512215 985.99574728310108 3203.9022084772587 878.58634057641029 260.45535305142403 53.630219578742981
leaf_count=10910 1786 3442 13076 559 1109 163
internal_value=0.00059459 -0.016103 -0.0253402 0.0599612 0.0804455 -0.042323
internal_weight=9098.06 7103.7 6117.7 1994.36 1139.04 3257.53
internal_count=31045 27591 24149 3454 1668 13239
is_linear=0
shrinkage=0.05


Tree=2
num_leaves=7
num_cat=0
split_feature=35 35 24 16 24 12
split_gain=4036.93 950.075 486.09 421.44 326.174 231.37
threshold=2602.2509722222226 228.41652777777782 103.50000000000001 540.50000000000011 772.50000000000011 21.500000000000004
decision_type=8 10 8 10 10 10
left_child=1 -1 5 4 -3 -2
right_child=2 3 -4 -5 -6 -7
leaf_value=0.074980587445984251 -0.054188893499206706 -0.00078132421398180581 -0.0080800453788534999 0.047280645412798611 0.045647854899673421 -0.027122968810174609
leaf_weight=1079.6306860744953 1893.6425506919622 1805.9730587154627 1456.4270177185535 1042.6886519640684 473.44554314017296 1383.7806846052408
leaf_count=1100 8003 6013 5874 3202 1366 5696
internal_value=-0.000117596 0.0343308 -0.0321516 0.0210274 0.00894103 -0.0428199
internal_weight=9135.59 4401.74 4733.85 3322.11 2279.42 3277.42
internal_count=31254 11681 19573 10581 7379 13699
is_linear=0
shrinkage=0.05


Tree=3
num_leaves=7
num_cat=0
split_feature=35 30 24 37 16 35
split_gain=3522.04 740.706 434.995 340.511 250.096 235.903
threshold=2818.6045833333342 2.5000000000000004 102.50000000000001 0.44949494949494956 728.50000000000011 205.22361111111113
decision_type=8 2 8 2 10 10
left_child=1 3 -2 -1 -5 -3
right_child=2 5 -4 4 -6 -7
leaf_value=-0.0093823682958424116 -0.041888513996020747 0.081356556365959995 -0.0081912736653689238 0.019590807060461485 0.057440357570583217 0.032062812967371422
leaf_weight=804.66922713816166 3140.4189610779285 768.03497758507729 1381.0798182040453 2032.3691315948963 554.79056820273399 367.8447704911232
leaf_count=2543 13301 691 5563 6340 1643 960
internal_value=-0.000418933 0.0307361 -0.0316162 0.01898 0.0278024 0.0656037
internal_weight=9049.21 4527.71 4521.5 3391.83 2587.16 1135.88
internal_count=31041 12177 18864 10526 7983 1651
is_linear=0
shrinkage=0.05


Tree=4
num_leaves=7
num_cat=0
split_feature=36 38 24 4 28 15
split_gain=2671.11 1283.39 427.424 328.988 276.737 242.046
threshold=2701.1322222222229 1.0000000180025095e-35 729.50000000000011 151889.50000000003 2.5000000000000004 99.500000000000014
decision_type=8 2 10 8 2 10
left_child=1 2 -1 -2 5 -3
right_child=3 4 -4 -5 -6 -7
leaf_value=-0.0042149912294410083 -0.038445006573959904 0.025916138613661835 0.039031318247952397 0.034123266375533333 0.095679197367169289 0.064070199788706358
leaf_weight=3037.016214877367 3185.238900706172 843.20501990616322 698.53555499017239 160.49849927425385 324.43689638376236 837.34108954668045
leaf_count=13066 13345 647 2906 555 121 555
internal_value=0.000561842 0.0212529 0.00391329 -0.0349181 0.0534688 0.0450603
internal_weight=9086.27 5740.53 3735.55 3345.74 2004.98 1680.55
internal_count=31195 17295 15972 13900 1323 1202
is_linear=0
shrinkage=0.05


Tree=5
num_leaves=7
num_cat=0
split_feature=35 30 24 24 16 12
split_gain=3001.15 742.482 387.856 298.924 261.167 204.52
threshold=2665.1501388888896 2.5000000000000004 108.50000000000001 729.50000000000011 728.50000000000011 20.500000000000004
decision_type=8 2 8 10 10 10
left_child=1 3 5 4 -1 -2
right_child=2 -3 -4 -5 -6 -7
leaf_value=0.00047634083329648559 -0.049404821338312088 0.063101403206349146 -0.0063832607737280035 0.041587931810923379 0.043888693457849973 -0.023720810851953381
leaf_weight=2060.5962145924568 1805.58849824965 1160.5896018743515 1357.5310029089451 885.303860232234 411.48810906708241 1384.5782169401646
leaf_count=6568 8019 1628 5432 2487 1193 5819
internal_value=-0.000140214 0.0287066 -0.0287986 0.0167408 0.0077765 -0.0383122
internal_weight=9065.68 4517.98 4547.7 3357.39 2472.08 3190.17
internal_count=31146 11876 19270 10248 7761 13838
is_linear=0
shrinkage=0.05


Tree=6
num_leaves=7
num_cat=0
split_feature=34 30 37 36 24 24
split_gain=2212.19 864.473 394.81 364.956 226.326 193.469
threshold=1340.0883333333336 2.5000000000000004 0.39047619047619053 3513.7331944444445 92.500000000000014 716.50000000000011
decision_type=8 2 2 8 8 10
left_child=1 2 -1 5 -4 -2
right_child=3 -3 4 -5 -6 -7
leaf_value=-0.017622770858494986 -0.017045088009661966 0.058016527764376102 -0.0016170716509579155 -0.043197145137112251 0.027856345754708203 0.04290518298448933
leaf_weight=984.23189403116703 1535.6118226200342 1207.503377571702 942.3698116093874 2083.1724932193756 2100.3383004367352 142.69078293442726
leaf_count=3315 6799 1665 2841 9663 6129 596
internal_value=-1.09943e-05 0.0209998 0.00984193 -0.0292385 0.0187403 -0.0118358
internal_weight=8995.92 5234.44 4026.94 3761.48 3042.71 1678.3
internal_count=31008 13950 12285 17058 8970 7395
is_linear=0
shrinkage=0.05


Tree=7
num_leaves=7
num_cat=0
split_feature=35 30 24 37 12 16
split_gain=2559.2 581.645 315.329 264.477 195.883 186.111
threshold=2665.1501388888896 2.5000000000000004 102.50000000000001 0.25833333333333336 20.500000000000004 728.50000000000011
decision_type=8 2 10 2 10 10
left_child=1 3 4 -1 -2 -5
right_child=2 -3 -4 5 -6 -7
leaf_value=-0.036248733525248399 -0.047276503895580184 0.056296762063606835 -0.007715007623292934 0.013334362347372595 -0.021417212538015713 0.044166251567494708
leaf_weight=224.80272388458252 1718.0608093440533 1188.0101257711649 1436.9641364663839 2514.4370657354593 1298.5208092182875 605.5082116574049
leaf_count=713 7871 1668 5824 7613 5610 1809
internal_value=-0.000123602 0.0263107 -0.0270274 0.0155919 -0.0361989 0.0193792
internal_weight=8986.3 4532.76 4453.55 3344.75 3016.58 3119.95
internal_count=31108 11803 19305 10135 13481 9422
is_linear=0
shrinkage=0.05


Tree=8
num_leaves=7
num_cat=0
split_feature=35 16 29 24 24 2
split_gain=2305.88 585.473 321.055 273.818 206.137 198.8
threshold=1332.7075000000002 291.50000000000006 2.5000000000000004 147.50000000000003 758.50000000000011 3761.5000000000005
decision_type=8 8 2 10 8 10
left_child=2 3 5 -2 -3 -1
right_child=1 4 -4 -5 -6 -7
leaf_value=0.041582985884934899 -0.034152832401029683 -0.00012657276937265327 0.068717871185865934 -0.0026501701578754418 0.048830983603995758 0.013706468881639365
leaf_weight=1218.3137973248959 3476.4180528819561 1230.6991824656725 560.18594405055046 861.31129936873913 255.516611084342 1355.9021024703979
leaf_count=2947 15317 4827 381 3331 910 3432
internal_value=-3.02014e-05 -0.0186365 0.0345163 -0.0279078 0.00842593 0.0269548
internal_weight=8958.35 5823.95 3134.4 4337.73 1486.22 2574.22
internal_count=31145 24385 6760 18648 5737 6379
is_linear=0
shrinkage=0.05


Tree=9
num_leaves=7
num_cat=0
split_feature=38 36 36 24 4 15
split_gain=1862.31 834.637 313.081 261.4 169.623 157.007
threshold=1.0000000180025095e-35 3493.0963888888896 1241.6665277777781 837.50000000000011 2183.5000000000005 172.50000000000003
decision_type=2 8 8 10 8 10
left_child=1 3 5 4 -1 -2
right_child=2 -3 -4 -5 -6 -7
leaf_value=-0.035647140881072598 0.038021368885697938 -0.036090040450819268 0.007274255564147957 0.031413567072793268 -0.00060312777483044651 0.069805341043517044
leaf_weight=383.58715781569481 1160.8689291477203 2473.7403004765511 602.19256338477135 587.50022092461586 3101.3879324793816 604.91943664848804
leaf_count=1741 782 11881 492 2390 13416 390
internal_value=0.000532512 -0.0132145 0.0384834 0.00070803 -0.00450593 0.0490762
internal_weight=8914.2 6546.22 2367.98 4072.48 3484.98 1765.79
internal_count=31092 29428 1664 17547 15157 1172
is_linear=0
shrinkage=0.05


Tree=10
num_leaves=7
num_cat=0
split_feature=35 29 16 24 1 18
split_gain=1952.31 476.919 294.097 252.043 171.042 139.699
threshold=2892.4106944444452 2.5000000000000004 325.50000000000006 68.500000000000014 2756.5000000000005 18.500000000000004
decision_type=8 2 10 8 10 8
left_child=1 2 -1 -2 -4 -5
right_child=3 -3 4 5 -6 -7
leaf_value=0.0015258690439213041 -0.035621302738626896 0.065370166587334799 0.0399832611964012 -0.015894847209504771 0.01182588459658766 0.027546953249631245
leaf_weight=1926.235919803381 2439.8901618272066 546.58626624941826 1289.4308025836945 1550.2967960089445 934.36641107499599 205.44938610494137
leaf_count=6139 11282 397 3305 6636 2680 768
internal_value=-0.000465945 0.0216667 0.0158389 -0.0252376 0.0282055 -0.0107477
internal_weight=8892.26 4696.62 4150.03 4195.64 2223.8 1755.75
internal_count=31207 12521 12124 18686 5985 7404
is_linear=0
shrinkage=0.05


Tree=11
num_leaves=7
num_cat=0
split_feature=35 0 36 38 36 4
split_gain=1809.58 446.255 262.698 250.227 182.821 168.728
threshold=1309.4962500000004 32.500000000000007 4824.6498611111119 1.0000000180025095e-35 3970.1341666666672 2364.5000000000005
decision_type=8 8 10 2 10 10
left_child=3 5 4 -1 -3 -2
right_child=1 2 -4 -5 -6 -7
leaf_value=0.014190141852313078 -0.045368523264361763 0.0048220700597501219 -0.039406161627601057 0.042824303630059839 0.08573691680170531 -0.02097025405692108
leaf_weight=1351.3307649791241 998.69207675755024 1820.9349780231714 341.62285073101521 1768.8231928050518 67.635696187615395 2483.2328133285046
leaf_count=5546 4697 7157 1513 1082 177 10884
internal_value=-0.000128135 -0.0168514 0.000614386 0.0304655 0.00793862 -0.0280232
internal_weight=8832.27 5712.12 2230.19 3120.15 1888.57 3481.92
internal_count=31056 24428 8847 6628 7334 15581
is_linear=0
shrinkage=0.05


Tree=12
num_leaves=7
num_cat=0
split_feature=35 34 24 16 35 24
split_gain=1761.11 567.522 257.692 195.941 188.048 134.835
threshold=2846.2472222222227 14.850416666666669 141.50000000000003 540.50000000000011 110.55194444444446 747.50000000000011
decision_type=8 10 10 10 10 10
left_child=1 4 -2 5 -1 -3
right_child=2 3 -4 -5 -6 -7
leaf_value=0.060768304621577431 -0.029371515826485478 -0.0084999057936618813 0.00086875909817118882 0.026580391685716877 0.029202994406747895 0.025548748585386635
leaf_weight=808.4844703823328 3238.6064280718565 1520.4591040313244 899.57908357679844 874.96880023181438 1170.3892776966095 354.26506584882736
leaf_count=343 15156 6487 3621 3560 528 1432
internal_value=0.00100066 0.0218358 -0.0228046 0.00711601 0.0422199 -0.00201492
internal_weight=8866.75 4728.57 4138.19 2749.69 1978.87 1874.72
internal_count=31127 12350 18777 11479 871 7919
is_linear=0
shrinkage=0.05


Tree=13
num_leaves=7
num_cat=0
split_feature=36 34 16 24 30 12
split_gain=1286.2 598.851 209.287 200.444 199.483 184.743
threshold=2701.1322222222229 38.665000000000006 285.50000000000006 101.50000000000001 2.5000000000000004 16.500000000000004
decision_type=8 10 10 8 2 10
left_child=1 4 -3 -2 -1 -5
right_child=3 2 -4 5 -6 -7
leaf_value=0.021628477464650162 -0.034512722842213794 -0.0095556158058944535 0.014105989585558906 0.02550035964336398 0.053660472189002377 -0.024023089924897448
leaf_weight=1131.6587589383125 2220.48731559515 1962.5419392585754 1775.0692208409309 299.88765114545822 863.12244586646557 487.89387005567551
leaf_count=706 10736 8695 7376 1080 497 2037
internal_value=-0.000388432 0.0135038 0.0016856 -0.0268392 0.0355879 -0.00512889
internal_weight=8740.66 5732.39 3737.61 3008.27 1994.78 787.782
internal_count=31127 17274 16071 13853 1203 3117
is_linear=0
shrinkage=0.05


Tree=14
num_leaves=7
num_cat=0
split_feature=36 34 4 18 37 34
split_gain=1175.24 550.746 219.278 178.491 159.678 172.786
threshold=2701.1322222222229 63.217361111111117 151889.50000000003 29.500000000000004 0.25833333333333336 4789.980833333334
decision_type=8 10 8 10 2 10
left_child=1 3 -2 -1 -3 -6
right_child=2 4 -4 -5 5 -7
leaf_value=0.024303765061616477 -0.028930787672708298 -0.026952154389941137 0.03167790671706857 0.057203901036318117 0.0082846223286869979 -0.037429801719656042
leaf_weight=1495.061956718564 2822.7247294932604 436.3402082324028 153.55263769626617 573.3856782913208 2981.6658593118191 217.1419735699892
leaf_count=1053 13253 2010 542 494 12612 1036
internal_value=-0.000311924 0.0129763 -0.025756 0.0335398 0.00124544 0.00512786
internal_weight=8679.87 5703.6 2976.28 2068.45 3635.15 3198.81
internal_count=31000 17205 13795 1547 15658 13648
is_linear=0
shrinkage=0.05


Tree=15
num_leaves=7
num_cat=0
split_feature=36 38 3 24 24 15
split_gain=1078.61 527.414 192.339 176.824 145.539 143.247
threshold=2914.9948611111117 1.0000000180025095e-35 48009.000000000007 831.50000000000011 102.50000000000001 151.50000000000003
decision_type=8 2 8 10 10 10
left_child=1 3 4 -1 -2 -3
right_child=2 5 -4 -5 -6 -7
leaf_value=-0.0029448943967547779 -0.03346259699940457 0.023495911966191652 0.042069860002603265 0.027184500732218949 -0.0068158992204803487 0.051312041345297571
leaf_weight=3163.8827817589045 2095.7659230530262 1368.0766226500273 100.42565563321114 570.41214306652546 681.70654733479023 709.38448098301888
leaf_count=13793 10563 879 362 2298 2752 458
internal_value=0.000538965 0.0129331 -0.0244693 0.00168756 -0.0269464 0.0330946
internal_weight=8689.65 5811.76 2877.9 3734.29 2777.47 2077.46
internal_count=31105 17428 13677 16091 13315 1337
is_linear=0
shrinkage=0.05


Tree=16
num_leaves=7
num_cat=0
split_feature=35 16 28 21 3 2
split_gain=1293.72 358.951 236.57 176.465 169.024 139.307
threshold=1332.7075000000002 288.50000000000006 2.5000000000000004 0.6002056202878685 6569.0000000000009 332.50000000000006
decision_type=8 8 2 10 10 10
left_child=2 3 4 5 -1 -2
right_child=1 -3 -4 -5 -6 -7
leaf_value=0.036736968712085684 -0.030230675385878508 0.0066009931087756286 0.065360433856614206 -0.037632957571695977 0.011298002993830212 -0.0066764561592269457
leaf_weight=1075.6376075744629 960.55639259517193 1513.0396679639816 340.26916480064392 1237.7783361673355 1667.4667187333107 1805.5690712183714
leaf_count=2475 4640 5870 168 6121 4020 7711
internal_value=0.000364352 -0.0141303 0.0262798 -0.0219629 0.0213219 -0.0148956
internal_weight=8600.32 5516.94 3083.37 4003.9 2743.1 2766.13
internal_count=31005 24342 6663 18472 6495 12351
is_linear=0
shrinkage=0.05


Tree=17
num_leaves=7
num_cat=0
split_feature=35 29 14 37 16 4
split_gain=1008.86 266.942 234.807 169.04 144.935 206.588
threshold=2818.6045833333342 2.5000000000000004 1.0000000180025095e-35 0.25833333333333336 706.50000000000011 120754.50000000001
decision_type=8 2 8 2 10 10
left_child=1 3 -2 -1 -5 -6
right_child=2 -3 -4 4 5 -7
leaf_value=-0.027186094541104617 -0.035904677006276343 0.049177207943473751 -0.010198186681417608 0.0080207631118104483 0.045474343001693049 -0.0034689533055436567
leaf_weight=265.80806478857994 1351.1143063157797 512.064816609025 2593.2674469351768 2901.234550088644 681.51412472128868 313.34005147218704
leaf_count=846 6895 377 11920 8564 1640 849
internal_value=-0.000428857 0.0152791 -0.019038 0.0110544 0.0136948 0.0301189
internal_weight=8618.34 4673.96 3944.38 4161.9 3896.09 994.854
internal_count=31091 12276 18815 11899 11053 2489
is_linear=0
shrinkage=0.05


Tree=18
num_leaves=7
num_cat=0
split_feature=35 16 34 37 4 24
split_gain=909.568 292.716 198.642 218.026 145.187 142.841
threshold=2818.6045833333342 558.50000000000011 5507.9051388888902 0.37797619047619052 41151.000000000007 52.500000000000007
decision_type=8 10 8 2 10 10
left_child=1 -1 3 -2 -3 -6
right_child=2 4 -4 -5 5 -7
leaf_value=0.0058719626683405649 -0.022774585522542874 0.050299466851776747 -0.032742642043327178 0.0065043218979691873 0.060194531977800274 0.010167030581626461
leaf_weight=3007.3061276823282 1373.8878079354763 658.25894609093666 1396.2250310182571 1176.6257409900427 171.13788414001465 767.79896579682827
leaf_count=8440 6607 1370 7525 4915 309 2059
internal_value=-1.03322e-05 0.0150796 -0.0176119 -0.00928108 0.0323438 0.019556
internal_weight=8551.24 4604.5 3946.74 2550.51 1597.2 938.937
internal_count=31225 12178 19047 11522 3738 2368
is_linear=0
shrinkage=0.05


Tree=19
num_leaves=7
num_cat=0
split_feature=35 38 14 29 37 36
split_gain=906.404 303.028 190.935 152.77 127.374 125.833
threshold=2846.2472222222227 1.0000000180025095e-35 1.0000000180025095e-35 2.5000000000000004 0.45804195804195807 5118.1291666666675
decision_type=8 2 8 2 2 10
left_child=1 -1 -2 4 -3 -4
right_child=2 3 5 -5 -6 -7
leaf_value=0.0037092288491584833 -0.033349232155983767 -0.0084793012701275747 -0.0041036450942265115 0.055391062013402874 0.028618474551677753 -0.031223749783724039
leaf_weight=2635.028096050024 1308.8731288462877 278.91882729530334 2018.0565457642078 440.32527808845043 1298.592654466629 538.44444398581982
leaf_count=10984 6884 151 9354 192 994 2616
internal_value=3.19091e-05 0.0148907 -0.0178502 0.029447 0.0220532 -0.00986542
internal_weight=8518.24 4652.86 3865.37 2017.84 1577.51 2556.5
internal_count=31175 12321 18854 1337 1145 11970
is_linear=0
shrinkage=0.05


Tree=20
num_leaves=7
num_cat=0
split_feature=35 0 29 36 16 22
split_gain=895.948 311.219 206.199 183.792 148.446 151.828
threshold=1332.7075000000002 31.500000000000004 2.5000000000000004 4824.6498611111119 706.50000000000011 0.67760486003020393
decision_type=8 8 2 10 10 10
left_child=2 -2 4 -3 5 -1
right_child=1 3 -4 -5 -6 -7
leaf_value=0.028868525776020698 -0.021781159040646484 0.008398833788948205 0.050483024060713415 -0.03333742791781414 0.035123610348684157 -0.0015802936286620534
leaf_weight=606.26862700283527 3184.2397290766239 1904.8886161893606 521.59509140253067 301.07385928928852 727.21709237992764 1238.2573359161615
leaf_count=1455 15410 7465 388 1480 1675 3174
internal_value=0.000513129 -0.0117935 0.0219421 0.00264008 0.0160667 0.00847877
internal_weight=8483.54 5390.2 3093.34 2205.96 2571.74 1844.53
internal_count=31047 24355 6692 8945 6304 4629
is_linear=0
shrinkage=0.05


Tree=21
num_leaves=7
num_cat=0
split_feature=35 16 4 23 12 4
split_gain=716.081 313.522 165.029 157.252 135.41 128.784
threshold=1309.4962500000004 291.50000000000006 2364.5000000000005 12.99467867376177 32.500000000000007 25782.500000000004
decision_type=8 10 10 10 10 10
left_child=3 2 4 5 -2 -1
right_child=1 -3 -4 -5 -6 -7
leaf_value=0.030985638031889765 -0.04848461632223694 0.0083935709351915955 -0.01295531333535771 0.070552034550569923 -0.0020647003131244535 0.0089653209698193851
leaf_weight=1018.16141051054 667.8896692097187 1491.7251462191343 3009.4833490252495 137.617481559515 205.55064153671265 1909.7672007083893
leaf_count=2217 3651 5829 13983 123 1044 4309
internal_value=-7.32326e-05 -0.0110695 -0.018548 0.0191926 -0.0376343 0.0166625
internal_weight=8440.19 5374.65 3882.92 3065.55 873.44 2927.93
internal_count=31156 24507 18678 6649 4695 6526
is_linear=0
shrinkage=0.05


Tree=22
num_leaves=7
num_cat=0
split_feature=35 24 35 37 12 32
split_gain=769.303 320.004 186.441 178.448 142.339 181.295
threshold=1244.207916666667 706.50000000000011 205.22361111111113 0.25833333333333336 66.500000000000014 1.5000000000000002
decision_type=8 8 10 2 10 2
left_child=2 3 4 -2 -1 -6
right_child=1 -3 -4 -5 5 -7
leaf_value=0.057383799113664161 -0.030618598765117834 0.027171279605285894 0.011857285727397922 -0.0088285202296748879 -0.010772806845451566 0.046990289098656567
leaf_weight=497.62144224345684 1258.830020815134 506.13535591959953 1916.3806842267513 3690.5582177788019 251.93854619562626 285.92114894092083
leaf_count=436 6542 1704 5240 16532 450 142
internal_value=0.000605345 -0.0105182 0.0211465 -0.0143959 0.0381985 0.0200835
internal_weight=8407.39 5455.52 2951.86 4949.39 1035.48 537.86
internal_count=31046 24778 6268 23074 1028 592
is_linear=0
shrinkage=0.05


Tree=23
num_leaves=7
num_cat=0
split_feature=35 16 37 38 21 3
split_gain=690.989 351.606 177.161 174.283 146.43 134.781
threshold=1244.207916666667 285.50000000000006 0.45804195804195807 1.0000000180025095e-35 0.6250428375599727 530.50000000000011
decision_type=8 8 2 2 8 10
left_child=2 4 -1 -4 5 -2
right_child=1 -3 3 -5 -6 -7
leaf_value=-0.0074100097042333023 -0.031752398926850216 0.0091277540212133471 0.0099425217564133739 0.036741623836582284 -0.034329177289718849 -0.0061535171591218336
leaf_weight=508.35853539407253 682.88483425974846 1594.739011362195 1090.656848937273 1376.2467656433582 1083.1772468388081 2050.4761759638786
leaf_count=1000 3671 6150 4422 957 5755 9294
internal_value=7.08145e-05 -0.010569 0.0194073 0.0249374 -0.0188004 -0.0125953
internal_weight=8386.54 5411.28 2975.26 2466.9 3816.54 2733.36
internal_count=31249 24870 6379 5379 18720 12965
is_linear=0
shrinkage=0.05


Tree=24
num_leaves=7
num_cat=0
split_feature=38 35 23 24 35 24
split_gain=590.081 326.188 151.119 132.616 119.02 117.83
threshold=1.0000000180025095e-35 5575.9002777777787 1.5643133775432869 872.50000000000011 15925.140833333337 135.50000000000003
decision_type=2 8 10 10 10 10
left_child=1 3 -2 -1 -3 -4
right_child=2 4 5 -5 -6 -7
leaf_value=-0.0021092096701426119 0.013141742434604801 -0.018428598381055285 0.023354375076179396 0.025346987410092309 -0.056402983490017614 0.063575017316038984
leaf_weight=3209.9874062240124 1469.6518144756556 2085.7243445813656 436.73524996638298 504.52188873291016 226.04354955255985 319.7917670160532
leaf_count=14184 1022 11682 413 2037 1374 199
internal_value=0.000595545 -0.00753189 0.0225641 0.00164908 -0.0222554 0.0406618
internal_weight=8252.46 6026.28 2226.18 3714.51 2311.77 756.527
internal_count=30911 29277 1634 16221 13056 612
is_linear=0
shrinkage=0.05


Tree=25
num_leaves=7
num_cat=0
split_feature=35 16 0 28 21 25
split_gain=505.147 203.219 168.579 136.9 118.732 175.819
threshold=2846.2472222222227 558.50000000000011 19.500000000000004 2.5000000000000004 0.46963109354413707 0.54384808216925007
decision_type=8 10 8 2 10 10
left_child=1 3 -2 -1 5 -4
right_child=2 -3 4 -5 -6 -7
leaf_value=0.00027719671896867003 -0.025362750466112458 0.024986943240821926 0.075465118286602753 0.048440963588502223 -0.014477601329893522 0.0022501821667186782
leaf_weight=2855.4118550419807 1809.8624903410673 1560.6139787882566 88.367971003055573 150.57951748371124 1091.2521826475859 676.24167236685753
leaf_count=8426 9947 3815 353 79 5451 3019
internal_value=-0.000712954 0.0103791 -0.0145263 0.0027663 -0.0039187 0.0111471
internal_weight=8232.33 4566.61 3665.72 3005.99 1855.86 764.61
internal_count=31090 12320 18770 8505 8823 3372
is_linear=0
shrinkage=0.05


Tree=26
num_leaves=7
num_cat=0
split_feature=35 2 28 37 36 15
split_gain=529.024 163.871 163.007 176.911 142.94 112.94
threshold=2665.1501388888896 260.50000000000006 2.5000000000000004 0.25833333333333336 5118.1291666666675 164.50000000000003
decision_type=8 10 2 2 10 10
left_child=2 -2 3 -1 -3 -5
right_child=1 4 -4 5 -6 -7
leaf_value=-0.032762643549302126 -0.031633387958308216 -0.0017035390497157563 0.047186810162926168 0.0061183363061916365 -0.028643038476878258 0.025194022948612917
leaf_weight=237.07505466043949 982.95714366436005 2142.6118698865175 290.90218438208103 2868.4637860506773 634.59856443107128 1061.2683074772358
leaf_count=793 5594 10323 157 8370 3356 2555
internal_value=-0.000335035 -0.0141378 0.0113106 0.00875241 -0.00789969 0.0112954
internal_weight=8217.88 3760.17 4457.71 4166.81 2777.21 3929.73
internal_count=31148 19273 11875 11718 13679 10925
is_linear=0
shrinkage=0.05


Tree=27
num_leaves=7
num_cat=0
split_feature=37 34 16 24 22 23
split_gain=453.384 384.461 221.722 124.942 198.272 123.606
threshold=0.37797619047619052 5289.063472222223 958.50000000000011 93.500000000000014 6.1578001033898904 5.0353701788701182
decision_type=2 8 8 10 10 10
left_child=5 2 3 4 -2 -1
right_child=1 -3 -4 -5 -6 -7
leaf_value=-0.021055744668727658 -0.010351341786441317 -0.024507006882277138 0.03688404536551624 0.014174938284119943 0.05089062081548034 0.033307398509794084
leaf_weight=2245.7379892170429 1274.6556587219238 805.37447917461395 787.90490765869617 2789.5083347856998 142.40895296633244 105.29481534659863
leaf_count=10815 4743 4707 1851 8213 260 357
internal_value=-5.69013e-05 0.00745122 0.0126239 0.00804155 -0.00403949 -0.0185555
internal_weight=8150.89 5799.85 4994.48 4206.57 1417.06 2351.03
internal_count=30946 19774 15067 13216 5003 11172
is_linear=0
shrinkage=0.05


Tree=28
num_leaves=7
num_cat=0
split_feature=37 27 24 16 35 12
split_gain=413.583 305.467 255.325 119.74 119.628 114.236
threshold=0.37797619047619052 1.0000000180025095e-35 88.500000000000014 35.500000000000007 14711.324027777779 10.500000000000002
decision_type=2 2 10 10 10 10
left_child=4 2 5 -4 -1 -2
right_child=1 -3 3 -5 -6 -7
leaf_value=-0.013922585673786304 -0.030221633593858644 0.024262491383485234 0.071662463108406738 0.0079974148263255284 -0.0508967384198864 -0.0040337439046377174
leaf_weight=2093.9935770332813 727.38822302222252 1782.5857113450766 71.438181221485138 2295.0167871266603 240.66401906311512 969.49431051313877
leaf_count=9699 4102 899 315 9739 1558 4784
internal_value=-6.70111e-05 0.00703793 -0.000539014 0.0100664 -0.0178346 -0.0153153
internal_weight=8180.58 5845.92 4063.34 2366.45 2334.66 1696.88
internal_count=31096 19839 18940 10054 11257 8886
is_linear=0
shrinkage=0.05


Tree=29
num_leaves=7
num_cat=0
split_feature=34 24 37 36 4 12
split_gain=372.471 234.452 187.049 149.473 118.354 126.24
threshold=127.90027777777779 14.500000000000002 0.39047619047619053 4917.4005555555568 1925.5000000000002 25.500000000000004
decision_type=8 10 2 10 10 10
left_child=2 -2 -1 4 5 -3
right_child=1 3 -4 -5 -6 -7
leaf_value=-0.015974437482675994 -0.031336822042103515 -0.04855096575947225 0.02179396209680395 -0.026216824786553874 0.0029219210504149631 0.014931764515826451
leaf_weight=384.45716471970081 853.36895535886288 229.42239601910114 2102.4262608140707 598.66033950448036 3845.7100740224123 114.69187685847282
leaf_count=477 5192 1401 2210 3607 17482 607
internal_value=-0.00016715 -0.00727261 0.0159349 -0.00295585 0.00039507 -0.0274816
internal_weight=8128.74 5641.85 2486.88 4788.48 4189.82 344.114
internal_count=30976 28289 2687 23097 19490 2008
is_linear=0
shrinkage=0.05


Tree=30
num_leaves=7
num_cat=0
split_feature=38 4 36 16 24 36
split_gain=366.936 240.039 155.451 135.219 159.425 97.6981
threshold=1.0000000180025095e-35 2246.5000000000005 4917.4005555555568 391.50000000000006 109.50000000000001 3806.3420833333334
decision_type=2 10 10 8 10 10
left_child=1 -1 5 4 -2 -3
right_child=3 2 -4 -5 -6 -7
leaf_value=-0.031941313423373197 -0.013273604778166146 3.7102955801939628e-05 -0.025291285562381333 0.031002814795631634 0.024980173820751853 0.049546469785190735
leaf_weight=773.07999594509602 543.99939751625061 4368.2405318468809 628.9377535879612 1039.6081773787737 535.96062386035919 96.970319733023643
leaf_count=4761 516 20216 3851 775 321 505
internal_value=0.000367929 -0.0060746 -0.00212164 0.018174 0.00573854 0.00116651
internal_weight=7986.8 5867.23 5094.15 2119.57 1079.96 4465.21
internal_count=30945 29333 24572 1612 837 20721
is_linear=0
shrinkage=0.05


Tree=31
num_leaves=7
num_cat=0
split_feature=35 4 24 12 22 2
split_gain=330.723 204.246 147.355 137.557 133.652 133.876
threshold=1187.8637500000002 2364.5000000000005 706.50000000000011 32.500000000000007 18.288115100924731 3761.5000000000005
decision_type=8 8 8 10 10 10
left_child=4 3 -3 -2 5 -1
right_child=1 2 -4 -5 -6 -7
leaf_value=0.023264406355258602 -0.042753008163448125 -0.0070189411742919601 0.020655849056657818 0.0039716894238243806 0.067421361926049098 0.00082770437997360278
leaf_weight=1226.4675877541304 607.64204283058643 3982.2176101207733 542.08589552342892 210.95663383603096 105.15576650202274 1445.805505156517
leaf_count=2753 3775 18447 1814 1133 90 3154
internal_value=-0.000583736 -0.00785731 -0.0036839 -0.0307608 0.0133973 0.0111495
internal_weight=8120.33 5342.9 4524.3 818.599 2777.43 2672.27
internal_count=31166 25169 20261 4908 5997 5907
is_linear=0
shrinkage=0.05


Tree=32
num_leaves=7
num_cat=0
split_feature=35 4 24 29 2 12
split_gain=304.127 217.214 134.952 132.677 130.79 114.789
threshold=1187.8637500000002 2364.5000000000005 706.50000000000011 2.5000000000000004 3761.5000000000005 20.500000000000004
decision_type=8 8 8 2 10 10
left_child=3 5 -3 4 -1 -2
right_child=1 2 -4 -5 -6 -7
leaf_value=0.020904025129762971 -0.045141969451806346 -0.0065390444999553878 0.019852361651375768 0.038392526212426253 -0.0028151850878525967 -0.0047132205993068148
leaf_weight=1076.8773569017649 523.93528491258621 3949.7954701632261 547.09935703873634 426.16093163192272 1253.5694167613983 264.71102994680405
leaf_count=2650 3389 18350 1819 380 3089 1444
internal_value=-0.000549592 -0.00756983 -0.00330974 0.0129004 0.00816653 -0.0316871
internal_weight=8042.15 5285.54 4496.89 2756.61 2330.45 788.646
internal_count=31121 25002 20169 6119 5739 4833
is_linear=0
shrinkage=0.05


Tree=33
num_leaves=7
num_cat=0
split_feature=37 34 16 4 12 24
split_gain=319.093 204.87 124.421 120.999 132.583 110.877
threshold=0.25833333333333336 61.533333333333339 958.50000000000011 2039.5000000000002 51.500000000000007 26.500000000000004
decision_type=2 8 8 10 10 10
left_child=5 2 -2 4 -3 -1
right_child=1 3 -4 -5 -6 -7
leaf_value=-0.045481804622005934 0.011753554885245439 -0.035552208531331835 0.043425142111771731 0.0016040115779485014 0.030884153679279405 -0.013180255379025419
leaf_weight=370.65141682326794 1612.9700380861759 424.1646374464035 381.05633968114853 4172.0560123324394 86.978621736168861 931.22576454281807
leaf_count=2343 1256 2792 318 19417 464 4516
internal_value=8.00878e-05 0.00449916 0.0178994 -0.00121945 -0.0240574 -0.0225155
internal_weight=7979.1 6677.23 1994.03 4683.2 511.143 1301.88
internal_count=31106 24247 1574 22673 3256 6859
is_linear=0
shrinkage=0.05


Tree=34
num_leaves=7
num_cat=0
split_feature=15 15 28 23 24 21
split_gain=280.456 166.304 113.889 94.1318 106.154 91.9491
threshold=114.50000000000001 1.0000000180025095e-35 2.5000000000000004 12.99467867376177 29.500000000000004 0.6002056202878685
decision_type=8 8 2 8 10 10
left_child=1 -1 5 4 -2 -3
right_child=3 2 -4 -5 -6 -7
leaf_value=-0.028441572996142139 -0.031720687072979946 0.00030363719143822816 0.044852555394419152 0.0572037507192385 0.016097483781903701 -0.014790262822045572
leaf_weight=701.75289198756218 119.56790840625763 3764.3200761824846 118.48415710031986 124.36142157018185 1777.5647764205933 1373.3713215216994
leaf_count=4190 506 15005 63 190 4972 6144
internal_value=-0.000208051 -0.00566912 -0.00260462 0.0158616 0.0130083 -0.00374161
internal_weight=7979.42 5957.93 5256.18 2021.49 1897.13 5137.69
internal_count=31070 25402 21212 5668 5478 21149
is_linear=0
shrinkage=0.05


Tree=35
num_leaves=7
num_cat=0
split_feature=14 37 22 16 35 31
split_gain=304.81 184.039 138.569 132.461 135.688 117.134
threshold=1.0000000180025095e-35 0.37797619047619052 35.665644235385699 558.50000000000011 306.87513888888896 1.5000000000000002
decision_type=8 2 8 10 8 2
left_child=-1 -2 3 5 -5 -3
right_child=1 2 -4 4 -6 -7
leaf_value=-0.01861626598549693 -0.0091292458523104057 0.0056321110074118372 0.065447745663106252 0.042300303445778148 0.010928401886524356 -0.034853082378775338
leaf_weight=1617.2470875531435 1575.9787052124739 2884.5156709849834 107.39568266272545 501.34374369680882 1096.3733582347631 185.46984797716141
leaf_count=8506 7278 10696 247 724 3640 55
internal_value=0.000729065 0.00566596 0.0105534 0.00922172 0.0208738 0.00313355
internal_weight=7968.32 6351.08 4775.1 4667.7 1597.72 3069.99
internal_count=31146 22640 15362 15115 4364 10751
is_linear=0
shrinkage=0.05


Tree=36
num_leaves=7
num_cat=0
split_feature=38 35 20 4 21 18
split_gain=278.092 162.73 152.388 120.937 108.648 96.7238
threshold=1.0000000180025095e-35 15925.140833333337 0.087001221801710535 2183.5000000000005 0.41688948306595369 24.500000000000004
decision_type=2 10 10 10 10 10
left_child=1 3 -2 4 -1 -4
right_child=2 -3 5 -5 -6 -7
leaf_value=-0.0041497787088898034 0.033877019629655614 -0.049419335571837676 -0.0022027942274244353 -0.00060190471934866191 -0.044907016212677418 0.02745401694462455
leaf_weight=347.36773297190666 773.08047091960907 193.19788508117199 981.04837834835052 4899.4426424354315 305.8432984277606 376.63000625371933
leaf_count=2172 564 1426 889 23593 2142 216
internal_value=0.000824217 -0.00489808 0.0162304 -0.00330595 -0.0234291 0.00609477
internal_weight=7876.61 5745.85 2130.76 5552.65 653.211 1357.68
internal_count=31002 29333 1669 27907 4314 1105
is_linear=0
shrinkage=0.05


Tree=37
num_leaves=7
num_cat=0
split_feature=37 34 19 20 4 8
split_gain=263.916 158.466 161.325 115.983 108.951 98.0928
threshold=0.25833333333333336 6445.748611111112 4.5000000000000009 0.60050505050505054 2731.5000000000005 2.5000000000000004
decision_type=2 8 10 10 10 10
left_child=-1 -2 3 4 -3 -6
right_child=1 2 -4 -5 5 -7
leaf_value=-0.021064664198023851 0.0067806948473637767 -0.0054294054923084388 -0.036433961933214985 -0.040213665994348308 0.098030470506996564 -0.00074676404123120228
leaf_weight=1240.2148931920528 5869.8743714019656 110.36817637830973 447.35427639633417 76.578603357076645 68.714769944548607 38.023656457662582
leaf_count=6826 19515 776 2846 521 394 209
internal_value=5.24238e-05 0.00402694 -0.0176852 0.0110056 0.0295704 0.064384
internal_weight=7851.13 6610.91 741.039 293.685 217.107 106.738
internal_count=31087 24261 4746 1900 1379 603
is_linear=0
shrinkage=0.05


Tree=38
num_leaves=7
num_cat=0
split_feature=15 24 29 35 14 22
split_gain=238.414 173.45 115.064 99.2254 93.2004 92.7208
threshold=143.50000000000003 143.50000000000003 2.5000000000000004 11481.93652777778 192.50000000000003 1.2553331078903378
decision_type=8 10 2 10 10 10
left_child=1 3 4 -1 -2 -3
right_child=2 5 -4 -5 -6 -7
leaf_value=-0.0081844963899950132 0.018444319816124571 0.00040537377352383374 0.051333489710795259 -0.037096197267175168 -0.013173099174834528 0.022334456455214622
leaf_weight=3556.8256448209286 1152.5208864659071 1745.0623024255037 210.89609107375145 319.54148048907518 287.99170516431332 661.09993040561676
leaf_count=16317 3487 5769 226 2347 872 2097
internal_value=0.000373876 -0.00407228 0.0172498 -0.0106125 0.0120996 0.00646427
internal_weight=7933.94 6282.53 1651.41 3876.37 1440.51 2406.16
internal_count=31115 26530 4585 18664 4359 7866
is_linear=0
shrinkage=0.05


Tree=39
num_leaves=7
num_cat=0
split_feature=37 14 21 36 37 24
split_gain=213.311 148.11 107.265 97.4194 113.137 95.1687
threshold=0.25833333333333336 38.500000000000007 0.6002056202878685 51.192083333333336 0.40588235294117653 27.500000000000004
decision_type=2 8 10 10 2 10
left_child=5 2 -2 -4 -5 -1
right_child=1 -3 3 4 -6 -7
leaf_value=-0.041508034495022078 0.0029707341605044076 0.014349100633729931 -0.031030897221390352 0.041207782391817237 -0.011446953016656859 -0.010444044645595309
leaf_weight=340.78904865682125 3330.9059208631516 2117.6631857678294 505.00259013473988 118.6372387856245 578.65725897997618 877.89531934261322
leaf_count=2354 12776 5907 2815 457 2261 4448
internal_value=-7.84481e-05 0.00344903 -0.00165308 -0.0144224 -0.00225871 -0.0192648
internal_weight=7869.55 6650.87 4533.2 1202.3 697.294 1218.68
internal_count=31018 24216 18309 5533 2718 6802
is_linear=0
shrinkage=0.05


Tree=40
num_leaves=7
num_cat=0
split_feature=15 21 37 11 29 21
split_gain=206.843 147.053 137.974 121.068 111.193 99.5564
threshold=143.50000000000003 0.49625410517758356 0.46410256410256417 184.50000000000003 2.5000000000000004 0.43415284924718894
decision_type=8 10 2 10 2 10
left_child=1 2 5 -3 -2 -1
right_child=4 3 -4 -5 -6 -7
leaf_value=-0.017832331014110865 0.010484165725888894 -0.020707354885521785 0.0090519575798534528 0.0040313617539142243 0.049566595049473867 0.015571505598896522
leaf_weight=1072.5981353372335 1408.1298023313284 1795.363986350596 2372.0889033079147 679.86848674714565 204.94035941362381 277.13156517595053
leaf_count=5309 4283 9474 8307 2318 224 1181
internal_value=-0.000333184 -0.00448648 0.00179629 -0.013918 0.0155874 -0.0109416
internal_weight=7810.12 6197.05 3721.82 2475.23 1613.07 1349.73
internal_count=31096 26589 14797 11792 4507 6490
is_linear=0
shrinkage=0.05


Tree=41
num_leaves=7
num_cat=0
split_feature=34 23 24 24 11 29
split_gain=193.688 166.834 113.64 112.202 111.852 97.1198
threshold=5289.063472222223 5.936436594464511 872.50000000000011 1076.5000000000002 247.50000000000003 2.5000000000000004
decision_type=8 8 10 10 10 2
left_child=1 2 5 -4 -2 -1
right_child=4 -3 3 -5 -6 -7
leaf_value=-0.0027318983828725652 -0.022583822231786222 0.039226582941648103 0.043978253601986657 0.0045843870500236706 0.05416467236900268 0.026207430943051092
leaf_weight=5291.3310102820396 1082.509563587606 299.46073327958584 283.64811311662197 487.15871232748032 44.983605176210403 301.71251064538956
leaf_count=20259 7395 701 823 1437 254 289
internal_value=-0.00017833 0.00306863 0.0013377 0.0192709 -0.0192962 -0.00114877
internal_weight=7790.8 6663.31 6363.85 770.807 1127.49 5593.04
internal_count=31158 23509 22808 2260 7649 20548
is_linear=0
shrinkage=0.05


Tree=42
num_leaves=7
num_cat=0
split_feature=28 24 21 36 36 4
split_gain=189.041 161.891 169.893 124.356 122.675 207.727
threshold=2.5000000000000004 14.500000000000002 0.39146178768820289 5118.1291666666675 3806.3420833333334 26624.000000000004
decision_type=2 10 8 10 10 10
left_child=1 2 -1 4 -3 -6
right_child=-2 3 -4 -5 5 -7
leaf_value=0.045206660826593581 0.042981572104054261 0.002314906685878877 -0.027659552510768889 -0.020793475727871949 -0.010755276258136909 0.094086921370918841
leaf_weight=83.877722658216953 244.56694714725018 5885.4320755749941 837.98514437675476 567.44757708907127 90.032342918217182 92.31756380200386
leaf_count=478 165 21183 5013 3403 558 275
internal_value=0.00016587 -0.00124726 -0.0208216 0.00148592 0.00358485 0.0434172
internal_weight=7801.66 7557.09 921.863 6635.23 6067.78 182.35
internal_count=31075 30910 5491 25419 22016 833
is_linear=0
shrinkage=0.05


Tree=43
num_leaves=7
num_cat=0
split_feature=34 24 25 4 8 24
split_gain=240.696 136.922 91.3938 90.8291 125.483 116.014
threshold=63.217361111111117 14.500000000000002 0.15849358974358976 1925.5000000000002 12.500000000000002 831.50000000000011
decision_type=8 10 10 10 10 10
left_child=-1 2 -2 -3 -5 -6
right_child=1 3 -4 4 5 -7
leaf_value=0.015527755647487497 -0.00055085589952540831 -0.024816112742717951 -0.036745597176889383 0.012282849758717969 -0.0098895175378898477 0.015820562066948183
leaf_weight=2200.6491105258465 272.50410534441471 361.52173535525799 480.25254535675049 1600.6413486674428 2364.9285875335336 533.7718417942524
leaf_count=1851 1658 2443 3579 8248 11137 2172
internal_value=0.00153179 -0.00396384 -0.0237329 -0.000881153 0.00106743 -0.00513613
internal_weight=7814.27 5613.62 752.757 4860.86 4499.34 2898.7
internal_count=31088 29237 5237 24000 21557 13309
is_linear=0
shrinkage=0.05


Tree=44
num_leaves=7
num_cat=0
split_feature=38 20 37 16 16 16
split_gain=176.153 142.293 119.475 112.929 73.051 71.1527
threshold=1.0000000180025095e-35 0.089491413808824291 0.25833333333333336 706.50000000000011 199.50000000000003 94.500000000000014
decision_type=2 10 2 10 10 10
left_child=2 4 -1 5 -2 -3
right_child=1 3 -4 -5 -6 -7
leaf_value=-0.019484310669401581 0.0088568595633425149 0.012437656100564503 -0.00058915643761542173 0.02602307670182006 0.041239910588010437 -0.01605053738995945
leaf_weight=1017.8394951969385 271.27153055369854 331.94787633419037 4596.4446473121643 376.09680683910847 498.63004207611084 624.00004898011684
leaf_count=6695 180 316 22587 331 381 443
internal_value=0.000594287 0.0129234 -0.00402904 0.00300092 0.0299607 -0.00614492
internal_weight=7716.23 2101.95 5614.28 1332.04 769.902 955.948
internal_count=30933 1651 29282 1090 561 759
is_linear=0
shrinkage=0.05


Tree=45
num_leaves=7
num_cat=0
split_feature=35 2 4 12 19 38
split_gain=159.885 131.451 128.52 119.13 106.117 87.4163
threshold=1187.8637500000002 3923.0000000000005 2364.5000000000005 32.500000000000007 10.500000000000002 1.0000000180025095e-35
decision_type=8 10 8 10 10 2
left_child=1 5 3 -2 -3 -1
right_child=2 4 -4 -5 -6 -7
leaf_value=0.0067260286637586368 -0.038112388459138308 0.020572867039752807 -0.002180037278824108 0.0080982960885469159 -0.009170406084044699 0.033434365639121007
leaf_weight=553.85378058254719 497.987120680511 417.53085593879223 4383.5838341638446 190.84889405220747 1028.0946790128946 689.28056475520134
leaf_count=2275 3689 768 20352 1116 2456 555
internal_value=-0.000123716 0.00972264 -0.00534746 -0.0253432 -0.000538545 0.0216096
internal_weight=7761.18 2688.76 5072.42 688.836 1445.63 1243.13
internal_count=31211 6054 25157 4805 3224 2830
is_linear=0
shrinkage=0.05


Tree=46
num_leaves=7
num_cat=0
split_feature=15 22 36 8 8 36
split_gain=162.836 120.092 80.7599 91.6236 163.548 86.3833
threshold=1.0000000180025095e-35 35.665644235385699 5118.1291666666675 20.500000000000004 8.5000000000000018 1.7748611111111112
decision_type=8 8 10 10 10 8
left_child=-1 2 5 4 -4 -2
right_child=1 -3 3 -5 -6 -7
leaf_value=-0.024065030686138508 -0.027657799324949647 0.052313844960698699 -0.016980777701751226 -0.042285581692412928 0.072041627411538481 0.0037573397410972892
leaf_weight=653.73188046365976 221.8229298889637 111.28993386775255 278.20087611675262 215.01846002042294 58.085884109139442 6227.6058805286884
leaf_count=4244 815 269 1708 1319 318 22524
internal_value=-0.000282084 0.0019194 0.00108152 -0.0171988 -0.000774016 0.00265625
internal_weight=7765.76 7112.02 7000.73 551.305 336.287 6449.43
internal_count=31197 26953 26684 3345 2026 23339
is_linear=0
shrinkage=0.05


Tree=47
num_leaves=7
num_cat=0
split_feature=37 15 12 8 0 34
split_gain=159.2 104.078 88.6292 66.4904 113.348 110.745
threshold=0.25833333333333336 146.50000000000003 4847.0000000000009 14.500000000000002 66.500000000000014 6445.748611111112
decision_type=2 8 10 10 10 8
left_child=2 3 -1 4 -2 -5
right_child=1 -3 -4 5 -6 -7
leaf_value=-0.019920244650694887 0.0014865655314049572 0.014173511901218978 0.056750870460717619 -0.0024314916336515297 0.036586284847698096 -0.033999004393686465
leaf_weight=1129.800988972187 1940.2161901369691 1492.8107702285051 34.26270680129528 2490.5104966461658 256.0197007805109 307.86585566401482
leaf_count=6766 8722 4095 104 8507 749 2116
internal_value=-0.000445582 0.00261316 -0.0174305 -0.000852768 0.00565202 -0.00595886
internal_weight=7651.49 6487.42 1164.06 4994.61 2196.24 2798.38
internal_count=31059 24189 6870 20094 9471 10623
is_linear=0
shrinkage=0.05


Tree=48
num_leaves=7
num_cat=0
split_feature=37 23 34 21 37 24
split_gain=167.778 157.262 138.014 113.38 99.4713 111.51
threshold=0.73385416666666681 5.0353701788701182 10765.585138888891 0.24989660876757655 0.75204918032786894 27.500000000000004
decision_type=2 8 8 10 2 10
left_child=1 2 -1 -3 -2 -6
right_child=4 3 -4 -5 5 -7
leaf_value=-0.0030710524631656568 0.044196378606800202 0.071660062311103612 -0.030751415315282776 0.011825901866960448 -0.043080039582044996 0.013985644800961004
leaf_weight=5284.3625091910362 248.72008663415909 93.677316911518574 487.45566540956497 415.75886027514935 87.778713412582874 1126.8228637203574
leaf_count=21236 571 282 3719 1633 493 3235
internal_value=0.000478133 -0.00307664 -0.00543337 0.023418 0.0156954 0.00970183
internal_weight=7744.58 6281.25 5771.82 509.436 1463.32 1214.6
internal_count=31169 26870 24955 1915 4299 3728
is_linear=0
shrinkage=0.05


Tree=49
num_leaves=7
num_cat=0
split_feature=37 21 34 19 24 28
split_gain=156.852 118.505 99.7438 109.466 92.0227 87.6617
threshold=0.25833333333333336 0.06277844413982181 6445.748611111112 4.5000000000000009 27.500000000000004 2.5000000000000004
decision_type=2 10 8 10 10 2
left_child=4 -2 5 -4 -1 -3
right_child=1 2 3 -5 -6 -7
leaf_value=-0.039671794878732292 0.072151934256596717 0.0038546107581688641 0.0093565182161693544 -0.031152731027580122 -0.0078294965792030432 0.038166039632350608
leaf_weight=307.38772705197334 57.298730194568634 5572.314432837069 273.89561126381159 414.07647793740034 842.16109654307365 187.69556391239166
leaf_count=2415 128 19265 1869 2889 4471 150
internal_value=0.000506025 0.0035178 0.00285247 -0.015074 -0.016479 0.00500481
internal_weight=7654.83 6505.28 6447.98 687.972 1149.55 5760.01
internal_count=31187 24301 24173 4758 6886 19415
is_linear=0
shrinkage=0.05


Tree=50
num_leaves=7
num_cat=0
split_feature=22 24 27 36 36 8
split_gain=141.292 134.583 125.389 85.3524 86.6873 167.878
threshold=35.665644235385699 16.500000000000004 2.5000000000000004 5118.1291666666675 3806.3420833333334 77.500000000000014
decision_type=8 10 2 10 10 10
left_child=1 -1 3 4 -3 -6
right_child=-2 2 -4 -5 5 -7
leaf_value=-0.019465520121656695 0.0510400244092327 0.00052415509072742785 0.060731895369774393 -0.01921337138426573 0.0047591872110408495 0.1083944355327098
leaf_weight=941.49283861368895 123.49707567691803 5785.1505190432072 80.84395444393158 530.72737689316273 136.12960034608841 50.092213079333305
leaf_count=5872 318 20676 39 3293 725 131
internal_value=-0.000949552 -0.00183617 0.000698037 -9.44877e-05 0.00161943 0.0347416
internal_weight=7647.93 7524.44 6582.94 6502.1 5971.37 186.222
internal_count=31054 30736 24864 24825 21532 856
is_linear=0
shrinkage=0.05


Tree=51
num_leaves=7
num_cat=0
split_feature=37 22 37 36 8 36
split_gain=127.203 85.009 96.5752 76.6297 110.346 107.806
threshold=0.25833333333333336 35.665644235385699 0.73385416666666681 167.95194444444448 259.50000000000006 133.43680555555559
decision_type=2 8 2 10 10 10
left_child=-1 2 -2 4 5 -4
right_child=1 -3 3 -5 -6 -7
leaf_value=-0.016004099772930054 -0.0018954753810179643 0.04429819124674874 -0.00084784659198435832 0.023465082067653992 0.029737383978221388 -0.060071264623401989
leaf_weight=1120.6465281620622 4919.0189053118229 112.78870861232281 348.67783750593662 772.70679722726345 209.05829831957817 93.616374552249908
leaf_count=6824 19675 317 1066 2101 565 553
internal_value=-0.000493289 0.00220947 0.00142677 0.012869 0.000215828 -0.0139145
internal_weight=7576.51 6455.87 6343.08 1424.06 651.353 442.294
internal_count=31101 24277 23960 4285 2184 1619
is_linear=0
shrinkage=0.05


Tree=52
num_leaves=7
num_cat=0
split_feature=23 34 37 4 38 36
split_gain=132.097 143.448 115.391 85.0219 75.0569 80.9889
threshold=5.0353701788701182 10765.585138888891 0.37797619047619052 129955.50000000001 1.5000000000000002 1.7748611111111112
decision_type=8 8 2 10 2 8
left_child=1 2 4 -3 5 -1
right_child=-2 3 -4 -5 -6 -7
leaf_value=-0.049574797295308747 0.022571943096183128 -0.034013920128784833 0.0036850162216907263 0.053656400041762135 -0.058219115528488921 -0.0060419786084378296
leaf_weight=109.37514679133892 568.29397916048765 447.34256582707167 4721.7906133234501 25.063909985125065 75.762015715241432 1665.4647569879889
leaf_count=517 2080 3639 15482 142 28 9223
internal_value=-0.000509195 -0.00238581 -0.000463197 -0.0288493 -0.0110287 -0.00885644
internal_weight=7613.09 7044.8 6572.39 472.406 1850.6 1774.84
internal_count=31111 29031 25250 3781 9768 9740
is_linear=0
shrinkage=0.05


Tree=53
num_leaves=7
num_cat=0
split_feature=15 30 21 21 8 21
split_gain=144.755 104.613 91.1108 112.383 101.514 82.1922
threshold=116.50000000000001 2.5000000000000004 0.6002056202878685 0.96899038461538478 19.500000000000004 0.69495591361624531
decision_type=8 2 10 10 10 10
left_child=2 -2 -1 -4 -5 -3
right_child=1 5 3 4 -6 -7
leaf_value=-0.00055549686097651778 0.0044707786432142899 0.044806221949734951 -0.020479464707920902 -0.0081353674501632202 0.062663762836416989 0.0021943395841219236
leaf_weight=4157.1044512465596 1420.3243492245674 340.10649839788675 1281.2704615816474 130.93143848329782 76.565083146095276 169.17282390594482
leaf_count=17779 4724 585 6748 645 198 302
internal_value=-0.000320748 0.0114842 -0.00436195 -0.0149533 0.0188489 0.0308103
internal_weight=7575.48 1929.6 5645.87 1488.77 207.497 509.279
internal_count=30981 5611 25370 7591 843 887
is_linear=0
shrinkage=0.05


Tree=54
num_leaves=7
num_cat=0
split_feature=29 21 15 4 4 16
split_gain=131.346 105.172 104.533 70.6825 64.9556 67.253
threshold=2.5000000000000004 0.06277844413982181 1.0000000180025095e-35 134456.00000000003 2364.5000000000005 36.500000000000007
decision_type=2 10 10 10 10 10
left_child=1 -1 3 -3 -4 -6
right_child=-2 2 4 -5 5 -7
leaf_value=0.064633760233804641 0.030719178046281388 -0.027628660720103167 -0.016218447347125724 0.029405867314454649 0.016755085299319804 -0.00059246648055797041
leaf_weight=54.409013517200947 323.10495243221521 542.83417149633169 582.34728888422251 56.218350693583488 618.09042630344629 5403.2507259398699
leaf_count=151 360 3911 3641 219 2655 20214
internal_value=-0.000225034 -0.00162294 -0.00216793 -0.0220771 -0.000346534 0.00120068
internal_weight=7580.25 7257.15 7202.74 599.053 6603.69 6021.34
internal_count=31151 30791 30640 4130 26510 22869
is_linear=0
shrinkage=0.05


Tree=55
num_leaves=7
num_cat=0
split_feature=21 16 37 25 21 37
split_gain=109.015 105.042 100.327 94.2652 76.7813 71.4623
threshold=0.6002056202878685 299.50000000000006 0.39047619047619053 0.64715578539107965 0.081574453837783556 0.17424242424242428
decision_type=10 10 2 10 10 2
left_child=2 5 3 -1 -4 -2
right_child=1 -3 4 -5 -6 -7
leaf_value=0.0058582614440256982 0.017130663506107688 0.0024916582404904625 0.055923022343937728 -0.019770987034753926 0.0067897943465253137 -0.023336886006766602
leaf_weight=677.44938655942678 117.41078867763281 990.34810376167297 76.371086567640305 753.4285836443305 3741.9672802016139 1103.5603033304214
leaf_count=3596 712 3159 212 4007 13112 6185
internal_value=-0.00030789 -0.00960751 0.00361514 -0.00765867 0.00784436 -0.0193915
internal_weight=7460.54 2211.32 5249.22 1430.88 3818.34 1220.97
internal_count=30983 10056 20927 7603 13324 6897
is_linear=0
shrinkage=0.05


Tree=56
num_leaves=7
num_cat=0
split_feature=29 14 22 24 22 23
split_gain=111.437 100.839 72.8179 73.758 77.6885 73.1177
threshold=4.5000000000000009 19.500000000000004 35.665644235385699 879.50000000000011 0.31719166506619151 0.59422853758702432
decision_type=2 8 8 10 10 10
left_child=1 -1 3 4 -3 -5
right_child=-2 2 -4 5 -6 -7
leaf_value=-0.0047070330598701802 0.045028106244531185 -0.037465792507870209 0.058071547036090888 0.055561494724248595 0.0045011081358098315 0.011337642322355573
leaf_weight=4388.4253631904721 135.95865820348263 110.49763049930334 63.570972546935081 128.91936130821705 2443.9397116750479 321.63327573239803
leaf_count=20898 124 403 119 342 8234 946
internal_value=0.000985644 0.000153011 0.00709983 0.00592684 0.0026161 0.0244626
internal_weight=7592.94 7456.99 3068.56 3004.99 2554.44 450.553
internal_count=31066 30942 10044 9925 8637 1288
is_linear=0
shrinkage=0.05


Tree=57
num_leaves=7
num_cat=0
split_feature=15 27 22 37 21 34
split_gain=100.989 92.1037 76.1314 72.4547 58.8678 75.9209
threshold=1.0000000180025095e-35 2.5000000000000004 18.288115100924731 0.93541666666666679 0.42671717171717177 3709.3612500000004
decision_type=10 2 10 2 10 10
left_child=4 2 3 -2 5 -1
right_child=1 -3 -4 -5 -6 -7
leaf_value=0.013480534589886664 4.9753304430121102e-05 0.050589316135304818 0.037422376619068713 0.056566947084068966 -0.033652985762960032 -0.045083557251240781
leaf_weight=202.42738988995552 6699.0577699393034 91.079591408371925 137.78757364302874 52.192347019910812 323.25145401060581 70.489083357155323
leaf_count=1021 26268 52 472 112 2481 657
internal_value=0.000279513 0.00197173 0.00129274 0.000528214 -0.0193851 -0.00218441
internal_weight=7576.29 6980.12 6889.04 6751.25 596.168 272.916
internal_count=31063 26904 26852 26380 4159 1678
is_linear=0
shrinkage=0.05


Tree=58
num_leaves=7
num_cat=0
split_feature=15 27 36 12 24 22
split_gain=107.419 83.4757 85.2118 69.6971 62.5089 139.968
threshold=1.0000000180025095e-35 2.5000000000000004 1.7748611111111112 13.500000000000002 872.50000000000011 0.63644034196265753
decision_type=8 2 8 10 8 10
left_child=3 2 -2 -1 -4 -6
right_child=1 -3 4 -5 5 -7
leaf_value=-0.032619012492321707 -0.030382291774115795 0.049421262310217005 -0.00032667264751643101 0.0050230469224753146 0.036647237313273823 -0.006074455788522907
leaf_weight=403.18453981727362 212.34041684865952 83.046971015632153 5825.2535039559007 174.26700647175312 370.7562613338232 388.96963720023632
leaf_count=3076 840 49 23726 1156 1076 1193
internal_value=-0.000695893 0.00104871 0.000421826 -0.0213135 0.00143744 0.0148776
internal_weight=7457.82 6880.37 6797.32 577.452 6584.98 759.726
internal_count=31116 26884 26835 4232 25995 2269
is_linear=0
shrinkage=0.05


Tree=59
num_leaves=7
num_cat=0
split_feature=29 24 4 25 21 36
split_gain=159.886 96.2297 104.22 73.17 114.288 97.8933
threshold=2.5000000000000004 872.50000000000011 28825.500000000004 0.82314018855130489 0.20118723444212308 5118.1291666666675
decision_type=2 8 10 10 10 8
left_child=1 3 -3 4 -1 -6
right_child=-2 2 -4 -5 5 -7
leaf_value=0.064836815168079681 0.034963160812153213 0.039428427207830907 0.0011067897313399083 -0.019246091634964019 0.0016968633503535663 -0.013608081463329886
leaf_weight=59.699835598468781 317.61331940442324 284.55478850007057 458.91404391825199 620.97005757689476 4330.536554582417 1371.6528241485357
leaf_count=207 368 823 1432 2717 16194 9238
internal_value=0.000534356 -0.00102354 0.0159394 -0.00301029 -0.00124536 -0.00199341
internal_weight=7443.94 7126.33 743.469 6382.86 5761.89 5702.19
internal_count=30979 30611 2255 28356 25639 25432
is_linear=0
shrinkage=0.05


Tree=60
num_leaves=7
num_cat=0
split_feature=28 15 24 4 4 23
split_gain=107.587 85.5019 58.7886 93.5233 85.7031 71.6819
threshold=2.5000000000000004 1.0000000180025095e-35 872.50000000000011 25782.500000000004 97375.000000000015 5.0353701788701182
decision_type=2 8 8 10 10 10
left_child=1 -1 5 -4 -5 -3
right_child=-2 2 3 4 -6 -7
leaf_value=-0.019562985339793604 0.035088641271734493 -0.0026864280179451404 0.038846735647881908 -0.0083325181317612518 0.043126363436142207 0.018618632912321444
leaf_weight=571.92163075506687 206.44442437589169 5558.2711277827621 242.2191423624754 421.77203457057476 94.84766098856926 419.98179748654366
leaf_count=4204 172 22902 678 1268 308 1587
internal_value=-7.26181e-05 -0.00108906 0.000492561 0.0135547 0.00143779 -0.00117541
internal_weight=7515.46 7309.01 6737.09 758.839 516.62 5978.25
internal_count=31119 30947 26743 2254 1576 24489
is_linear=0
shrinkage=0.05


Tree=61
num_leaves=7
num_cat=0
split_feature=24 25 11 12 21 16
split_gain=80.1099 90.0988 77.3379 83.2237 145.261 73.8905
threshold=14.500000000000002 0.20710681244743484 206.50000000000003 834.50000000000011 0.1972920063116681 36.500000000000007
decision_type=8 10 8 10 10 10
left_child=1 -1 3 -2 -5 -4
right_child=2 -3 5 4 -6 -7
leaf_value=0.00047437545950059466 0.0017072153210857793 -0.03174060106259019 0.056299785306415134 0.010336131527635392 -0.042045116156836329 0.010323542763804918
leaf_weight=479.94681997597218 5099.100483648479 391.00298369675875 92.5140720307827 233.63416320085526 295.49664199352264 888.01752510666847
leaf_count=2349 20852 3199 321 722 1037 2626
internal_value=0.000122348 -0.0140868 0.00200416 -0.000258122 -0.0190363 0.0149251
internal_weight=7479.71 870.95 6608.76 5628.23 529.131 980.532
internal_count=31106 5548 25558 22611 1759 2947
is_linear=0
shrinkage=0.05


Tree=62
num_leaves=7
num_cat=0
split_feature=37 12 38 8 4 35
split_gain=87.4615 67.6364 61.5358 74.1096 121.211 128.464
threshold=0.25833333333333336 6311.0000000000009 2.5000000000000004 13.500000000000002 99652.500000000015 8988.4988888888893
decision_type=2 10 2 10 8 10
left_child=1 -1 3 4 5 -2
right_child=2 -3 -4 -5 -6 -7
leaf_value=-0.015019855321792105 0.0015599299259997327 0.053005043427713151 0.024821546349243613 -0.0025856725550924085 0.038077106151448922 0.068852787776227067
leaf_weight=1044.1247337758541 1827.277220480144 33.046210154891014 294.03429832309484 3862.7745906636119 301.59434178471565 68.798805050551891
leaf_count=6791 8033 76 334 14315 1123 412
internal_value=0.000442987 -0.0126977 0.00267874 0.00158486 0.00890451 0.00417631
internal_weight=7431.65 1077.17 6354.48 6060.44 2197.67 1896.08
internal_count=31084 6867 24217 23883 9568 8445
is_linear=0
shrinkage=0.05


Tree=63
num_leaves=7
num_cat=0
split_feature=23 37 36 36 36 4
split_gain=107.189 112.213 102.929 80.985 108.333 99.7424
threshold=5.936436594464511 0.56125000000000014 5.0402777777777787 47.087083333333339 133.43680555555559 41151.000000000007
decision_type=8 2 10 10 10 10
left_child=1 -1 -3 5 -5 -4
right_child=-2 2 3 4 -6 -7
leaf_value=-0.0068204774751825098 0.023667364512477643 0.052001507961937837 0.013069734235590519 0.044045470379169331 0.0049287058444413747 -0.029799751699853785
leaf_weight=4150.8894893974066 442.67153864353895 111.82139228284359 221.02484951168299 189.28230586647987 2014.1738348826766 337.26505601406097
leaf_count=20436 1692 284 638 427 6488 1203
internal_value=-5.50333e-05 -0.00156576 0.00602339 0.00407115 0.00838104 -0.0128625
internal_weight=7467.13 7024.46 2873.57 2761.75 2203.46 558.29
internal_count=31168 29476 9040 8756 6915 1841
is_linear=0
shrinkage=0.05


Tree=64
num_leaves=7
num_cat=0
split_feature=21 15 27 9 4 12
split_gain=85.6045 78.9955 63.479 62.6281 53.5585 51.2947
threshold=0.06277844413982181 1.0000000180025095e-35 2.5000000000000004 1386.0000000000002 141674.50000000003 26.500000000000004
decision_type=10 10 2 10 10 10
left_child=-1 4 3 -3 5 -2
right_child=1 2 -4 -5 -6 -7
leaf_value=0.058655914871469331 -0.03197496967383353 0.00010887268982610775 0.046235779306119225 0.041619973995284269 0.031071469996058865 0.0046288423871862572
leaf_weight=57.109219670295715 384.88914270699024 6661.7337148934603 72.331162571907043 87.11846698820591 45.895647138357162 125.31534323841333
leaf_count=159 3191 26459 47 192 183 780
internal_value=0.000201125 -0.000290807 0.00119177 0.00067514 -0.0183249 -0.0230267
internal_weight=7434.39 7377.28 6821.18 6748.85 556.1 510.204
internal_count=31011 30852 26698 26651 4154 3971
is_linear=0
shrinkage=0.05


Tree=65
num_leaves=7
num_cat=0
split_feature=27 14 12 1 31 40
split_gain=101.294 79.1448 93.1824 110.786 112.879 77.9597
threshold=2.5000000000000004 1.0000000180025095e-35 74.500000000000014 5436.5000000000009 1.5000000000000002 10.500000000000002
decision_type=2 8 10 8 2 2
left_child=1 -1 3 4 5 -3
right_child=-2 2 -4 -5 -6 -7
leaf_value=-0.011358310888851614 0.055420214811163021 0.037219666176002864 -0.0043605485649217462 0.031914784961610335 -0.038592474010099909 0.0040521421080733826
leaf_weight=1418.8728334307671 76.100116789340973 188.0013712644577 3046.3809456527233 414.37025459110737 140.69994460046291 2185.6500743925571
leaf_count=8545 53 62 10799 1287 46 10382
internal_value=-0.000155508 -0.000764568 0.00175846 0.00811988 0.00414287 0.00675184
internal_weight=7470.08 7393.98 5975.1 2928.72 2514.35 2373.65
internal_count=31174 31121 22576 11777 10490 10444
is_linear=0
shrinkage=0.05


Tree=66
num_leaves=7
num_cat=0
split_feature=21 25 20 10 4 16
split_gain=73.4758 101.859 94.5546 88.971 83.122 106.659
threshold=0.6002056202878685 0.57909117054932424 0.0042441032121259591 351.50000000000006 202207.00000000003 311.50000000000006
decision_type=10 10 10 10 10 10
left_child=1 3 -3 -1 -4 -6
right_child=-2 2 4 -5 5 -7
leaf_value=0.01036283266757599 -0.0084432570885109304 0.026845897076725352 -0.0055192462081990372 0.056906129280444431 0.066878586016082153 -0.011621739650060893
leaf_weight=1247.4616488069296 2177.6426924616098 265.33242400735617 3412.5795313566923 107.40057966113091 86.950636669993401 79.33318242430687
leaf_count=5505 9979 1137 13516 322 248 259
internal_value=-0.000743595 0.00248645 -0.00167196 0.014248 -0.00382075 0.0301805
internal_weight=7376.7 5199.06 3844.2 1354.86 3578.86 166.284
internal_count=30966 20987 15160 5827 14023 507
is_linear=0
shrinkage=0.05


Tree=67
num_leaves=7
num_cat=0
split_feature=4 36 12 34 35 8
split_gain=72.9346 87.8139 76.6028 121.458 94.712 68.7136
threshold=2364.5000000000005 133.43680555555559 23.500000000000004 1964.4950000000001 7162.311111111112 12.500000000000002
decision_type=8 8 10 10 10 10
left_child=1 -1 -3 -4 -5 -2
right_child=5 2 3 4 -6 -7
leaf_value=0.0402978492212877 0.0087359167685547752 -0.03285316889315594 -0.017916584169019974 0.10374333764130611 -0.013931264272890204 -0.0018243531686213861
leaf_weight=62.402992628514767 2411.2099411487579 418.9182118549943 202.81496313214302 38.48993756622076 26.426590912044048 4246.0438164696097
leaf_count=200 10886 3409 1038 251 236 14987
internal_value=0.000336268 -0.0144025 -0.019629 0.00128568 0.0582692 0.00200419
internal_weight=7406.31 749.053 686.65 267.731 64.9165 6657.25
internal_count=31007 5134 4934 1525 487 25873
is_linear=0
shrinkage=0.05


Tree=68
num_leaves=7
num_cat=0
split_feature=21 4 36 21 37 36
split_gain=65.1657 79.3596 74.7402 70.1323 54.8658 76.3661
threshold=0.06277844413982181 2364.5000000000005 133.43680555555559 0.41688948306595369 0.73385416666666681 1.7748611111111112
decision_type=10 10 8 10 2 8
left_child=-1 2 -2 -4 5 -3
right_child=1 4 3 -5 -6 -7
leaf_value=0.053006777116953063 0.035910242055470755 -0.033303318545546301 -0.007930229211210572 -0.040968008073738967 0.0093074751569995201 -0.0009901598511537664
leaf_weight=50.045291766524315 55.937455154955387 184.55503264069557 376.73094030097127 279.0817323923111 1297.4545459672809 5177.1844420135021
leaf_count=154 196 711 2324 2510 3756 21472
internal_value=-0.00119592 -0.00159961 -0.017408 -0.0221931 0.000101822 -0.00213239
internal_weight=7420.99 7370.94 711.75 655.813 6659.19 5361.74
internal_count=31123 30969 5030 4834 25939 22183
is_linear=0
shrinkage=0.05


Tree=69
num_leaves=7
num_cat=0
split_feature=37 40 16 19 7 31
split_gain=82.8648 88.0067 60.2339 113.894 97.9377 62.4356
threshold=0.25833333333333336 9.5000000000000018 728.50000000000011 13.500000000000002 2.5000000000000004 1.5000000000000002
decision_type=2 2 8 10 10 2
left_child=-1 -2 5 -4 -5 -3
right_child=1 2 3 4 -6 -7
leaf_value=-0.012924952701770681 0.030388136456068332 -3.9250070248412812e-05 0.048827863516920922 -0.040649076286104875 0.010522590779540561 -0.026249317427464398
leaf_weight=1042.9920018091798 261.29706203937531 4750.3538827672601 168.81238866597414 100.91321164369583 795.97023364901543 233.62931655347347
leaf_count=6832 91 20788 527 344 2389 73
internal_value=9.59938e-05 0.00225645 0.00101729 0.0117773 0.00457155 -0.00129295
internal_weight=7353.97 6310.98 6049.68 1065.7 896.883 4983.98
internal_count=31044 24212 24121 3260 2733 20861
is_linear=0
shrinkage=0.05


Tree=70
num_leaves=7
num_cat=0
split_feature=35 27 4 16 20 20
split_gain=77.7227 65.6229 56.8196 81.6868 100.014 80.0649
threshold=15925.140833333337 2.5000000000000004 2364.5000000000005 36.500000000000007 0.73653699466056455 0.3208051659771971
decision_type=10 2 8 10 10 8
left_child=1 2 -1 4 5 -4
right_child=-2 -3 3 -5 -6 -7
leaf_value=-0.013092673454400234 -0.036934260975269036 0.045991461224516736 0.0092243904461497481 7.2614337266191815e-05 -0.033581499262556401 0.042559302736791073
leaf_weight=662.75962623208761 130.34441188722849 76.246519863605499 455.77884052693844 5704.0723589211702 84.129180751740932 296.92816287279129
leaf_count=4726 1403 54 2014 20805 735 1350
internal_value=0.000609118 0.00130621 0.000801669 0.00221844 0.0167576 0.0225684
internal_weight=7410.26 7279.91 7203.67 6540.91 836.836 752.707
internal_count=31087 29684 29630 24904 4099 3364
is_linear=0
shrinkage=0.05


Tree=71
num_leaves=7
num_cat=0
split_feature=34 19 8 12 3 24
split_gain=66.7013 115.525 74.9597 88.3029 81.2149 74.247
threshold=5507.9051388888902 4.5000000000000009 1.0000000180025095e-35 72.500000000000014 56760.000000000007 39.500000000000007
decision_type=8 10 8 10 8 10
left_child=2 5 -1 4 -4 -2
right_child=1 -3 3 -5 -6 -7
leaf_value=-0.0099410498161416633 -0.0061512696620666957 -0.028638441009010848 0.0092697722284862689 -0.0013383387767086901 0.048456272748226614 0.039451988965332252
leaf_weight=1040.704129986465 313.16568563878536 486.35512467473745 2415.0958548337221 2868.831230647862 135.33913315832615 119.26270295679569
leaf_count=4955 2832 3824 8622 9755 374 698
internal_value=0.0005236 -0.0120443 0.00231903 0.00468043 0.01144 0.00673319
internal_weight=7378.75 918.784 6459.97 5419.27 2550.43 432.428
internal_count=31060 7354 23706 18751 8996 3530
is_linear=0
shrinkage=0.05


Tree=72
num_leaves=7
num_cat=0
split_feature=24 4 4 23 4 35
split_gain=76.7352 90.7277 106.007 86.7782 53.063 51.7638
threshold=872.50000000000011 28825.500000000004 84834.000000000015 0.42620181554257824 19294.500000000004 15301.656527777779
decision_type=8 10 10 10 10 8
left_child=3 -2 -3 4 5 -1
right_child=1 2 -4 -5 -6 -7
leaf_value=-0.0015354434147347442 0.038378638648372689 -0.01244953578817613 0.03986680539632162 0.00056289309045755927 -0.038772890952259449 -0.051281912791870478
leaf_weight=379.13850601762533 270.53744715452194 340.84403479099274 129.49589036405087 6011.2876893095672 213.22981280088425 55.722985088825226
leaf_count=1897 808 1052 377 25418 881 619
internal_value=0.000385184 0.0155938 0.00222225 -0.00131726 -0.0186271 -0.00842041
internal_weight=7400.26 740.877 470.34 6659.38 648.091 434.861
internal_count=31052 2237 1429 28815 3397 2516
is_linear=0
shrinkage=0.05


Tree=73
num_leaves=7
num_cat=0
split_feature=27 21 10 12 21 36
split_gain=94.0955 71.5812 89.937 90.3837 95.8448 76.4391
threshold=2.5000000000000004 0.6002056202878685 188.50000000000003 788.50000000000011 0.1972920063116681 383.55402777777783
decision_type=2 10 10 10 10 10
left_child=1 2 3 5 -5 -1
right_child=-2 -3 -4 4 -6 -7
leaf_value=0.012662726313287805 0.054652787691823135 -0.0076837621611948667 0.030394217563117748 0.0055370770204911709 -0.033953342198454882 -0.001091137267403005
leaf_weight=1635.2076900079846 74.697304263710976 2125.6349969804287 282.31732003390789 276.640999391675 337.18618483096361 2628.1610281504691
leaf_count=6654 55 9994 782 808 1185 11569
internal_value=0.000618429 2.72912e-05 0.00320848 0.00160532 -0.0162548 0.00419279
internal_weight=7359.85 7285.15 5159.51 4877.2 613.827 4263.37
internal_count=31047 30992 20998 20216 1993 18223
is_linear=0
shrinkage=0.05


Tree=74
num_leaves=7
num_cat=0
split_feature=37 11 32 38 34 23
split_gain=67.7112 64.9572 63.3105 103.516 66.7733 57.8192
threshold=0.93933823529411775 206.50000000000003 3.5000000000000004 1.5000000000000002 1.179027777777778 0.819971913850852
decision_type=2 8 2 2 10 10
left_child=1 -1 3 4 -3 -6
right_child=-2 2 -4 -5 5 -7
leaf_value=-0.0018972028601662392 0.056303080153463282 0.035927767261712783 0.04632668847883073 -0.034886628029379946 0.024821650125573868 -0.0047283351104985341
leaf_weight=6189.3787275590003 49.110722966492176 228.93579512834549 108.74844824522734 124.99247127771378 244.12628633528948 489.73940463364124
leaf_count=27196 120 188 93 146 1152 2298
internal_value=0.000575054 0.000166667 0.010806 0.00705917 0.0126568 0.00520315
internal_weight=7435.03 7385.92 1196.54 1087.79 962.801 733.866
internal_count=31193 31073 3877 3784 3638 3450
is_linear=0
shrinkage=0.05


Tree=75
num_leaves=7
num_cat=0
split_feature=23 34 4 37 24 4
split_gain=79.8921 82.2408 113.436 52.1649 52.3065 61.0616
threshold=5.936436594464511 10765.585138888891 138948.50000000003 0.92450142450142458 14.500000000000002 1075.0000000000002
decision_type=8 8 10 2 10 10
left_child=1 3 -3 4 5 -1
right_child=-2 2 -4 -5 -6 -7
leaf_value=0.022498592216250956 0.020137952423101804 -0.029543969242239412 0.066513923859602628 0.047629864053354183 0.00055455725682664774 -0.023467872178949807
leaf_weight=82.372892372310162 436.92306545376778 410.01223740726709 28.512571066617966 51.129110805690289 5915.9921074509621 433.15215199440718
leaf_count=556 1693 3788 159 138 22124 2642
internal_value=-0.000474313 -0.00178913 -0.0226189 -0.000363734 -0.000781976 -0.0159776
internal_weight=7358.09 6921.17 438.525 6482.65 6431.52 515.525
internal_count=31100 29407 3947 25460 25322 3198
is_linear=0
shrinkage=0.05


Tree=76
num_leaves=7
num_cat=0
split_feature=37 31 24 8 8 8
split_gain=68.3155 58.1804 67.4026 61.9969 75.7719 54.7793
threshold=0.25833333333333336 1.5000000000000002 27.500000000000004 57.500000000000007 3.5000000000000004 13.500000000000002
decision_type=2 2 10 10 10 10
left_child=1 2 -1 4 -4 -2
right_child=5 -3 3 -5 -6 -7
leaf_value=-0.03133026220070996 0.0081896574976089674 -0.066081292848308257 -0.011051423928737061 -0.032329711376434513 0.023884073020406713 -0.0015096804915445169
leaf_weight=250.10035977512598 2296.1176898851991 42.221042528748512 330.8163140937686 129.26696860045195 283.96081864833832 3958.8904545530677
leaf_count=2363 9807 16 2084 803 1546 14377
internal_value=8.19406e-05 -0.0117762 -0.00915069 -0.00153596 0.00514752 0.0020545
internal_weight=7291.37 1036.37 994.144 744.044 614.777 6255.01
internal_count=30996 6812 6796 4433 3630 24184
is_linear=0
shrinkage=0.05


Tree=77
num_leaves=7
num_cat=0
split_feature=35 21 27 36 37 15
split_gain=74.5253 69.6859 52.623 56.4608 50.9438 49.7881
threshold=15925.140833333337 0.06277844413982181 2.5000000000000004 1.7748611111111112 0.53229166666666672 1.0000000180025095e-35
decision_type=10 10 2 8 2 10
left_child=1 -1 3 4 -3 -5
right_child=-2 2 -4 5 -6 -7
leaf_value=0.054374679649847948 -0.039109611988348308 -0.040049041781632225 0.042992383345539731 -0.01520708383238004 0.01558515325780876 0.0013462661661746075
leaf_weight=54.004918873310089 117.2420466542244 155.25465334951878 64.876113474369049 483.92396459728479 52.310961484909058 6400.1137839183211
leaf_count=123 1405 682 46 3542 162 25093
internal_value=-0.000396209 0.000259934 -0.00018611 -0.000611132 -0.0259912 0.000172431
internal_weight=7327.73 7210.48 7156.48 7091.6 207.566 6884.04
internal_count=31053 29648 29525 29479 844 28635
is_linear=0
shrinkage=0.05


Tree=78
num_leaves=7
num_cat=0
split_feature=21 28 36 4 36 36
split_gain=60.527 97.3081 59.5275 117.419 61.0646 71.6273
threshold=0.6002056202878685 2.5000000000000004 802.9787500000001 134456.00000000003 24.282500000000002 47.087083333333339
decision_type=10 2 10 10 8 8
left_child=1 -1 4 -4 -2 -6
right_child=2 -3 3 -5 5 -7
leaf_value=0.0017846712510447766 0.0092937661508971838 0.054262885004653219 -0.0062469214251780793 0.041320457836850663 -0.05653519500554826 -0.014263087372975519
leaf_weight=5056.6954294554889 234.81164038181305 84.917272284626961 620.50384570658207 158.73170971870422 107.54171198606491 996.76136422902346
leaf_count=20937 691 75 3563 530 286 4969
internal_value=-0.00022731 0.00270326 -0.00732994 0.00364431 -0.0137057 -0.018616
internal_weight=7259.96 5141.61 2118.35 779.236 1339.11 1104.3
internal_count=31051 21012 10039 4093 5946 5255
is_linear=0
shrinkage=0.05


Tree=79
num_leaves=7
num_cat=0
split_feature=18 35 8 16 8 36
split_gain=53.5048 50.7004 49.8025 100.71 91.6177 89.719
threshold=134.00000000000003 15925.140833333337 12.500000000000002 766.50000000000011 1.0000000180025095e-35 5118.1291666666675
decision_type=8 10 10 10 10 10
left_child=1 2 3 4 -1 -4
right_child=-2 -3 5 -5 -6 -7
leaf_value=-0.0062192761389870069 0.044054019804165477 -0.03245764128153724 -0.0011308549597040106 0.054472680430173982 0.012139644343498068 -0.034326523789486425
leaf_weight=1226.9494209177792 64.835258439183235 112.78995556756854 4047.2555238343775 97.251143231987953 1511.6783036440611 209.34983184933662
leaf_count=6470 151 1375 14645 295 6628 1343
internal_value=0.000499365 7.71695e-05 0.000617063 0.0057447 0.00391821 -0.00280185
internal_weight=7270.11 7205.27 7092.48 2835.88 2738.63 4256.61
internal_count=30907 30756 29381 13393 13098 15988
is_linear=0
shrinkage=0.05


Tree=80
num_leaves=7
num_cat=0
split_feature=23 34 4 37 36 4
split_gain=61.1962 84.3778 80.9122 66.14 66.2443 63.9958
threshold=5.0353701788701182 10765.585138888891 144121.00000000003 0.37797619047619052 1.7748611111111112 12168.500000000002
decision_type=8 8 10 2 8 10
left_child=1 3 -3 4 -1 -5
right_child=-2 2 -4 5 -6 -7
leaf_value=-0.04564116536455403 0.017015391662973757 -0.028487118969501225 0.057290062037477434 0.014331291721160917 -0.0048791685096144016 0.00071495103944451723
leaf_weight=101.22512146830559 534.31520316004753 378.04763774946332 25.013809099793434 1133.1328789964318 1654.6645850613713 3570.9837548062205
leaf_count=510 2050 3670 136 3851 9315 11665
internal_value=0.000797821 -0.000476245 -0.0225271 0.000915938 -0.00735198 0.0040066
internal_weight=7397.38 6863.07 403.061 6460.01 1755.89 4704.12
internal_count=31197 29147 3806 25341 9825 15516
is_linear=0
shrinkage=0.05


Tree=81
num_leaves=7
num_cat=0
split_feature=22 24 8 25 8 40
split_gain=61.941 77.4562 69.9608 101.098 108.637 92.1887
threshold=35.665644235385699 14.500000000000002 15.500000000000002 0.84023383886417879 1.0000000180025095e-35 14.500000000000002
decision_type=8 10 10 10 10 2
left_child=1 -1 3 4 5 -3
right_child=-2 2 -4 -5 -6 -7
leaf_value=-0.016553631591621952 0.037552852228688878 -0.042448666566389397 -0.0034418012900179437 -0.014408618801763806 0.02100041967993857 0.0046303277466444954
leaf_weight=718.60225150734186 100.48120587691665 117.85183000564575 3943.6014066934586 438.98524206131697 1260.3043909147382 672.67360851168633
leaf_count=5273 303 39 14291 1986 5112 3972
internal_value=-0.000483605 -0.00104385 0.000700073 0.00725411 0.0119148 -0.00261091
internal_weight=7252.5 7152.02 6433.42 2489.82 2050.83 790.525
internal_count=30976 30673 25400 11109 9123 4011
is_linear=0
shrinkage=0.05


Tree=82
num_leaves=7
num_cat=0
split_feature=23 24 20 40 27 37
split_gain=62.1068 76.3359 70.8208 105.455 73.4107 63.1837
threshold=5.936436594464511 14.500000000000002 0.0042441032121259591 12.500000000000002 2.5000000000000004 0.56125000000000014
decision_type=8 10 10 2 2 2
left_child=1 -1 3 -3 5 -4
right_child=-2 2 4 -5 -6 -7
leaf_value=-0.018828735250935008 0.017711457966276555 0.082839321679014186 -0.0069248097647538814 0.0085703226243390978 0.053593417773683052 0.0034926767338076276
leaf_weight=623.02436570450664 409.80120515823364 53.899791717529297 3294.3097401708364 261.60905020311475 54.277174904942513 2600.3436915129423
leaf_count=4751 1642 18 15311 1326 38 8002
internal_value=-0.00107975 -0.00220986 -0.000543343 0.0223524 -0.0017754 -0.00233022
internal_weight=7297.27 6887.46 6264.44 315.509 5948.93 5894.65
internal_count=31088 29446 24695 1344 23351 23313
is_linear=0
shrinkage=0.05


Tree=83
num_leaves=7
num_cat=0
split_feature=27 20 16 4 24 16
split_gain=78.4061 55.0753 81.101 57.2752 83.7671 64.13
threshold=2.5000000000000004 0.0065729372830359185 37.500000000000007 2119.5000000000005 3.5000000000000004 36.500000000000007
decision_type=2 10 10 10 10 10
left_child=1 2 -1 4 -3 -5
right_child=-2 3 -4 5 -6 -7
leaf_value=-0.024395785377474763 0.052682836989565912 0.025712728352558958 0.027390236803784464 0.01269158158731846 -0.027266835612940566 -0.0020379768480881986
leaf_weight=91.414696801453829 65.733681216835976 87.100168272852898 356.52957485616207 849.067616276443 403.70190345868468 5477.9727450609207
leaf_count=579 57 511 1372 4710 3205 20722
internal_value=0.000295257 -0.000214598 0.0166693 -0.0013353 -0.0177003 -5.28586e-05
internal_weight=7331.52 7265.79 447.944 6817.84 490.802 6327.04
internal_count=31156 31099 1951 29148 3716 25432
is_linear=0
shrinkage=0.05


Tree=84
num_leaves=7
num_cat=0
split_feature=0 16 27 20 31 35
split_gain=57.7734 100.525 68.464 61.4531 47.0254 44.1986
threshold=27.500000000000004 42.500000000000007 1.5000000000000002 0.62639354663282887 1.5000000000000002 14711.324027777779
decision_type=8 10 2 10 2 10
left_child=2 -2 3 4 5 -1
right_child=1 -3 -4 -5 -6 -7
leaf_value=-0.0022346008470241255 0.0320862075825998 0.0018166453263334034 0.043741451649034778 -0.041544281865651518 -0.034030689469717428 -0.038582667371562157
leaf_weight=2754.4871988259256 290.48241390287876 3835.0851714760065 65.478918850421906 112.81351213157177 125.70053349435329 81.293516874313354
leaf_count=14253 1189 13317 42 1171 42 1026
internal_value=9.65209e-05 0.00398419 -0.00500998 -0.00611766 -0.00470039 -0.00334267
internal_weight=7265.34 4125.57 3139.77 3074.29 2961.48 2835.78
internal_count=31040 14506 16534 16492 15321 15279
is_linear=0
shrinkage=0.05


Tree=85
num_leaves=7
num_cat=0
split_feature=37 24 24 16 34 3
split_gain=59.1023 60.2789 71.7739 50.0858 73.0647 65.1965
threshold=0.93933823529411775 872.50000000000011 1076.5000000000002 350.50000000000006 900.9837500000001 9100.5000000000018
decision_type=2 8 10 10 10 10
left_child=1 -1 -3 4 -4 -5
right_child=-2 2 3 5 -6 -7
leaf_value=-0.0019301670334640937 0.052559850898206834 0.033238765157746222 -0.040616521131226963 0.029138203094632734 0.018866885701899882 -0.025651724146896177
leaf_weight=6475.6700524576008 48.12735153734684 272.14085941016674 124.41217435896397 205.33902862668037 82.008288845419884 68.872721925377846
leaf_count=28780 120 822 302 607 333 203
internal_value=1.57455e-05 -0.000370185 0.0129736 0.00127512 -0.0170972 0.0151639
internal_weight=7276.57 7228.44 752.773 480.632 206.42 274.212
internal_count=31167 31047 2267 1445 635 810
is_linear=0
shrinkage=0.05


Tree=86
num_leaves=7
num_cat=0
split_feature=21 23 23 38 34 28
split_gain=60.2301 84.7346 90.8691 115.544 74.7632 60.6406
threshold=0.6002056202878685 1.1379678670609683 2.5905326821396195 1.5000000000000002 1425.4655555555557 2.5000000000000004
decision_type=10 10 10 2 8 2
left_child=5 -2 3 -3 -4 -1
right_child=1 2 4 -5 -6 -7
leaf_value=0.0023165799419903438 0.0029410529714899158 -0.020540240203561932 0.018700492102200296 -0.087769598606681043 -0.026339592779057487 0.045060806154091443
leaf_weight=5065.9050743840635 1084.2536475807428 618.64249387010932 250.01137774437666 67.256358996033669 139.29198779165745 79.381253946572542
leaf_count=20989 5271 3052 648 61 1051 74
internal_value=7.79186e-05 -0.00692085 -0.0168334 -0.0277199 0.00245559 0.00301914
internal_weight=7304.74 2159.46 1075.2 685.899 389.303 5145.29
internal_count=31146 10083 4812 3113 1699 21063
is_linear=0
shrinkage=0.05


Tree=87
num_leaves=7
num_cat=0
split_feature=24 4 4 31 40 8
split_gain=50.2711 67.233 57.1538 54.6812 80.6103 63.6343
threshold=872.50000000000011 26624.000000000004 61089.000000000007 1.5000000000000002 12.500000000000002 15.500000000000002
decision_type=8 10 10 2 2 10
left_child=3 -2 -3 4 -1 -6
right_child=1 2 -4 -5 5 -7
leaf_value=0.014693519370099304 0.033085075752740854 -0.010020921110030256 0.025925273609645888 -0.019787059491856981 0.0031782930871985127 -0.0077187418301473305
leaf_weight=770.50799709558487 248.64138926565647 341.79806227982044 157.36437977850437 380.61042016744614 2544.38560962677 2819.697561390698
leaf_count=255 731 1080 484 137 14758 13655
internal_value=-0.000111409 0.0121225 0.00145609 -0.00152381 -0.000375509 -0.00255172
internal_weight=7263.01 747.804 499.162 6515.2 6134.59 5364.08
internal_count=31100 2295 1564 28805 28668 28413
is_linear=0
shrinkage=0.05


Tree=88
num_leaves=7
num_cat=0
split_feature=23 25 1 34 1 31
split_gain=52.9681 63.5162 69.8937 62.6411 62.4013 55.9335
threshold=5.0353701788701182 0.4828653784562828 568.50000000000011 10765.585138888891 343.50000000000006 1.5000000000000002
decision_type=8 10 8 8 8 2
left_child=3 4 -3 5 -2 -1
right_child=1 2 -4 -5 -6 -7
leaf_value=0.001477828972094894 -0.0087146578232293586 0.024402793397823863 -0.045240223689799464 -0.020559742967848561 0.037369924540572717 -0.018174002658013652
leaf_weight=5957.7534198649228 95.821423746645451 62.425680629909039 73.198683455586433 377.15181773155928 288.06647903844714 380.49088057875633
leaf_count=25167 520 287 281 3734 922 131
internal_value=0.000294199 0.0155972 -0.0134568 -0.000900382 0.0259027 0.000284715
internal_weight=7234.91 519.512 135.624 6715.4 383.888 6338.24
internal_count=31042 2010 568 29032 1442 25298
is_linear=0
shrinkage=0.05


end of trees

feature_importances:
n_dying_ch=57
n_rows_28d=43
ev_relapse_rate=43
ev_h_since_prev=41
ev_gap_last=41
n_alarm_28d=34
act_share_7d=29
ev_h_since_inc=26
n_undef_28d=21
n_bad_28d=19
rate_28d=18
n_alarm_7d=17
ev_open_ch=15
rate_7d=13
ev_inc_24h=12
ev_inc_168h=12
ev_inc_72h=10
act_share_1d=9
dying_share=8
ev_inc_672h=8
n_alarm_3d=7
ev_fail_3h=7
n_rows_3d=6
n_active_ch=5
n_rows_7d=5
n_ch_bad_28d=5
hour=5
n_rows_1d=4
n_undef_7d=4
n_ch_bad_7d=4
n_undef_3d=2
ev_fail_24h=2
n_bad_7d=1
n_undef_1d=1

parameters:
[boosting: gbdt]
[objective: binary]
[metric: average_precision]
[tree_learner: serial]
[device_type: cpu]
[data_sample_strategy: bagging]
[data: ]
[valid: ]
[num_iterations: 2000]
[learning_rate: 0.05]
[num_leaves: 7]
[num_threads: 6]
[seed: 56]
[deterministic: 1]
[force_col_wise: 1]
[force_row_wise: 0]
[histogram_pool_size: -1]
[max_depth: -1]
[min_data_in_leaf: 200]
[min_sum_hessian_in_leaf: 0.001]
[bagging_fraction: 0.8]
[pos_bagging_fraction: 1]
[neg_bagging_fraction: 1]
[bagging_freq: 1]
[bagging_seed: 19806]
[bagging_by_query: 0]
[feature_fraction: 0.8]
[feature_fraction_bynode: 1]
[feature_fraction_seed: 6494]
[extra_trees: 0]
[extra_seed: 2318]
[early_stopping_round: 0]
[early_stopping_min_delta: 0]
[first_metric_only: 1]
[max_delta_step: 0]
[lambda_l1: 0]
[lambda_l2: 5]
[linear_lambda: 0]
[min_gain_to_split: 0]
[drop_rate: 0.1]
[max_drop: 50]
[skip_drop: 0.5]
[xgboost_dart_mode: 0]
[uniform_drop: 0]
[drop_seed: 5823]
[top_rate: 0.2]
[other_rate: 0.1]
[min_data_per_group: 100]
[max_cat_threshold: 32]
[cat_l2: 10]
[cat_smooth: 10]
[max_cat_to_onehot: 4]
[top_k: 20]
[monotone_constraints: ]
[monotone_constraints_method: basic]
[monotone_penalty: 0]
[feature_contri: ]
[forcedsplits_filename: ]
[refit_decay_rate: 0.9]
[cegb_tradeoff: 1]
[cegb_penalty_split: 0]
[cegb_penalty_feature_lazy: ]
[cegb_penalty_feature_coupled: ]
[path_smooth: 0]
[interaction_constraints: ]
[verbosity: -1]
[saved_feature_importance_type: 0]
[use_quantized_grad: 0]
[num_grad_quant_bins: 4]
[quant_train_renew_leaf: 0]
[stochastic_rounding: 1]
[linear_tree: 0]
[max_bin: 255]
[max_bin_by_feature: ]
[min_data_in_bin: 3]
[bin_construct_sample_cnt: 200000]
[data_random_seed: 221]
[is_enable_sparse: 1]
[enable_bundle: 1]
[use_missing: 1]
[zero_as_missing: 0]
[feature_pre_filter: 1]
[pre_partition: 0]
[two_round: 0]
[header: 0]
[label_column: ]
[weight_column: ]
[group_column: ]
[ignore_column: ]
[categorical_feature: ]
[forcedbins_filename: ]
[precise_float_parser: 0]
[parser_config_file: ]
[objective_seed: 29415]
[num_class: 1]
[is_unbalance: 0]
[scale_pos_weight: 1]
[sigmoid: 1]
[boost_from_average: 1]
[reg_sqrt: 0]
[alpha: 0.9]
[fair_c: 1]
[poisson_max_delta_step: 0.7]
[tweedie_variance_power: 1.5]
[lambdarank_truncation_level: 30]
[lambdarank_norm: 1]
[label_gain: ]
[lambdarank_position_bias_regularization: 0]
[eval_at: ]
[multi_error_top_k: 1]
[auc_mu_weights: ]
[num_machines: 1]
[local_listen_port: 12400]
[time_out: 120]
[machine_list_filename: ]
[machines: ]
[gpu_platform_id: -1]
[gpu_device_id: -1]
[gpu_use_dp: 0]
[num_gpu: 1]

end of parameters

pandas_categorical:[]
