tree
version=v4
num_class=1
num_tree_per_iteration=1
label_index=0
max_feature_idx=41
objective=binary sigmoid:1
feature_names=n_active_ch n_rows_1d n_rows_3d n_rows_7d n_rows_28d n_bad_1d n_bad_3d n_bad_7d n_bad_28d n_undef_1d n_undef_3d n_undef_7d n_undef_28d n_alarm_1d n_alarm_3d n_alarm_7d n_alarm_28d n_ch_bad_1d n_ch_bad_7d n_ch_bad_28d act_share_1d act_share_7d rate_7d rate_28d n_dying_ch dying_share ev_inc_6h ev_inc_24h ev_inc_72h ev_inc_168h ev_inc_672h ev_fail_3h ev_fail_24h ev_fail_168h ev_h_since_inc ev_h_since_prev ev_gap_last ev_relapse_rate ev_open_ch is_rearm hour dow
feature_infos=[0:1459] [0:200094] [0:575548] [0:1039472] [0:3446064] [0:32012] [0:32027] [0:32027] [0:32057] [0:37262] [0:71955] [0:122355] [0:165289] [0:32013] [0:32065] [0:32176] [0:33059] [0:383] [0:947] [0:1109] [0:1] [0.0054644808743169399:1] [0:52] [0:13] [0:1420] [0:1] [0:3] [0:7] [0:11] [0:18] [0:25] [0:191] [0:561] [0:1165] [1:22977.983611111111] [2.0238888888888891:28233.218888888889] [1.0238888888888888:21790.846388888887] [0.090909090909090912:0.96551724137931039] [0:195] [0:1] [0:23] [0:6]
tree_sizes=888 895 897 903 902 898 905 899 896 898 898 906 900 905 895 900 897 902 907 903 902 904 903 904 902 901 904 909 904 908 906 902 904 903 905 909 906 904 906 904 897 896 905 907 905 902 910 898 913 915

Tree=0
num_leaves=7
num_cat=0
split_feature=35 35 30 37 35 16
split_gain=5046.76 878.751 682.649 513.638 274.722 248.689
threshold=1332.7075000000002 5507.604444444446 2.5000000000000004 0.37797619047619052 205.22361111111113 148.50000000000003
decision_type=8 8 2 2 10 10
left_child=2 3 -1 -2 -4 -5
right_child=1 -3 4 5 -6 -7
leaf_value=-0.50821843872782158 -0.58033111758711686 -0.58667118556044295 -0.44180109264341494 -0.55801232718001781 -0.49681015125909694 -0.52132914557827137
leaf_weight=1885.0723288059235 885.47965753078461 3268.3728070259094 760.67585074901581 721.63105940818787 342.10657966136932 1265.9337799549103
leaf_count=5073 3404 13461 697 2783 926 4649
internal_value=-0.543031 -0.568959 -0.489786 -0.548769 -0.458578 -0.534651
internal_weight=9129.27 6141.42 2987.85 2873.04 1102.78 1987.56
internal_count=30993 24297 6696 10836 1623 7432
is_linear=0
shrinkage=1


Tree=1
num_leaves=7
num_cat=0
split_feature=35 24 34 16 30 24
split_gain=4347.77 765.376 641.586 296.071 266.99 261.168
threshold=1669.4718055555556 141.50000000000003 29.43930555555556 426.50000000000006 2.5000000000000004 706.50000000000011
decision_type=8 8 10 10 2 8
left_child=2 3 4 -2 -1 -3
right_child=1 5 -4 -5 -6 -7
leaf_value=0.047026083760691312 -0.041649834129652397 -0.0072742709696818472 0.023515777409354371 0.0029022536909226798 0.087607353587186479 0.041907502904368621
leaf_weight=853.19835458695889 3809.9768594652414 1098.6498841643333 1733.6500850021839 412.6102400124073 813.3817030787468 352.40697444975376
leaf_count=463 15620 4411 7396 1613 399 1274
internal_value=0.000243237 -0.0265435 0.0449132 -0.0372981 0.0670348 0.00477302
internal_weight=9073.87 5673.64 3400.23 4222.59 1666.58 1451.06
internal_count=31176 22918 8258 17233 862 5685
is_linear=0
shrinkage=0.05


Tree=2
num_leaves=7
num_cat=0
split_feature=35 35 24 16 30 24
split_gain=4217.43 986.439 424.443 422.433 258.442 176.9
threshold=2665.1501388888896 228.41652777777782 121.50000000000001 350.50000000000006 2.5000000000000004 849.50000000000011
decision_type=8 10 8 10 2 10
left_child=1 4 -2 5 -1 -3
right_child=2 3 -4 -5 -6 -7
leaf_value=0.034699808017678038 -0.041702678720867734 -0.0015412572265425231 -0.0070592418774682551 0.039857075872474917 0.089364570850859151 0.046199697928124096
leaf_weight=302.56383042037487 3431.4238283932209 1542.4228127449751 1193.525200098753 1615.4369113892317 841.81751221418381 216.91370742022991
leaf_count=353 14428 5074 4759 4929 764 709
internal_value=0.000768641 0.0351007 -0.0327798 0.0214373 0.0751255 0.00445911
internal_weight=9144.1 4519.15 4624.95 3374.77 1144.38 1759.34
internal_count=31016 11829 19187 10712 1117 5783
is_linear=0
shrinkage=0.05


Tree=3
num_leaves=7
num_cat=0
split_feature=35 35 24 24 35 12
split_gain=3815.26 866.175 360.355 342.453 280.96 209.867
threshold=2818.6045833333342 228.41652777777782 102.50000000000001 729.50000000000011 997.54763888888908 21.500000000000004
decision_type=8 10 8 10 10 10
left_child=1 -1 5 4 -3 -2
right_child=2 3 -4 -5 -6 -7
leaf_value=0.070704290193356292 -0.052427873520286751 0.031458690800006198 -0.010739776548046814 0.047620861859395056 -0.0021363982510430057 -0.026038030772799543
leaf_weight=1123.5200142413378 1824.7712435722351 1023.1422055363655 1378.8028926700354 851.27885866165161 1575.3286977261305 1311.6670777499676
leaf_count=1126 7884 2861 5595 2634 5607 5429
internal_value=0.000490413 0.0326621 -0.0320948 0.020188 0.0111266 -0.0414506
internal_weight=9088.51 4573.27 4515.24 3449.75 2598.47 3136.44
internal_count=31136 12228 18908 11102 8468 13313
is_linear=0
shrinkage=0.05


Tree=4
num_leaves=7
num_cat=0
split_feature=35 38 24 30 24 12
split_gain=3376.45 822.164 348.132 319.271 257.938 215.014
threshold=2846.2472222222227 1.0000000180025095e-35 102.50000000000001 2.5000000000000004 837.50000000000011 20.500000000000004
decision_type=8 2 8 2 10 10
left_child=1 4 5 -3 -1 -2
right_child=2 3 -4 -5 -6 -7
leaf_value=0.0040086687267508808 -0.051783040494298688 0.036823552885489851 -0.010044667493099575 0.077627681854032626 0.044118751589278103 -0.024742033555625993
leaf_weight=2101.7869861871004 1757.2612137496471 1135.2231645733118 1374.1093652546406 848.94698189198971 490.63721480965614 1289.4125699847937
leaf_count=8925 7749 877 5539 461 2039 5477
internal_value=0.00016162 0.0302491 -0.0309853 0.0544332 0.0116701 -0.040398
internal_weight=8997.38 4576.59 4420.78 1984.17 2592.42 3046.67
internal_count=31067 12302 18765 1338 10964 13226
is_linear=0
shrinkage=0.05


Tree=5
num_leaves=7
num_cat=0
split_feature=35 24 35 16 16 34
split_gain=3168.42 641.321 423.45 362.451 238.935 225.058
threshold=1332.7075000000002 145.50000000000003 110.55194444444446 420.50000000000006 706.50000000000011 2674.9512500000005
decision_type=8 8 10 10 10 8
left_child=2 3 -1 -2 -4 -5
right_child=1 -3 4 5 -6 -7
leaf_value=0.071405476256996572 -0.036708190494320642 0.0052197769149767443 0.019312655888470413 0.033259571775753796 0.055741349244767847 -0.037480980783529634
leaf_weight=839.65864342451096 3804.2377807796001 1641.1223959624767 1599.5009453445673 321.4888201802969 627.05373083055019 166.67660681903362
leaf_count=618 16244 6234 4454 1175 1630 743
internal_value=-3.12734e-05 -0.0213544 0.0411993 -0.0315088 0.0296738 0.00897117
internal_weight=8999.74 5933.53 3066.21 4292.4 2226.55 488.165
internal_count=31098 24396 6702 18162 6084 1918
is_linear=0
shrinkage=0.05


Tree=6
num_leaves=7
num_cat=0
split_feature=35 30 14 35 16 36
split_gain=2543.88 609.817 246.598 198.047 184.531 164.052
threshold=2846.2472222222227 2.5000000000000004 1.0000000180025095e-35 205.22361111111113 728.50000000000011 5118.1291666666675
decision_type=8 2 10 10 10 10
left_child=1 4 -2 -3 -1 -4
right_child=2 3 5 -5 -6 -7
leaf_value=0.0086234436619853881 -0.044421174275018654 0.068967406327950107 -0.012966283276831395 0.024935781921799086 0.038652948795027564 -0.041929979729643296
leaf_weight=2851.7886994481087 1541.0269721001387 826.86682283878326 2186.378968089819 380.05909445881844 619.79188269376755 628.03617022931576
leaf_count=8780 6799 709 9259 953 1862 2630
internal_value=-0.000871198 0.0247163 -0.0283534 0.055262 0.0140326 -0.0194924
internal_weight=9033.95 4678.51 4355.44 1206.93 3471.58 2814.42
internal_count=30992 12304 18688 1662 10642 11889
is_linear=0
shrinkage=0.05


Tree=7
num_leaves=7
num_cat=0
split_feature=35 34 16 4 29 36
split_gain=2580.82 572.844 290.773 241.792 230.824 206.27
threshold=2665.1501388888896 14.850416666666669 518.50000000000011 2364.5000000000005 2.5000000000000004 4824.6498611111119
decision_type=8 10 10 8 2 10
left_child=1 4 -3 -2 -1 -5
right_child=3 2 -4 5 -6 -7
leaf_value=0.037233150789544651 -0.048367519899876338 -0.00026951159742255723 0.034761176899351903 -0.01326119073622071 0.077774806610324515 -0.041057639788698835
leaf_weight=1387.4407900124788 1020.7290239185095 1750.6828763484955 890.2656097561121 2533.708657592535 476.92729246616364 905.52519130706787
leaf_count=643 4568 7403 3665 10825 200 3946
internal_value=-7.67217e-05 0.0265999 0.0115827 -0.0270243 0.0477845 -0.0206288
internal_weight=8965.28 4505.32 2640.95 4459.96 1864.37 3439.23
internal_count=31250 11911 11068 19339 843 14771
is_linear=0
shrinkage=0.05


Tree=8
num_leaves=7
num_cat=0
split_feature=35 16 38 36 36 36
split_gain=2327.73 644.441 278.387 245.529 190.892 152.607
threshold=1244.207916666667 288.50000000000006 1.0000000180025095e-35 3513.7331944444445 4824.6498611111119 3317.0227777777786
decision_type=8 8 2 8 10 10
left_child=2 3 -1 -2 5 -3
right_child=1 4 -4 -5 -6 -7
leaf_value=0.017874709743277008 -0.015205070070222374 0.010475412190966649 0.048816953746950748 -0.039102224284870729 -0.042028813904058444 0.076777278579922781
leaf_weight=1260.5281488448381 2004.84714448452 1352.5202902704477 1740.4765391796827 2337.6483255922794 159.89952111244202 87.998534008860588
leaf_count=5192 8266 5119 1077 10438 690 234
internal_value=1.08836e-05 -0.0181126 0.0358715 -0.0280995 0.00898845 0.0147772
internal_weight=8943.92 5942.91 3001 4342.5 1600.42 1440.52
internal_count=31016 24747 6269 18704 6043 5353
is_linear=0
shrinkage=0.05


Tree=9
num_leaves=7
num_cat=0
split_feature=35 16 29 24 37 2
split_gain=2035.43 569.671 372.449 263.215 239.641 239.845
threshold=1309.4962500000004 291.50000000000006 2.5000000000000004 145.50000000000003 0.45804195804195807 3761.5000000000005
decision_type=8 8 2 10 2 10
left_child=2 3 4 -2 -1 -6
right_child=1 -3 -4 -5 5 -7
leaf_value=-0.010593342875442401 -0.03338585932538065 0.0083487937906504325 0.068595438069880735 -0.002399276641720809 0.048312507614323319 0.014845639343146456
leaf_weight=416.3518510311842 3392.7114916294813 1537.9623066186905 571.99609869718552 859.51513822376728 1017.7326009422541 1137.0808791667223
leaf_count=979 15185 5799 382 3374 2466 2786
internal_value=-0.000128254 -0.0177091 0.0322352 -0.0271326 0.0240288 0.0307275
internal_weight=8933.35 5790.19 3143.16 4252.23 2571.17 2154.81
internal_count=30971 24358 6613 18559 6231 5252
is_linear=0
shrinkage=0.05


Tree=10
num_leaves=7
num_cat=0
split_feature=35 35 24 37 16 24
split_gain=1984.05 455.867 321.752 265 230.292 200.696
threshold=2665.1501388888896 228.41652777777782 102.50000000000001 0.28991596638655465 717.50000000000011 872.50000000000011
decision_type=8 10 8 2 10 10
left_child=1 -1 -2 -3 5 -5
right_child=2 3 -4 4 -6 -7
leaf_value=0.049945773094625827 -0.034215210827206015 -0.036509657628810581 -0.0049700031973792472 0.0032549019482366183 0.04159351136043811 0.041201642949589765
leaf_weight=1132.730030298233 2916.0477102398872 242.51176206767559 1389.9038450866938 2026.1028064936399 739.27819652855396 416.07908901572227
leaf_count=1110 13532 793 5745 6545 2146 1262
internal_value=-0.000470403 0.0225147 -0.024792 0.0133803 0.0172346 0.00979093
internal_weight=8862.65 4556.7 4305.95 3423.97 3181.46 2442.18
internal_count=31133 11856 19277 10746 9953 7807
is_linear=0
shrinkage=0.05


Tree=11
num_leaves=7
num_cat=0
split_feature=35 38 24 16 24 23
split_gain=1726.92 419.935 273.973 217.253 171.316 150.216
threshold=2846.2472222222227 1.0000000180025095e-35 102.50000000000001 590.50000000000011 843.50000000000011 7.3023889477870894
decision_type=8 2 10 10 10 10
left_child=1 4 5 -3 -1 -2
right_child=2 3 -4 -5 -6 -7
leaf_value=0.0018199394306775266 -0.035550013775779786 0.025205331242757947 -0.00455753954489878 0.059321529796324469 0.034290041015829616 0.0068060647515853744
leaf_weight=2130.8022173792124 2584.9200594872236 1219.2118956595659 1326.5699328780174 765.79446636140347 497.10465398430824 226.13732004165649
leaf_count=8980 12299 812 5512 503 2016 968
internal_value=0.000127731 0.0211536 -0.0233106 0.038483 0.00801556 -0.0321366
internal_weight=8750.54 4612.91 4137.63 1985.01 2627.91 2811.06
internal_count=31090 12311 18779 1315 10996 13267
is_linear=0
shrinkage=0.05


Tree=12
num_leaves=7
num_cat=0
split_feature=35 29 37 24 12 15
split_gain=1663.17 421.053 240.916 225.461 202.825 177.212
threshold=2665.1501388888896 2.5000000000000004 0.25833333333333336 102.50000000000001 20.500000000000004 114.50000000000001
decision_type=8 2 2 8 10 10
left_child=1 2 -1 4 -2 -4
right_child=3 -3 5 -5 -6 -7
leaf_value=-0.033315372884027646 -0.042360481676754595 0.062196859134682675 0.010100981818759791 -0.0059540977092315062 -0.015354224452251784 0.032470625707818293
leaf_weight=234.74903956055641 1595.3554676920176 540.9268105328083 2394.2674318104982 1385.7399112433195 1244.4011436253786 1406.6281771063805
leaf_count=777 7823 378 7161 5764 5634 3540
internal_value=8.89054e-05 0.020962 0.0153649 -0.0225165 -0.0305739 0.0184113
internal_weight=8802.07 4576.57 4035.64 4225.5 2839.76 3800.9
internal_count=31077 11856 11478 19221 13457 10701
is_linear=0
shrinkage=0.05


Tree=13
num_leaves=7
num_cat=0
split_feature=35 16 2 28 21 38
split_gain=1333.08 350.643 225.916 221.286 204.724 173.119
threshold=2818.6045833333342 558.50000000000011 332.50000000000006 2.5000000000000004 0.46963109354413707 1.0000000180025095e-35
decision_type=8 10 10 2 10 2
left_child=1 3 -2 -1 5 -4
right_child=2 -3 4 -5 -6 -7
leaf_value=0.0039514387704000127 -0.039167191434260215 0.03636560872036923 -0.0039262676357397887 0.060602681483693827 -0.025562016459161275 0.064613502227690481
leaf_weight=2822.780249401927 1271.5308776348829 1603.8177823424339 1121.1114009618759 178.66236473619938 1583.5329716354609 95.342164292931557
leaf_count=8323 6191 3766 5240 79 7363 83
internal_value=-0.000890638 0.0175283 -0.0217201 0.00741881 -0.0137413 0.00168819
internal_weight=8676.78 4605.26 4071.52 3001.44 2799.99 1216.45
internal_count=31045 12168 18877 8402 12686 5323
is_linear=0
shrinkage=0.05


Tree=14
num_leaves=7
num_cat=0
split_feature=35 30 37 24 12 37
split_gain=1362.06 368.737 271.955 224.962 231.84 155.273
threshold=2846.2472222222227 2.5000000000000004 0.37797619047619052 68.500000000000014 20.500000000000004 0.73174603174603181
decision_type=8 2 2 8 10 2
left_child=1 2 -1 4 -2 -5
right_child=3 -3 -4 5 -6 -7
leaf_value=-0.02152948055268554 -0.04491183984294507 0.04335494206766511 0.0165766771270183 -0.012001657534902887 -0.0129468616478689 0.042039982197323675
leaf_weight=554.14645117521286 1336.1331476867199 1125.7173779606819 2888.3317685127258 1582.7011956721544 992.5601846575737 140.1744841337204
leaf_count=1734 6812 1630 8838 6903 4601 533
internal_value=-0.000133808 0.0185747 0.0104203 -0.0212248 -0.0313443 -0.00749586
internal_weight=8619.76 4568.2 3442.48 4051.57 2328.69 1722.88
internal_count=31051 12202 10572 18849 11413 7436
is_linear=0
shrinkage=0.05


Tree=15
num_leaves=7
num_cat=0
split_feature=35 24 0 29 16 36
split_gain=1263.89 490.889 237.239 222.839 180.98 160.457
threshold=1244.207916666667 706.50000000000011 31.500000000000004 2.5000000000000004 706.50000000000011 4824.6498611111119
decision_type=8 8 10 2 10 10
left_child=3 2 -2 4 -1 -4
right_child=1 -3 5 -5 -6 -7
leaf_value=0.010837059587316141 -0.026952328694649919 0.032738994700794222 0.0017493948590240093 0.055790219477376404 0.040408774292632191 -0.036525700193848813
leaf_weight=1748.3844921439886 3266.5489649772644 503.44127717614174 1597.1385994702578 513.21760958433151 733.40882830321789 325.37946271896362
leaf_count=4345 15278 1714 6290 363 1653 1520
internal_value=-0.000350114 -0.0141807 -0.0187599 0.025917 0.0196396 -0.00480648
internal_weight=8687.52 5692.51 5189.07 2995.01 2481.79 1922.52
internal_count=31163 24802 23088 6361 5998 7810
is_linear=0
shrinkage=0.05


Tree=16
num_leaves=7
num_cat=0
split_feature=36 16 4 28 19 21
split_gain=982.886 319.483 218.071 191.652 165.022 154.323
threshold=2701.1322222222229 706.50000000000011 151889.50000000003 2.5000000000000004 13.500000000000002 0.6250428375599727
decision_type=8 10 8 2 10 10
left_child=1 3 5 -1 -3 -2
right_child=2 4 -4 -5 -6 -7
leaf_value=0.0019936472304432013 -0.019882059125538965 0.073391167527349088 0.035932697188499278 0.05477665084271055 0.024548304192055354 -0.045202343789421291
leaf_weight=4136.7663580924273 1906.5799208432436 203.34463632106781 135.9717623591423 174.45921358466148 1093.6789331883192 886.29937013983727
leaf_count=14079 8833 488 528 86 2656 4556
internal_value=-0.00150791 0.0107511 -0.0249602 0.00419056 0.0324582 -0.0279837
internal_weight=8537.1 5608.25 2928.85 4311.23 1297.02 2792.88
internal_count=31226 17309 13917 14165 3144 13389
is_linear=0
shrinkage=0.05


Tree=17
num_leaves=7
num_cat=0
split_feature=35 24 4 30 36 22
split_gain=1026.46 356.1 246.785 200.302 165.976 156.637
threshold=1332.7075000000002 706.50000000000011 2364.5000000000005 2.5000000000000004 5118.1291666666675 0.67760486003020393
decision_type=8 8 10 2 10 10
left_child=3 2 -2 5 -4 -1
right_child=1 -3 4 -5 -6 -7
leaf_value=0.033527247737694825 -0.039751446418881613 0.029187962615115876 -0.0067683752693972615 0.039635922669971818 -0.033068896065022543 0.003496748119129733
leaf_weight=638.135114133358 951.97159391641617 452.88046437501907 3342.3178639113903 1131.1406818628311 727.25931546092033 1340.9566131383181
leaf_count=1587 4875 1643 14384 1652 3539 3480
internal_value=-2.86754e-05 -0.0130574 -0.0168927 0.0228879 -0.0115033 0.0132398
internal_weight=8584.66 5474.43 5021.55 3110.23 4069.58 1979.09
internal_count=31160 24441 22798 6719 17923 5067
is_linear=0
shrinkage=0.05


Tree=18
num_leaves=7
num_cat=0
split_feature=35 37 38 23 21 4
split_gain=893.887 441.87 278.395 198.555 164.239 131.231
threshold=5436.9231944444455 0.37797619047619052 1.0000000180025095e-35 5.0353701788701182 0.24332721976480745 68016.000000000015
decision_type=8 2 2 8 10 10
left_child=1 5 -3 -2 -5 -1
right_child=3 2 -4 4 -6 -7
leaf_value=-0.029587129106621597 -0.028849060766950263 0.0084430796680766331 0.033405040120176227 0.088164914888604118 -0.0035985079329933188 0.0056006900450990219
leaf_weight=712.63197554647923 2309.6549500972033 2881.6728764772415 1824.009112983942 53.368655040860176 294.15516857802868 417.85927391052246
leaf_count=2751 11909 12222 1254 190 1375 1315
internal_value=0.000458924 0.0114029 0.018144 -0.0235544 0.0115441 -0.0166134
internal_weight=8493.35 5836.17 4705.68 2657.18 347.524 1130.49
internal_count=31016 17542 13476 13474 1565 4066
is_linear=0
shrinkage=0.05


Tree=19
num_leaves=7
num_cat=0
split_feature=38 36 29 24 16 38
split_gain=839.882 443.104 186.818 178.972 132.368 123.919
threshold=1.0000000180025095e-35 3493.0963888888896 2.5000000000000004 729.50000000000011 706.50000000000011 1.5000000000000002
decision_type=2 8 2 10 8 2
left_child=1 3 4 -1 5 -2
right_child=2 -3 -4 -5 -6 -7
leaf_value=-0.0039353192092641924 0.020517195943884806 -0.026769616286649901 0.054716431673107961 0.023195004668683808 0.041588722097433813 -0.013405547303734586
leaf_weight=3252.4055714160204 957.87912315130234 2205.6281434595585 467.48807515203953 742.35450533032417 482.53679105639458 369.71543198823929
leaf_count=14562 757 11898 204 3009 403 284
internal_value=0.000730814 -0.00880875 0.0266629 0.00112906 0.0192869 0.0110554
internal_weight=8478.01 6200.39 2277.62 3994.76 1810.13 1327.59
internal_count=31117 29469 1648 17571 1444 1041
is_linear=0
shrinkage=0.05


Tree=20
num_leaves=7
num_cat=0
split_feature=34 16 24 40 27 12
split_gain=742.018 327.081 208.106 175.82 158.679 151.146
threshold=1459.1844444444446 366.50000000000006 716.50000000000011 21.500000000000004 2.5000000000000004 30.500000000000004
decision_type=8 10 10 2 2 10
left_child=1 4 5 -3 -1 -2
right_child=2 3 -4 -5 -6 -7
leaf_value=-0.0016668978157022276 -0.030297749840424423 0.040959684540552557 0.042528823789851983 0.013538473410519739 0.063476935999373138 -0.0074724222714147547
leaf_weight=2823.6194340884686 1862.9014958441257 1030.8593611717224 128.22420869767666 1359.5855686068535 91.673985749483109 1192.4308228343725
leaf_count=8811 10015 289 533 5526 34 5914
internal_value=0.000288355 0.0117355 -0.0187781 0.0254245 0.000486783 -0.0214163
internal_weight=8489.29 5305.74 3183.56 2390.44 2915.29 3055.33
internal_count=31122 14660 16462 5815 8845 15929
is_linear=0
shrinkage=0.05


Tree=21
num_leaves=7
num_cat=0
split_feature=34 36 24 8 20 23
split_gain=757.993 393.787 181.045 155.488 128.592 111.683
threshold=61.533333333333339 3513.7331944444445 831.50000000000011 1.5000000000000002 0.28897569444444449 5.0353701788701182
decision_type=8 8 10 8 10 10
left_child=3 2 -2 -1 -5 -3
right_child=1 5 -4 4 -6 -7
leaf_value=-0.0072632015520813975 -0.0038068238618972372 -0.030393733591345243 0.025812721555067881 0.038687352018838952 0.010980061510832055 0.0024996768770428838
leaf_weight=319.30487534403801 3363.1272720843554 1850.0938639044762 604.22593732178211 1373.3435687571764 608.83012601733208 298.90721291303635
leaf_count=194 15088 10296 2441 1012 524 1566
internal_value=0.000592344 -0.00861242 0.000731031 0.0250203 0.030226 -0.0258234
internal_weight=8417.83 6116.35 3967.35 2301.48 1982.17 2149
internal_count=31121 29391 17529 1730 1536 11862
is_linear=0
shrinkage=0.05


Tree=22
num_leaves=7
num_cat=0
split_feature=35 38 24 12 2 23
split_gain=718.055 269.613 197.789 186.161 128.925 126.2
threshold=2846.2472222222227 1.0000000180025095e-35 68.500000000000014 20.500000000000004 2606.5000000000005 1.5825191150864963
decision_type=8 2 8 10 10 10
left_child=1 -1 3 -2 -3 -6
right_child=2 4 -4 -5 5 -7
leaf_value=0.0038454530044905923 -0.038227545217034233 0.044695396630391071 -0.0022805131156229935 -0.0081970131509724996 0.0057502483475169478 0.039308823644730352
leaf_weight=2632.9870832264423 1196.8209919631481 744.38762708008289 1672.6763463169336 910.35713939368725 762.96092058718204 439.65777184069157
leaf_count=10974 6770 510 7540 4510 529 290
internal_value=0.000987651 0.014293 -0.0151318 -0.0253037 0.0283755 0.0181307
internal_weight=8359.85 4579.99 3779.85 2107.18 1947.01 1202.62
internal_count=31123 12303 18820 11280 1329 819
is_linear=0
shrinkage=0.05


Tree=23
num_leaves=7
num_cat=0
split_feature=35 37 16 4 36 14
split_gain=547.619 310.158 220.009 146.437 154.304 129.922
threshold=5507.604444444446 0.39047619047619053 558.50000000000011 132140.00000000003 49.620138888888896 1.0000000180025095e-35
decision_type=8 2 10 10 10 8
left_child=1 -1 -3 -4 -5 -2
right_child=5 2 3 4 -6 -7
leaf_value=-0.015954741979684144 -0.034834936197640054 0.0050872790083001393 0.036774762194208166 0.049099751452825052 -0.014283625728236528 -0.01136303298894022
leaf_weight=1128.3032607138157 960.6877518594265 3006.5484185963869 1213.9163440167904 128.97672699391842 334.14841337502003 1533.8646300286055
leaf_count=4132 5555 9218 2913 302 1022 7817
internal_value=-0.000881616 0.00752951 0.013198 0.0276802 0.00370404 -0.020454
internal_weight=8306.45 5811.89 4683.59 1677.04 463.125 2494.55
internal_count=30959 17587 13455 4237 1324 13372
is_linear=0
shrinkage=0.05


Tree=24
num_leaves=7
num_cat=0
split_feature=35 16 23 2 4 12
split_gain=597.385 300.63 153.026 158.758 145.626 118.271
threshold=1187.8637500000002 288.50000000000006 12.99467867376177 3923.0000000000005 2364.5000000000005 23.500000000000004
decision_type=8 10 10 10 10 10
left_child=2 4 3 -1 5 -2
right_child=1 -3 -4 -5 -6 -7
leaf_value=0.028609787648102365 -0.047869500389640961 0.0079468152622069223 0.069786586745497203 0.0042478677363566551 -0.012430199934566606 -0.0068297769918248263
leaf_weight=1252.146124407649 599.47803677618504 1627.542371481657 132.76630942523479 1433.1696509867907 2967.3413369655609 250.02674485743046
leaf_count=2751 3438 6179 122 3113 14119 1286
internal_value=-0.000358156 -0.0100289 0.0183098 0.0156397 -0.0176942 -0.0359013
internal_weight=8262.47 5444.39 2818.08 2685.32 3816.85 849.505
internal_count=31008 25022 5986 5864 18843 4724
is_linear=0
shrinkage=0.05


Tree=25
num_leaves=7
num_cat=0
split_feature=35 4 37 23 12 3
split_gain=514.726 283.56 192.857 132.764 125.129 120.798
threshold=1187.8637500000002 2364.5000000000005 0.56385869565217395 12.99467867376177 32.500000000000007 5296.5000000000009
decision_type=8 10 2 10 10 10
left_child=3 4 -3 5 -2 -1
right_child=1 2 -4 -5 -6 -7
leaf_value=0.029977557297982779 -0.046275113757586812 -0.010108151172204606 0.012735384675265138 0.067002229549034509 -0.0029643516360781563 0.0075054554331606448
leaf_weight=903.28619027137756 636.04812358319759 3355.3044045865536 1269.6105161756277 125.07765956223011 226.37096120417118 1765.2324191480875
leaf_count=2022 3744 15573 4617 116 1118 3868
internal_value=0.000138288 -0.00875479 -0.00383027 0.017591 -0.0349894 0.015154
internal_weight=8280.93 5487.33 4624.91 2793.6 862.419 2668.52
internal_count=31058 25052 20190 6006 4862 5890
is_linear=0
shrinkage=0.05


Tree=26
num_leaves=7
num_cat=0
split_feature=36 4 29 37 22 34
split_gain=490.64 244.003 242.562 170.429 116.794 114.456
threshold=2701.1322222222229 151889.50000000003 2.5000000000000004 0.25833333333333336 35.665644235385699 4789.980833333334
decision_type=8 8 2 2 10 10
left_child=2 4 3 -1 -2 -5
right_child=1 -3 -4 5 -6 -7
leaf_value=-0.023349732380554305 -0.023203926612625662 0.045515501460999107 0.042876140977519461 0.0096306842487253134 0.043157483994557551 -0.029423292007083348
leaf_weight=474.64991481602192 2469.2333039343357 139.11394077539444 456.96446645259857 4402.3347161114216 63.678549557924271 191.17468094825745
leaf_count=2039 13066 544 368 13741 267 1036
internal_value=-0.000317894 -0.0178887 0.00818808 0.0050213 -0.0214538 0.00797509
internal_weight=8197.15 2672.03 5525.12 5068.16 2532.91 4593.51
internal_count=31061 13877 17184 16816 13333 14777
is_linear=0
shrinkage=0.05


Tree=27
num_leaves=7
num_cat=0
split_feature=38 36 16 24 38 35
split_gain=514.848 253.27 137.767 128.041 117.239 100.331
threshold=1.0000000180025095e-35 3513.7331944444445 391.50000000000006 831.50000000000011 1.5000000000000002 15925.140833333337
decision_type=2 8 8 10 2 10
left_child=1 3 4 -1 -2 -3
right_child=2 5 -4 -5 -6 -7
leaf_value=-0.0038621525708851818 0.017871210033781934 -0.017840211583654075 0.033486837184550818 0.021006093974893378 -0.018844378622945766 -0.053706309562853216
leaf_weight=3345.9767238497734 852.38865479826927 1781.1629466861486 1087.8167641162872 607.16285175085068 286.78464576601982 216.21667863428593
leaf_count=15150 580 10383 783 2454 279 1371
internal_value=0.000316524 -0.00735941 0.0207972 -2.09273e-05 0.00858618 -0.0218471
internal_weight=8177.51 5950.52 2226.99 3953.14 1139.17 1997.38
internal_count=31000 29358 1642 17604 859 11754
is_linear=0
shrinkage=0.05


Tree=28
num_leaves=7
num_cat=0
split_feature=37 34 22 19 16 19
split_gain=406.187 244.96 189.159 139.685 123.524 131.207
threshold=0.25833333333333336 6445.748611111112 24.457002346748819 4.5000000000000009 717.50000000000011 13.500000000000002
decision_type=2 8 8 10 10 10
left_child=-1 2 4 -3 -2 -6
right_child=1 3 -4 -5 5 -7
leaf_value=-0.026255634366228978 0.0025466707325898976 0.0039065280691216444 0.065741156515927893 -0.039010553827783387 0.058908008930170654 0.013368684748061667
leaf_weight=1299.9629599899054 4640.6884852945805 313.30553925037384 131.97376470267773 471.92675149440765 182.68691426515579 1042.4416001141071
leaf_count=6771 16215 1872 115 2803 491 2669
internal_value=-0.000708372 0.00420348 0.00764562 -0.0219704 0.00628366 0.0203712
internal_weight=8082.99 6783.02 5997.79 785.232 5865.82 1225.13
internal_count=30936 24165 19490 4675 19375 3160
is_linear=0
shrinkage=0.05


Tree=29
num_leaves=7
num_cat=0
split_feature=37 28 4 12 24 8
split_gain=409.012 272.385 172.719 116.058 109.868 107.668
threshold=0.25833333333333336 1.0000000180025095e-35 2246.5000000000005 51.500000000000007 863.50000000000011 14.500000000000002
decision_type=2 2 10 10 10 10
left_child=-1 2 3 -2 5 -4
right_child=1 -3 4 -5 -6 -7
leaf_value=-0.02508135367131244 -0.036575637047476788 0.02023023935719865 0.009696414869244975 0.022904714967650577 0.023435503182076625 -0.0079497280338258931
leaf_weight=1319.0587800294161 487.31543475389481 2101.9930909574032 1431.6292593330145 94.851452946662903 526.26153142750263 2165.3704111427069
leaf_count=6878 3012 1771 7096 485 2132 9786
internal_value=0.000347143 0.00528916 -0.00139966 -0.0267721 0.00221078 -0.000922738
internal_weight=8126.48 6807.42 4705.43 582.167 4123.26 3597
internal_count=31160 24282 22511 3497 19014 16882
is_linear=0
shrinkage=0.05


Tree=30
num_leaves=7
num_cat=0
split_feature=38 24 24 18 20 23
split_gain=331.946 242.831 127.162 118.272 126.915 110.73
threshold=1.0000000180025095e-35 19.500000000000004 747.50000000000011 28.500000000000004 0.02838171262699565 1.5466605063930785
decision_type=2 10 10 8 10 10
left_child=1 -1 -3 4 -2 -6
right_child=3 2 -4 -5 5 -7
leaf_value=-0.027133323401912265 0.040713528447145278 -0.0049722314195219282 0.017499961618465447 0.037965211797652998 -0.0061088111592777321 0.023003635666182545
leaf_weight=1135.748582676053 277.5763348788023 3988.9876385629177 742.3285798728466 486.95933681726456 934.82474604249001 495.82730475068092
leaf_count=6789 228 19540 3010 257 761 419
internal_value=-0.000219586 -0.00642587 -0.00143166 0.0163448 0.0100887 0.00402579
internal_weight=8062.25 5867.06 4731.32 2195.19 1708.23 1430.65
internal_count=31004 29339 22550 1665 1408 1180
is_linear=0
shrinkage=0.05


Tree=31
num_leaves=7
num_cat=0
split_feature=34 37 23 14 22 12
split_gain=339.085 263.324 169.157 141.138 129.008 113.24
threshold=5507.9051388888902 0.37797619047619052 5.6123587603356873 12.500000000000002 18.288115100924731 373.50000000000006
decision_type=8 2 10 8 8 10
left_child=1 2 5 -3 -5 -1
right_child=-2 3 -4 4 -6 -7
leaf_value=-0.020042614637237662 -0.024850054817972103 -8.1103869104837413e-05 0.062973532747635827 0.014690605653225759 0.066315703058385578 0.014992457414693057
leaf_weight=1552.6036057770252 1190.0148032903671 2070.2097762227058 67.680389285087585 2851.9452292323112 121.95137216150761 266.96613185107708
leaf_count=7165 7414 7144 240 8077 125 1052
internal_value=-0.000250965 0.00398722 -0.0119245 0.00994648 0.0169154 -0.0148753
internal_weight=8121.37 6931.36 1887.25 5044.11 2973.9 1819.57
internal_count=31217 23803 8457 15346 8202 8217
is_linear=0
shrinkage=0.05


Tree=32
num_leaves=7
num_cat=0
split_feature=38 24 15 24 37 15
split_gain=371.691 193.708 117.601 127.131 99.8049 95.1503
threshold=1.0000000180025095e-35 19.500000000000004 151.50000000000003 96.500000000000014 0.56125000000000014 44.500000000000007
decision_type=2 10 8 10 2 10
left_child=1 -1 3 -2 -3 -5
right_child=2 4 -4 5 -6 -7
leaf_value=-0.024504660972758288 -0.0078306502798256624 -0.0069835283836668875 0.035259526995508599 0.038388265309131177 0.007992640326383655 0.0059820555284704237
leaf_weight=1112.4826725125313 581.73094940185547 2956.1900800615549 696.70048044621944 445.2533747702837 1777.0194039493799 460.24639977514744
leaf_count=6803 530 15165 557 276 7489 307
internal_value=0.000795889 -0.00578052 0.0183719 0.0103691 -0.00135843 0.0220402
internal_weight=8029.62 5845.69 2183.93 1487.23 4733.21 905.5
internal_count=31127 29457 1670 1113 22654 583
is_linear=0
shrinkage=0.05


Tree=33
num_leaves=7
num_cat=0
split_feature=35 24 23 23 16 31
split_gain=313.946 189.386 184.191 152.345 140.542 154.767
threshold=1244.207916666667 706.50000000000011 0.59422853758702432 1.5643133775432869 558.50000000000011 1.5000000000000002
decision_type=8 8 10 10 10 2
left_child=2 -2 -1 4 5 -4
right_child=1 -3 3 -5 -6 -7
leaf_value=0.04120554505248851 -0.010910356750647429 0.021114976467308068 -0.007900739310734782 0.022908421392829371 0.016373484583252693 -0.074271782677583151
leaf_weight=473.78138732910156 4645.2653133645654 507.87487107515335 794.35828095674515 935.02598121762276 571.13859602808952 94.009770587086678
leaf_count=1039 23062 1743 2103 1824 1293 27
internal_value=-0.000358753 -0.00773665 0.0128866 0.00720922 -0.00289228 -0.0153007
internal_weight=8021.45 5153.14 2868.31 2394.53 1459.51 888.368
internal_count=31091 24805 6286 5247 3423 2130
is_linear=0
shrinkage=0.05


Tree=34
num_leaves=7
num_cat=0
split_feature=37 29 21 36 3 21
split_gain=309.961 226.688 134.55 126.546 156.952 145.649
threshold=0.25833333333333336 2.5000000000000004 0.06277844413982181 47.087083333333339 43542.500000000007 0.57933578253010642
decision_type=2 2 10 10 10 10
left_child=-1 2 -2 4 5 -4
right_child=1 -3 3 -5 -6 -7
leaf_value=-0.022469749976521423 0.075719742476470453 0.040952339573260332 -0.003108134134144788 0.0061471592206009716 0.035587283203649969 -0.033345066041415093
leaf_weight=1264.3157318159938 56.556040689349174 395.47811804711819 1127.5820226222277 4345.5519780218601 172.36458295583725 611.74222831428051
leaf_count=6800 126 358 4940 15005 613 3330
internal_value=0.000189288 0.00447278 0.0021572 0.00143238 -0.00927308 -0.0138079
internal_weight=7973.59 6709.27 6313.8 6257.24 1911.69 1739.32
internal_count=31172 24372 24014 23888 8883 8270
is_linear=0
shrinkage=0.05


Tree=35
num_leaves=7
num_cat=0
split_feature=15 34 36 24 1 36
split_gain=270.801 218.719 107.098 122.804 80.9472 79.7959
threshold=1.0000000180025095e-35 59.632916666666674 4917.4005555555568 21.500000000000004 238.50000000000003 20.552777777777781
decision_type=10 8 10 10 10 10
left_child=-1 5 3 4 -3 -2
right_child=1 2 -4 -5 -6 -7
leaf_value=-0.028963263148574104 0.037411000286171156 -0.034600903706832963 -0.022821303621719302 0.0038117256044912702 -0.0010858947152319548 0.012177015042373958
leaf_weight=707.86555759608746 378.80350930988789 373.7507803067565 560.23152610659599 3836.3149622231722 344.2440005838871 1767.152836471796
leaf_count=4227 276 2354 3526 17471 1790 1351
internal_value=0.000445163 0.00333031 -0.0022935 0.000253915 -0.0186507 0.0167079
internal_weight=7968.36 7260.5 5114.54 4554.31 717.995 2145.96
internal_count=30995 26768 25141 21615 4144 1627
is_linear=0
shrinkage=0.05


Tree=36
num_leaves=7
num_cat=0
split_feature=35 24 23 2 35 4
split_gain=262.64 181.105 137.503 138.532 129.989 118.75
threshold=1187.8637500000002 706.50000000000011 12.99467867376177 4016.5000000000005 15925.140833333337 2364.5000000000005
decision_type=8 8 10 10 10 10
left_child=2 4 3 -1 5 -2
right_child=1 -3 -4 -5 -6 -7
leaf_value=0.021570189932360456 -0.027278305185145263 0.019837362688492732 0.065921087220737182 -0.0014651903752061885 -0.049912684611670061 -0.0050141264977366286
leaf_weight=1256.6367903351784 709.37848944216967 550.42105485498905 108.54252143204212 1350.9817846864462 194.26801276952028 3728.9142192155123
leaf_count=2827 4482 1815 116 3085 1416 17182
internal_value=-0.000559889 -0.00715833 0.0120213 0.00965582 -0.0103838 -0.00859933
internal_weight=7899.14 5182.98 2716.16 2607.62 4632.56 4438.29
internal_count=30923 24895 6028 5912 23080 21664
is_linear=0
shrinkage=0.05


Tree=37
num_leaves=7
num_cat=0
split_feature=37 15 21 11 30 8
split_gain=253.182 190.079 128.208 129.802 100.314 98.8169
threshold=0.25833333333333336 113.50000000000001 0.6002056202878685 472.50000000000006 2.5000000000000004 16.500000000000004
decision_type=2 8 10 10 2 10
left_child=-1 2 3 5 -3 -2
right_child=1 4 -4 -5 -6 -7
leaf_value=-0.021483813722565571 0.0089794350697004997 0.0088138186001272302 -0.01606119609508903 0.042980878409369337 0.033910715515872256 -0.0083243944210708194
leaf_weight=1251.1893394440413 1630.7378067821264 1350.2822231501341 1254.0184410884976 182.88803447782993 563.00959315896034 1659.7717750445008
leaf_count=6859 6675 4401 5608 550 890 6222
internal_value=-0.000898692 0.00299304 -0.00239116 0.0025602 0.016268 0.000251792
internal_weight=7891.9 6640.71 4727.42 3473.4 1913.29 3290.51
internal_count=31205 24346 19055 13447 5291 12897
is_linear=0
shrinkage=0.05


Tree=38
num_leaves=7
num_cat=0
split_feature=29 37 14 21 24 40
split_gain=278.102 204.178 128.238 105.943 97.7901 96.421
threshold=2.5000000000000004 0.25833333333333336 34.500000000000007 0.6002056202878685 27.500000000000004 9.5000000000000018
decision_type=2 2 8 10 10 2
left_child=1 4 3 5 -1 -3
right_child=-2 2 -4 -5 -6 -7
leaf_value=-0.042992693327910475 0.040602384565281029 0.05100814015163449 0.012568385722660488 -0.015874557123010693 -0.011361034776716909 0.00031506984137537005
leaf_weight=340.84500243514776 406.43670551478863 91.713573694229126 1962.1916116774082 1139.5949440151453 852.36888749152422 3118.6645040735602
leaf_count=2355 371 26 6068 5303 4456 12511
internal_value=0.000576967 -0.00161611 0.00197428 -0.00281347 -0.0205384 0.00184033
internal_weight=7911.82 7505.38 6312.16 4349.97 1193.21 3210.38
internal_count=31090 30719 23908 17840 6811 12537
is_linear=0
shrinkage=0.05


Tree=39
num_leaves=7
num_cat=0
split_feature=34 37 36 36 21 33
split_gain=208.833 148.042 106.889 137.615 105.857 105.648
threshold=5289.063472222223 0.37797619047619052 1.7748611111111112 1005.0658333333334 0.57778539334399526 6.5000000000000009
decision_type=8 2 8 8 10 2
left_child=1 2 -1 -4 5 -3
right_child=-2 4 3 -5 -6 -7
leaf_value=-0.062245899743438561 -0.020465734319737861 0.01014974009730917 0.020482429454493259 -0.014296266041619488 -0.0037494558029939826 0.054002824134040554
leaf_weight=87.026745855808258 1138.1139717549086 3260.9860811829567 357.33370757102966 1322.1689605787396 1546.2284505367279 138.77842685580254
leaf_count=356 7626 10245 1084 6819 4842 128
internal_value=-0.000710057 0.00265227 -0.00975449 -0.00685786 0.0070889 0.0120165
internal_weight=7850.64 6712.52 1766.53 1679.5 4945.99 3399.76
internal_count=31100 23474 8259 7903 15215 10373
is_linear=0
shrinkage=0.05


Tree=40
num_leaves=7
num_cat=0
split_feature=14 22 37 10 4 36
split_gain=224.685 142.02 115.44 89.1193 86.6991 81.198
threshold=1.0000000180025095e-35 24.457002346748819 0.73385416666666681 2.5000000000000004 202207.00000000003 1.7748611111111112
decision_type=8 8 2 10 10 8
left_child=3 2 5 4 -1 -2
right_child=1 -3 -4 -5 -6 -7
leaf_value=-0.023251661920463768 -0.033159622861276987 0.051550405504181773 0.016243257251743786 0.015841522895946321 0.04062673211332881 0.00083015884868421503
leaf_weight=1371.177808240056 177.6102704256773 150.30486164987087 1312.881633579731 183.69489296525717 50.824914529919624 4643.4643799960613
leaf_count=7531 701 373 3649 815 185 17925
internal_value=6.01868e-05 0.00432744 0.00312926 -0.0166023 -0.0208342 -0.000455095
internal_weight=7889.96 6284.26 6133.96 1605.7 1422 4821.07
internal_count=31179 22648 22275 8531 7716 18626
is_linear=0
shrinkage=0.05


Tree=41
num_leaves=7
num_cat=0
split_feature=29 4 37 23 12 4
split_gain=202.104 172.837 114.521 121.3 109.281 125.539
threshold=2.5000000000000004 2364.5000000000005 0.6814634146341465 5.0353701788701182 25.500000000000004 1075.0000000000002
decision_type=2 8 2 8 10 10
left_child=1 4 3 -3 -1 -6
right_child=-2 2 -4 -5 5 -7
leaf_value=-0.036118129172634593 0.034898186583614474 -0.0046514225515201088 0.012968903685033934 0.024169200675320128 0.029702384047238097 -0.033510663547643184
leaf_weight=539.73921340703964 397.60993906855583 4691.9327454939485 1582.5923399329185 390.89509297907352 168.84487457573414 138.27846077084541
leaf_count=3631 379 19608 4616 1455 784 704
internal_value=0.0003851 -0.0014636 0.00124586 -0.0024134 -0.0226712 0.0011606
internal_weight=7909.89 7512.28 6665.42 5082.83 846.863 307.123
internal_count=31177 30798 25679 21063 5119 1488
is_linear=0
shrinkage=0.05


Tree=42
num_leaves=7
num_cat=0
split_feature=29 37 21 4 16 30
split_gain=176.451 158.33 91.7409 86.3888 76.2474 73.522
threshold=2.5000000000000004 0.25833333333333336 0.081574453837783556 2364.5000000000005 22.500000000000004 1.5000000000000002
decision_type=2 2 10 10 10 2
left_child=1 4 -3 5 -1 -4
right_child=-2 2 3 -5 -6 -7
leaf_value=-0.040718508972815981 0.032164570168907475 0.054246944691613799 -0.022647461331030821 0.0027220094023313051 -0.011135350392615283 0.032807606267888305
leaf_weight=290.20913322269917 399.88788557052612 76.113248258829117 559.60338748246431 5501.7274668365717 855.67585050314665 62.419475018978119
leaf_count=2096 386 227 3553 20062 4691 116
internal_value=3.00866e-05 -0.00173994 0.00142059 0.000720278 -0.018772 -0.0168654
internal_weight=7745.64 7345.75 6199.86 6123.75 1145.88 622.023
internal_count=31131 30745 23958 23731 6787 3669
is_linear=0
shrinkage=0.05


Tree=43
num_leaves=7
num_cat=0
split_feature=35 22 24 27 37 12
split_gain=164.068 133.541 143.991 90.8298 91.1233 90.0473
threshold=15925.140833333337 35.665644235385699 28.500000000000004 2.5000000000000004 0.56385869565217395 17.500000000000004
decision_type=10 8 10 2 2 10
left_child=1 2 5 4 -4 -1
right_child=-2 -3 3 -5 -6 -7
leaf_value=-0.02893356129695775 -0.047327333666271822 0.052819367365989106 -0.0024532796681908282 0.061105860903694131 0.010075644733570999 -0.0037667988767584094
leaf_weight=572.75595910102129 173.08053280413151 118.38067910820246 3208.6713984981179 63.55695067346096 2642.3536345809698 928.31325680017471
leaf_count=3867 1411 308 13375 29 7680 4305
internal_value=0.000108357 0.00122877 0.000370163 0.00388186 0.00320862 -0.0134337
internal_weight=7707.11 7534.03 7415.65 5914.58 5851.03 1501.07
internal_count=30975 29564 29256 21084 21055 8172
is_linear=0
shrinkage=0.05


Tree=44
num_leaves=7
num_cat=0
split_feature=29 4 35 23 4 25
split_gain=176.983 137.047 98.2451 88.0338 104.03 81.0427
threshold=2.5000000000000004 2364.5000000000005 15925.140833333337 5.936436594464511 102815.00000000001 0.055320150659133711
decision_type=2 8 10 8 10 10
left_child=1 5 3 -3 -5 -1
right_child=-2 2 -4 4 -6 -7
leaf_value=0.026773849543636818 0.032095269819587033 -0.00058067833312678077 -0.042562029411223168 0.041052451385786122 -0.027076034014812501 -0.027088950044653205
leaf_weight=73.241655617952347 383.89038790762424 6056.8740401491523 128.52272317558527 249.17102032899857 68.08483037352562 724.75126656144857
leaf_count=371 375 23316 1072 955 267 4672
internal_value=-0.00077239 -0.00252146 -0.000114865 0.000773694 0.0262385 -0.0220094
internal_weight=7684.54 7300.65 6502.65 6374.13 317.256 797.993
internal_count=31028 30653 25610 24538 1222 5043
is_linear=0
shrinkage=0.05


Tree=45
num_leaves=7
num_cat=0
split_feature=34 37 4 35 36 36
split_gain=155.371 141.634 115.276 137.505 100.623 100.541
threshold=5507.9051388888902 0.37797619047619052 25782.500000000004 1332.7075000000002 465.26680555555561 1.7748611111111112
decision_type=8 2 10 10 8 8
left_child=1 5 3 4 -3 -1
right_child=-2 2 -4 -5 -6 -7
leaf_value=-0.059622471247192714 -0.017135507628386209 0.021134722723289964 0.0021951323039921182 0.0022314691216115666 0.058515413825344656 -0.0058818252142891136
leaf_weight=86.927671641111374 1056.4984164312482 724.39583760499954 3211.0668793320656 756.54767124354839 239.97065736353397 1676.4909061789513
leaf_count=375 7459 1678 10052 3037 507 8036
internal_value=0.000637974 0.00345323 0.00780015 0.0182219 0.0306903 -0.00869205
internal_weight=7751.9 6695.4 4931.98 1720.91 964.366 1763.42
internal_count=31144 23685 15274 5222 2185 8411
is_linear=0
shrinkage=0.05


Tree=46
num_leaves=7
num_cat=0
split_feature=15 27 21 25 14 24
split_gain=155.286 108.957 96.7686 87.3328 100.279 85.4855
threshold=1.0000000180025095e-35 2.5000000000000004 0.6002056202878685 0.53194581890153392 27.500000000000004 872.50000000000011
decision_type=10 2 10 10 10 10
left_child=-1 2 3 4 -2 -5
right_child=1 -3 -4 5 -6 -7
leaf_value=-0.02381144119938669 0.0076569696316232247 0.053122600479319992 -0.0078975012550880162 -0.0016078073580675157 0.04480809248284038 0.016915846580215093
leaf_weight=639.35301604121923 568.38572887331247 97.02850703895092 2097.1864591538906 3293.8742302879691 263.83894767612219 762.88908818364143
leaf_count=4225 2566 52 8655 12675 781 2272
internal_value=-0.000310949 0.00182558 0.00107565 0.00492892 0.0196322 0.00189217
internal_weight=7722.56 7083.2 6986.17 4888.99 832.225 4056.76
internal_count=31226 27001 26949 18294 3347 14947
is_linear=0
shrinkage=0.05


Tree=47
num_leaves=7
num_cat=0
split_feature=35 24 10 12 36 0
split_gain=145.941 143.412 131.499 128.64 119.121 91.3399
threshold=228.41652777777782 14.500000000000002 219.50000000000003 38.500000000000007 20.552777777777781 28.500000000000004
decision_type=8 8 8 10 10 10
left_child=3 5 -3 -1 -5 -2
right_child=1 2 -4 4 -6 -7
leaf_value=0.040362582176647191 -0.029965065740415398 -0.001757820671626837 0.025847105310790531 0.034172811468434983 -0.015630897252421075 0.01143573318815245
leaf_weight=392.67517625540495 662.97581402212381 5464.1696834117174 463.35598450899124 183.08737428486347 327.05392001569271 163.56103014200926
leaf_count=419 4637 23108 1531 257 422 701
internal_value=0.000220818 -0.00230749 0.000420028 0.0190439 0.00240162 -0.0217529
internal_weight=7656.88 6754.06 5927.53 902.816 510.141 826.537
internal_count=31075 29977 24639 1098 679 5338
is_linear=0
shrinkage=0.05


Tree=48
num_leaves=7
num_cat=0
split_feature=15 24 36 25 27 36
split_gain=177.609 106.994 102.599 82.6387 81.8555 72.8926
threshold=114.50000000000001 14.500000000000002 5118.1291666666675 0.077849927849927864 2.5000000000000004 3806.3420833333334
decision_type=10 10 10 10 2 10
left_child=1 3 4 -1 5 -3
right_child=-2 2 -4 -5 -6 -7
leaf_value=0.0031164631185694974 0.013085318969617199 -0.0011241579150028903 -0.022808574498948103 -0.031439377157006461 0.058516679836777268 0.033606804245431672
leaf_weight=246.48934483528137 1964.8630804866552 4180.0880619511008 502.38253494352102 568.82524693012238 55.872203186154366 151.73176366835833
leaf_count=1103 5667 16365 3063 4147 27 755
internal_value=0.000139573 -0.00432633 -0.00152155 -0.021037 0.000938967 0.000129716
internal_weight=7670.25 5705.39 4890.07 815.315 4387.69 4331.82
internal_count=31127 25460 20210 5250 17147 17120
is_linear=0
shrinkage=0.05


Tree=49
num_leaves=7
num_cat=0
split_feature=37 34 37 24 8 14
split_gain=157.016 101.47 85.6905 98.6806 73.8657 109.014
threshold=0.25833333333333336 52.826111111111125 0.17424242424242428 68.500000000000014 11.500000000000002 1.0000000180025095e-35
decision_type=2 8 2 10 10 10
left_child=2 -2 -1 -4 -3 -6
right_child=1 4 3 -5 5 -7
leaf_value=0.0018636097250469127 0.013658857370618239 0.0083499023101777561 -0.042922151731532958 -0.0054816835136682479 -0.02738147610672699 -0.0007497021620054751
leaf_weight=412.82735057920218 1883.0424955114722 1649.2379775643349 402.10144250839949 312.92222641408443 449.16841649264097 2498.2092485576868
leaf_count=2222 1415 8815 3038 1553 2690 11313
internal_value=0.000899968 0.00389978 -0.0162755 -0.0266886 -0.0001086 -0.00484778
internal_weight=7607.51 6479.66 1127.85 715.024 4596.62 2947.38
internal_count=31046 24233 6813 4591 22818 14003
is_linear=0
shrinkage=0.05


end of trees

feature_importances:
ev_h_since_prev=38
n_dying_ch=37
ev_relapse_rate=25
ev_gap_last=24
n_alarm_28d=22
n_rows_28d=17
n_undef_28d=13
rate_28d=13
ev_h_since_inc=12
ev_open_ch=12
ev_inc_168h=11
act_share_7d=10
ev_inc_672h=9
n_alarm_3d=7
n_alarm_7d=7
rate_7d=6
n_rows_3d=5
n_bad_28d=4
ev_inc_24h=4
n_ch_bad_28d=3
dying_share=3
ev_inc_72h=3
n_active_ch=2
n_rows_7d=2
n_undef_3d=2
act_share_1d=2
hour=2
n_rows_1d=1
n_undef_7d=1
n_ch_bad_7d=1
ev_fail_3h=1
ev_fail_168h=1

parameters:
[boosting: gbdt]
[objective: binary]
[metric: average_precision]
[tree_learner: serial]
[device_type: cpu]
[data_sample_strategy: bagging]
[data: ]
[valid: ]
[num_iterations: 2000]
[learning_rate: 0.05]
[num_leaves: 7]
[num_threads: 6]
[seed: 54]
[deterministic: 1]
[force_col_wise: 1]
[force_row_wise: 0]
[histogram_pool_size: -1]
[max_depth: -1]
[min_data_in_leaf: 200]
[min_sum_hessian_in_leaf: 0.001]
[bagging_fraction: 0.8]
[pos_bagging_fraction: 1]
[neg_bagging_fraction: 1]
[bagging_freq: 1]
[bagging_seed: 31077]
[bagging_by_query: 0]
[feature_fraction: 0.8]
[feature_fraction_bynode: 1]
[feature_fraction_seed: 23904]
[extra_trees: 0]
[extra_seed: 27232]
[early_stopping_round: 0]
[early_stopping_min_delta: 0]
[first_metric_only: 1]
[max_delta_step: 0]
[lambda_l1: 0]
[lambda_l2: 5]
[linear_lambda: 0]
[min_gain_to_split: 0]
[drop_rate: 0.1]
[max_drop: 50]
[skip_drop: 0.5]
[xgboost_dart_mode: 0]
[uniform_drop: 0]
[drop_seed: 2863]
[top_rate: 0.2]
[other_rate: 0.1]
[min_data_per_group: 100]
[max_cat_threshold: 32]
[cat_l2: 10]
[cat_smooth: 10]
[max_cat_to_onehot: 4]
[top_k: 20]
[monotone_constraints: ]
[monotone_constraints_method: basic]
[monotone_penalty: 0]
[feature_contri: ]
[forcedsplits_filename: ]
[refit_decay_rate: 0.9]
[cegb_tradeoff: 1]
[cegb_penalty_split: 0]
[cegb_penalty_feature_lazy: ]
[cegb_penalty_feature_coupled: ]
[path_smooth: 0]
[interaction_constraints: ]
[verbosity: -1]
[saved_feature_importance_type: 0]
[use_quantized_grad: 0]
[num_grad_quant_bins: 4]
[quant_train_renew_leaf: 0]
[stochastic_rounding: 1]
[linear_tree: 0]
[max_bin: 255]
[max_bin_by_feature: ]
[min_data_in_bin: 3]
[bin_construct_sample_cnt: 200000]
[data_random_seed: 214]
[is_enable_sparse: 1]
[enable_bundle: 1]
[use_missing: 1]
[zero_as_missing: 0]
[feature_pre_filter: 1]
[pre_partition: 0]
[two_round: 0]
[header: 0]
[label_column: ]
[weight_column: ]
[group_column: ]
[ignore_column: ]
[categorical_feature: ]
[forcedbins_filename: ]
[precise_float_parser: 0]
[parser_config_file: ]
[objective_seed: 8786]
[num_class: 1]
[is_unbalance: 0]
[scale_pos_weight: 1]
[sigmoid: 1]
[boost_from_average: 1]
[reg_sqrt: 0]
[alpha: 0.9]
[fair_c: 1]
[poisson_max_delta_step: 0.7]
[tweedie_variance_power: 1.5]
[lambdarank_truncation_level: 30]
[lambdarank_norm: 1]
[label_gain: ]
[lambdarank_position_bias_regularization: 0]
[eval_at: ]
[multi_error_top_k: 1]
[auc_mu_weights: ]
[num_machines: 1]
[local_listen_port: 12400]
[time_out: 120]
[machine_list_filename: ]
[machines: ]
[gpu_platform_id: -1]
[gpu_device_id: -1]
[gpu_use_dp: 0]
[num_gpu: 1]

end of parameters

pandas_categorical:[]
