tree
version=v4
num_class=1
num_tree_per_iteration=1
label_index=0
max_feature_idx=41
objective=binary sigmoid:1
feature_names=n_active_ch n_rows_1d n_rows_3d n_rows_7d n_rows_28d n_bad_1d n_bad_3d n_bad_7d n_bad_28d n_undef_1d n_undef_3d n_undef_7d n_undef_28d n_alarm_1d n_alarm_3d n_alarm_7d n_alarm_28d n_ch_bad_1d n_ch_bad_7d n_ch_bad_28d act_share_1d act_share_7d rate_7d rate_28d n_dying_ch dying_share ev_inc_6h ev_inc_24h ev_inc_72h ev_inc_168h ev_inc_672h ev_fail_3h ev_fail_24h ev_fail_168h ev_h_since_inc ev_h_since_prev ev_gap_last ev_relapse_rate ev_open_ch is_rearm hour dow
feature_infos=[0:1459] [0:200094] [0:575548] [0:1039472] [0:3446064] [0:32012] [0:32027] [0:32027] [0:32057] [0:37262] [0:71955] [0:122355] [0:165289] [0:32013] [0:32065] [0:32176] [0:33059] [0:383] [0:947] [0:1109] [0:1] [0.0054644808743169399:1] [0:52] [0:13] [0:1420] [0:1] [0:3] [0:7] [0:11] [0:18] [0:25] [0:191] [0:561] [0:1165] [1:22977.983611111111] [2.0238888888888891:28233.218888888889] [1.0238888888888888:21790.846388888887] [0.090909090909090912:0.96551724137931039] [0:195] [0:1] [0:23] [0:6]
tree_sizes=884 899 900 902 898 901 896 901 900 900 903 900 894 904 897 900 898 911 899 888 901 906 902 902 901 908 900 899 910 910 917 904 903 899 903 903 902 910 898 906 901 907 908 912 905 908 902 900 902 900 904 901 902 905 906 903 899 913 915 905 902 914 906 907 905 897 905 908 903 907 909 917 903 904 903 904 905 907 906 909 910 905 899 907 911

Tree=0
num_leaves=7
num_cat=0
split_feature=35 35 35 24 37 37
split_gain=4989.08 893.019 719.128 431.124 267.969 239.36
threshold=1332.7075000000002 5436.9231944444455 110.55194444444446 706.50000000000011 0.37797619047619052 0.44949494949494956
decision_type=8 8 10 10 2 2
left_child=2 3 -1 4 -2 -4
right_child=1 -3 5 -5 -6 -7
leaf_value=-0.4497193005386016 -0.57956941439143506 -0.58713572154446625 -0.54284271986442267 -0.50208071783060171 -0.54485559987917531 -0.4980792571734648
leaf_weight=792.28352546691895 848.75897896289825 3297.1915671825409 358.14282584190369 414.15347802639008 1594.7930221557617 1796.989177942276
leaf_count=595 3246 13613 939 1544 5994 5184
internal_value=-0.543812 -0.569425 -0.490372 -0.54895 -0.556962 -0.505499
internal_weight=9102.31 6154.9 2947.42 2857.71 2443.55 2155.13
internal_count=31115 24397 6718 10784 9240 6123
is_linear=0
shrinkage=1


Tree=1
num_leaves=7
num_cat=0
split_feature=35 30 24 24 15 12
split_gain=4184.96 959.19 494.37 332.339 253.249 228.441
threshold=2629.6495833333338 2.5000000000000004 102.50000000000001 729.50000000000011 162.50000000000003 21.500000000000004
decision_type=8 2 10 10 10 10
left_child=1 3 5 4 -1 -2
right_child=2 -3 -4 -5 -6 -7
leaf_value=0.0027838294018936258 -0.055881602096576381 0.074788608470668982 -0.0096181738502067425 0.047850400357912229 0.043521278627024519 -0.028937266606038438
leaf_weight=1903.0464174002409 1895.6461588144302 1088.4547211527824 1464.0026434957981 818.86805656552315 472.41327595710754 1377.4533920288086
leaf_count=6198 7965 1634 5865 2447 1473 5608
internal_value=-0.00144656 0.034351 -0.033813 0.0204767 0.0109598 -0.0446038
internal_weight=9019.88 4282.78 4737.1 3194.33 2375.46 3273.1
internal_count=31190 11752 19438 10118 7671 13573
is_linear=0
shrinkage=0.05


Tree=2
num_leaves=7
num_cat=0
split_feature=35 30 24 16 24 35
split_gain=4080.96 807.851 439.092 283.333 312.496 244.406
threshold=2602.2509722222226 2.5000000000000004 108.50000000000001 728.50000000000011 747.50000000000011 1187.8637500000002
decision_type=8 2 8 10 10 10
left_child=1 3 -2 4 5 -1
right_child=2 -3 -4 -5 -6 -7
leaf_value=0.023373472235784967 -0.042269516303990527 0.071310908504735079 -0.0088686453785095515 0.053348235077710561 0.045233265617142221 -0.011572246170350914
leaf_weight=953.82612964510918 3324.2684914767742 1116.8648023754358 1401.2675106525421 584.03216718137264 638.45065435767174 1041.819224819541
leaf_count=2513 13911 1666 5510 1813 1775 3823
internal_value=-0.000261519 0.0347529 -0.032385 0.0219744 0.0149303 0.00514686
internal_weight=9060.53 4334.99 4725.54 3218.13 2634.1 1995.65
internal_count=31011 11590 19421 9924 8111 6336
is_linear=0
shrinkage=0.05


Tree=3
num_leaves=7
num_cat=0
split_feature=35 35 16 16 37 22
split_gain=3614.49 865.22 432.741 274.261 199.317 156.382
threshold=2818.6045833333342 110.55194444444446 706.50000000000011 291.50000000000006 0.25833333333333336 0.67760486003020393
decision_type=8 10 10 8 2 10
left_child=1 -1 4 -2 -3 -6
right_child=3 2 -4 -5 5 -7
leaf_value=0.077274496393472086 -0.03825840990617644 -0.031948616661821354 0.051439461600467508 -0.0063466018972839142 0.032190285226991841 0.0064862239094157772
leaf_weight=818.25409926474094 3644.8367716521025 240.04186433553696 868.88498316705227 828.32173451781273 892.29141156375408 1747.7880833894014
leaf_count=590 15401 814 2424 3328 2820 5521
internal_value=-0.000434773 0.0308366 0.0206117 -0.0323628 0.0112385 0.0152181
internal_weight=9040.42 4567.26 3749.01 4473.16 2880.12 2640.08
internal_count=30898 12169 11579 18729 9155 8341
is_linear=0
shrinkage=0.05


Tree=4
num_leaves=7
num_cat=0
split_feature=35 29 16 24 12 38
split_gain=3199.04 727.193 448.459 409.271 231.916 184.335
threshold=2533.575416666667 2.5000000000000004 366.50000000000006 108.50000000000001 20.500000000000004 1.5000000000000002
decision_type=8 2 10 10 10 2
left_child=1 2 -1 4 -2 -4
right_child=3 -3 5 -5 -6 -7
leaf_value=0.0052924812222068128 -0.051106593319430287 0.084177821399334052 0.032395115855826793 -0.0071107475971143828 -0.024079650345227643 0.075167525720845674
leaf_weight=1972.103711694479 1840.4675565212965 532.51029145717621 1621.4449443668127 1408.1308483630419 1420.749714627862 298.9489601701498
leaf_count=5963 8064 381 4906 5639 5945 197
internal_value=-0.000818667 0.0296266 0.0220654 -0.0296716 -0.0393872 0.0392314
internal_weight=9094.36 4425.01 3892.5 4669.35 3261.22 1920.39
internal_count=31095 11447 11066 19648 14009 5103
is_linear=0
shrinkage=0.05


Tree=5
num_leaves=7
num_cat=0
split_feature=35 38 24 29 24 12
split_gain=3246.74 814.802 367.555 265.331 249.956 189.317
threshold=2818.6045833333342 1.0000000180025095e-35 102.50000000000001 2.5000000000000004 843.50000000000011 20.500000000000004
decision_type=8 2 8 2 10 10
left_child=1 4 5 -3 -1 -2
right_child=2 3 -4 -5 -6 -7
leaf_value=0.0042357163211376647 -0.049665417295748436 0.043167010351314067 -0.007730781925481967 0.084675806165694492 0.044150809830460179 -0.024327456998076265
leaf_weight=2102.2636285424232 1758.2913407236338 1546.6522208750248 1364.7494608610868 521.97157803177834 477.5655821710825 1297.1128832250834
leaf_count=8885 7845 1121 5550 209 1970 5502
internal_value=0.00132168 0.0304792 -0.0293416 0.0538198 0.0116957 -0.038966
internal_weight=9068.61 4648.45 4420.15 2068.62 2579.83 3055.4
internal_count=31082 12185 18897 1330 10855 13347
is_linear=0
shrinkage=0.05


Tree=6
num_leaves=7
num_cat=0
split_feature=35 16 35 36 4 22
split_gain=2940.01 679.935 420.875 224.611 217.582 199.031
threshold=1332.7075000000002 288.50000000000006 205.22361111111113 4824.6498611111119 2535.5000000000005 0.67760486003020393
decision_type=8 8 10 10 10 10
left_child=2 4 -1 -3 -2 -4
right_child=1 3 5 -5 -6 -7
leaf_value=0.064152633739529688 -0.049300460045631489 0.015095873441321983 0.04810299900427132 -0.045827572371460394 -0.023561250032514663 0.014984131330461618
leaf_weight=1122.9980647414923 1104.626643538475 1378.3928464800119 677.67339146137238 164.98431286215782 3255.7946314066648 1374.8297326266766
leaf_count=1019 4898 5156 1828 690 13627 3899
internal_value=0.000818807 -0.0200447 0.0395781 0.00845631 -0.0301308 0.0260093
internal_weight=9079.3 5903.8 3175.5 1543.38 4360.42 2052.5
internal_count=31117 24371 6746 5846 18525 5727
is_linear=0
shrinkage=0.05


Tree=7
num_leaves=7
num_cat=0
split_feature=35 34 24 16 28 16
split_gain=2384.19 528.369 324.181 238.875 200.938 196.844
threshold=2818.6045833333342 52.826111111111125 102.50000000000001 533.50000000000011 2.5000000000000004 396.50000000000006
decision_type=8 10 8 10 2 10
left_child=1 4 -2 -3 5 -1
right_child=2 3 -4 -5 -6 -7
leaf_value=0.017854192811618413 -0.036761886470329408 -0.0011819451285784519 -0.0073244058991917289 0.031244826564125208 0.079864795442792041 0.051928002692913644
leaf_weight=795.12610459327698 2962.9138388633728 1780.4105022102594 1369.8534246981144 828.73804369568825 313.73472934961319 922.2320179194212
leaf_count=522 13318 7537 5601 3403 149 629
internal_value=-0.000818194 0.0240742 -0.0274741 0.00915776 0.0431663 0.0362497
internal_weight=8973.01 4640.24 4332.77 2609.15 2031.09 1717.36
internal_count=31159 12240 18919 10940 1300 1151
is_linear=0
shrinkage=0.05


Tree=8
num_leaves=7
num_cat=0
split_feature=35 16 35 24 37 2
split_gain=2309.27 510.751 399.993 216.193 196.458 219.482
threshold=1501.2641666666671 288.50000000000006 110.55194444444446 147.50000000000003 0.25833333333333336 3761.5000000000005
decision_type=8 8 10 10 2 10
left_child=2 3 -1 -2 -4 -6
right_child=1 -3 4 -5 5 -7
leaf_value=0.061805605836381589 -0.034042896057398263 0.006059934519419794 -0.039216770911483428 -0.0046518959572457389 0.041671721725536917 0.011101316894711513
leaf_weight=870.21521291136742 3388.3119710087776 1423.4417471885681 118.76750136911869 769.25996115803719 1112.5436877161264 1247.6476533263922
leaf_count=606 15053 5448 292 3117 3082 3512
internal_value=-8.37394e-05 -0.019775 0.0327101 -0.0286169 0.0223926 0.0255692
internal_weight=8930.19 5581.01 3349.17 4157.57 2478.96 2360.19
internal_count=31110 23618 7492 18170 6886 6594
is_linear=0
shrinkage=0.05


Tree=9
num_leaves=7
num_cat=0
split_feature=35 30 24 37 35 12
split_gain=2019.89 481.992 306.925 292.649 205.024 190.901
threshold=2602.2509722222226 2.5000000000000004 108.50000000000001 0.25833333333333336 228.41652777777782 21.500000000000004
decision_type=8 2 8 2 10 10
left_child=1 3 5 -1 -3 -2
right_child=2 4 -4 -5 -6 -7
leaf_value=-0.041355608550190631 -0.043920917082630677 0.065429261007531825 -0.0043342503380258369 0.017922533292868276 0.018756116413302569 -0.018511011461267764
leaf_weight=218.39808611571789 1714.7349085658789 798.67433321475983 1360.3915860503912 3118.2966286092997 340.01312112808228 1317.3691748380661
leaf_count=684 8077 771 5557 9326 885 5782
internal_value=-1.52291e-05 0.0236126 -0.0240884 0.0139865 0.0516355 -0.0329296
internal_weight=8867.88 4475.38 4392.5 3336.69 1138.69 3032.1
internal_count=31082 11666 19416 10010 1656 13859
is_linear=0
shrinkage=0.05


Tree=10
num_leaves=7
num_cat=0
split_feature=35 29 16 24 24 12
split_gain=1824.13 423.58 290.532 256.114 241.598 212.34
threshold=2818.6045833333342 2.5000000000000004 728.50000000000011 68.500000000000014 872.50000000000011 21.500000000000004
decision_type=8 2 10 10 10 10
left_child=1 2 4 5 -1 -2
right_child=3 -3 -4 -5 -6 -7
leaf_value=0.0022951417683077036 -0.047646050275718187 0.063632840890602366 0.039887723166758857 -0.010096873146499659 0.040001829614196925 -0.017627543243442536
leaf_weight=2680.913614064455 1410.1048259437084 510.66772386431694 938.64089798927307 1780.4817420393229 499.96414978802204 1024.4201559722424
leaf_count=8129 6837 354 2409 7497 1371 4522
internal_value=-0.000766193 0.0208874 0.0155179 -0.0245493 0.00827528 -0.0350766
internal_weight=8845.19 4630.19 4119.52 4215.01 3180.88 2434.52
internal_count=31119 12263 11909 18856 9500 11359
is_linear=0
shrinkage=0.05


Tree=11
num_leaves=7
num_cat=0
split_feature=35 34 24 29 24 16
split_gain=1855.67 484.235 242.916 197.05 184.62 163.55
threshold=2846.2472222222227 29.43930555555556 103.50000000000001 2.5000000000000004 837.50000000000011 540.50000000000011
decision_type=8 10 8 2 10 10
left_child=1 3 -2 -1 5 -3
right_child=2 4 -4 -5 -6 -7
leaf_value=0.030813458594687138 -0.033401566389388924 -0.0076511101554197387 -0.0073906490718201479 0.068250528628680182 0.034221138747019868 0.022272735820650123
leaf_weight=1506.2757306694984 2795.2867568135262 1581.1524844616652 1326.1156088858843 462.61144058406353 509.19238692522049 636.22496549785137
leaf_count=752 13265 6719 5427 216 2060 2590
internal_value=-0.000583455 0.0208968 -0.0250513 0.0397603 0.00722744 0.000965636
internal_weight=8816.86 4695.46 4121.4 1968.89 2726.57 2217.38
internal_count=31029 12337 18692 968 11369 9309
is_linear=0
shrinkage=0.05


Tree=12
num_leaves=7
num_cat=0
split_feature=35 29 24 15 4 36
split_gain=1465.6 339.467 240.607 230.515 174.057 151.268
threshold=2846.2472222222227 2.5000000000000004 447.50000000000006 114.50000000000001 151889.50000000003 744.55416666666667
decision_type=8 2 8 10 10 8
left_child=1 3 4 -1 -2 -6
right_child=2 -3 -4 -5 5 -7
leaf_value=0.0056051280912453698 -0.027875424239358668 0.057547043709637639 0.025653434788705399 0.030296132168403309 -0.049387931302635385 0.039516920244259755
leaf_weight=2706.3525053858757 3588.0368823558092 504.06396548449993 244.33511516451836 1450.1605034768581 60.411765798926353 175.42911179363728
leaf_count=8183 16704 374 977 3743 280 701
internal_value=-0.000146939 0.0189855 -0.0220616 0.0142456 -0.02514 0.016191
internal_weight=8728.79 4660.58 4068.21 4156.51 3823.88 235.841
internal_count=30962 12300 18662 11926 17685 981
is_linear=0
shrinkage=0.05


Tree=13
num_leaves=7
num_cat=0
split_feature=35 35 38 37 40 23
split_gain=1461.69 407.884 257.906 248.762 202.147 146.341
threshold=1332.7075000000002 5507.604444444446 1.0000000180025095e-35 0.37797619047619052 11.500000000000002 5.2701905684159831
decision_type=8 8 2 2 2 10
left_child=2 3 -1 -2 -3 -6
right_child=1 4 -4 -5 5 -7
leaf_value=0.011396150346355764 -0.023930286102034182 0.058260977499996681 0.040203916370570206 0.0083495730105148606 -0.034359354786912925 0.0014989943528887226
leaf_weight=1380.5926869809628 846.54331512749195 61.68133282661438 1787.7258967608213 1990.524845123291 2436.8553684651852 321.59342868626118
leaf_count=5639 3475 20 1073 7560 11940 1497
internal_value=0.00052353 -0.0147014 0.0276887 -0.00130746 -0.0281495 -0.0301837
internal_weight=8825.52 5657.2 3168.32 2837.07 2820.13 2758.45
internal_count=31204 24492 6712 11035 13457 13437
is_linear=0
shrinkage=0.05


Tree=14
num_leaves=7
num_cat=0
split_feature=35 24 29 0 2 37
split_gain=1329.16 430.536 284.544 220.47 194.905 203.948
threshold=1309.4962500000004 192.50000000000003 2.5000000000000004 23.500000000000004 3923.0000000000005 0.39047619047619053
decision_type=8 8 2 10 10 2
left_child=2 3 4 -2 5 -1
right_child=1 -3 -4 -5 -6 -7
leaf_value=-0.018836822215208965 -0.032718762776508377 0.0087744172673300067 0.06048309649419692 -0.0093205542870535268 0.0063920909249451461 0.04150452878096788
leaf_weight=157.86185491085052 2390.2225779145956 1449.2183968275785 500.47929130494595 1745.9749538600445 1372.4499072879553 1079.1188016980886
leaf_count=358 11430 5484 369 7513 3335 2594
internal_value=-7.16156e-05 -0.0146552 0.0261021 -0.0228651 0.0194049 0.033759
internal_weight=8695.33 5585.42 3109.91 4136.2 2609.43 1236.98
internal_count=31083 24427 6656 18943 6287 2952
is_linear=0
shrinkage=0.05


Tree=15
num_leaves=7
num_cat=0
split_feature=35 0 36 23 36 2
split_gain=1156.79 390.441 257.708 193.193 193.167 164.394
threshold=1332.7075000000002 31.500000000000004 4824.6498611111119 11.426794385836724 3970.1341666666672 3761.5000000000005
decision_type=8 8 10 10 10 10
left_child=3 -2 4 5 -3 -1
right_child=1 2 -4 -5 -6 -7
leaf_value=0.034769716944460898 -0.024617695445465826 0.0062859618999548013 -0.038475772237786449 0.081068092702398675 0.088772868431666346 0.010917163921272949
leaf_weight=1298.5843189358711 3350.4744746387005 1819.2648949921131 323.12521722912788 138.71212285757065 68.919507637619972 1635.7299489378929
leaf_count=2991 15534 7252 1492 143 168 3576
internal_value=-0.000267572 -0.0138679 0.00243848 0.0243298 0.00952327 0.0215143
internal_weight=8634.81 5561.78 2211.31 3073.03 1888.18 2934.31
internal_count=31156 24446 8912 6710 7420 6567
is_linear=0
shrinkage=0.05


Tree=16
num_leaves=7
num_cat=0
split_feature=36 34 3 16 15 21
split_gain=1071.6 492.001 171.793 171.288 161.715 148.687
threshold=2701.1322222222229 29.43930555555556 48009.000000000007 285.50000000000006 151.50000000000003 0.48758930771125897
decision_type=8 10 8 10 10 10
left_child=1 4 5 -3 -1 -2
right_child=2 3 -4 -5 -6 -7
leaf_value=0.022596581908276639 -0.014001401621227825 -0.0077820410818917069 0.042349450270963651 0.013567615156551799 0.053188089754064742 -0.037061305561256634
leaf_weight=1195.8208657503128 1305.1408131122589 1939.5587148368359 89.350568994879723 1812.879186630249 684.76671603322029 1524.1987474560738
leaf_count=563 5975 8778 365 7519 373 7545
internal_value=0.000272447 0.0130105 -0.024292 0.00253674 0.0338472 -0.0264675
internal_weight=8551.72 5633.03 2918.69 3752.44 1880.59 2829.34
internal_count=31118 17233 13885 16297 936 13520
is_linear=0
shrinkage=0.05


Tree=17
num_leaves=7
num_cat=0
split_feature=35 27 4 36 36 16
split_gain=1077.5 305.534 222.289 212.528 175.067 174.474
threshold=2665.1501388888896 1.0000000180025095e-35 2364.5000000000005 4917.4005555555568 3806.3420833333334 533.50000000000011
decision_type=8 2 8 10 10 10
left_child=1 5 -2 4 -4 -1
right_child=2 -3 3 -5 -6 -7
leaf_value=-0.0023784076057277292 -0.040028965603954816 0.033044434863656331 -0.0077788174876785013 -0.034151456767563031 0.046852474495337165 0.024953293486859943
leaf_weight=1765.3451896309853 876.75702798366547 1878.9620063006878 2256.5980195403099 784.32033878564835 151.84468224644661 866.91387712955475
leaf_count=7420 4530 929 10487 3770 524 3497
internal_value=0.000850797 0.0176699 -0.0177926 -0.0116333 -0.00424456 0.00665332
internal_weight=8580.74 4511.22 4069.52 3192.76 2408.44 2632.26
internal_count=31157 11846 19311 14781 11011 10917
is_linear=0
shrinkage=0.05


Tree=18
num_leaves=7
num_cat=0
split_feature=35 37 16 30 23 24
split_gain=940.704 419.419 266.085 173.387 155.545 151.785
threshold=5436.9231944444455 0.37797619047619052 540.50000000000011 2.5000000000000004 5.2701905684159831 92.500000000000014
decision_type=8 2 10 2 8 10
left_child=1 -1 5 -4 -2 -3
right_child=4 2 3 -5 -6 -7
leaf_value=-0.016528779509434308 -0.029313534976527 -0.0076921465196094913 0.020309372765375575 0.05279375501666337 0.0065745171707750827 0.016248452226376008
leaf_weight=1116.912642583251 2344.5602427572012 980.58300364017487 1068.8554539680481 673.84291316568851 344.56116679310799 2017.6667919009924
leaf_count=3996 12098 3292 3390 983 1544 5864
internal_value=-0.000255802 0.0109824 0.0174743 0.0329851 -0.0247115 0.00841887
internal_weight=8546.98 5857.86 4740.95 1742.7 2689.12 2998.25
internal_count=31167 17525 13529 4373 13642 9156
is_linear=0
shrinkage=0.05


Tree=19
num_leaves=7
num_cat=0
split_feature=35 24 4 28 16 4
split_gain=903.739 420.337 235.409 208.878 177.326 169.967
threshold=1244.207916666667 706.50000000000011 2364.5000000000005 2.5000000000000004 706.50000000000011 94036.500000000015
decision_type=8 8 10 2 10 10
left_child=3 2 -2 4 -1 -6
right_child=1 -3 -4 -5 5 -7
leaf_value=0.0093395777477494977 -0.038494666424002948 0.032344935288316043 -0.010543078770956098 0.060087114656965805 0.05161875974276401 0.0022124727655363219
leaf_weight=1854.739970356226 920.27229258418083 495.83365371823311 4093.238151460886 327.82188205420971 587.02554067969322 247.234798386693
leaf_count=4475 4817 1734 18182 173 1105 617
internal_value=0.000686719 -0.011357 -0.0157071 0.0226635 0.0179981 0.0370775
internal_weight=8526.17 5509.34 5013.51 3016.82 2689 834.26
internal_count=31103 24733 22999 6370 6197 1722
is_linear=0
shrinkage=0.05


Tree=20
num_leaves=7
num_cat=0
split_feature=35 24 29 4 36 3
split_gain=835.72 372.166 205.558 189.649 162.531 141.936
threshold=1187.8637500000002 706.50000000000011 2.5000000000000004 2364.5000000000005 5118.1291666666675 5462.5000000000009
decision_type=8 8 2 10 10 10
left_child=2 3 5 -2 -5 -1
right_child=1 -3 -4 4 -6 -7
leaf_value=0.031800633214720632 -0.036341545595644308 0.027998380097347758 0.051842821424033236 -0.0065758448732646654 -0.032984622137184137 0.0065028084971654092
leaf_weight=873.31371580064297 901.06953229010105 537.25430896878242 471.8623048812151 3443.4215406477451 697.32470166683197 1513.1261681318283
leaf_count=1989 4784 1811 363 14901 3503 3685
internal_value=-0.000125915 -0.0113874 0.0218366 -0.0156079 -0.0110576 0.0158076
internal_weight=8437.37 5579.07 2858.3 5041.82 4140.75 2386.44
internal_count=31036 24999 6037 23188 18404 5674
is_linear=0
shrinkage=0.05


Tree=21
num_leaves=7
num_cat=0
split_feature=35 37 35 23 21 24
split_gain=686.879 366.54 236.152 182.208 200.624 144.15
threshold=5436.9231944444455 0.37797619047619052 205.22361111111113 5.0353701788701182 0.24511625690870978 435.50000000000006
decision_type=8 2 10 8 10 10
left_child=1 -1 -3 5 -5 -2
right_child=3 2 -4 4 -6 -7
leaf_value=-0.016614651187286569 -0.028523614268517402 0.037787737974793741 0.0096962137829618971 0.092966776618243513 -0.0054768725409882991 0.062588699601756004
leaf_weight=1110.6319217979908 2229.7404692173004 928.84245982766151 3794.6454357355833 57.662132084369659 294.63070991635323 39.720040783286095
leaf_count=4054 11865 920 12606 216 1383 167
internal_value=-0.000374112 0.00917846 0.0152543 -0.0216082 0.0117116 -0.0267949
internal_weight=8455.87 5834.12 4723.49 2621.75 352.293 2269.46
internal_count=31211 17580 13526 13631 1599 12032
is_linear=0
shrinkage=0.05


Tree=22
num_leaves=7
num_cat=0
split_feature=35 30 23 24 24 21
split_gain=669.236 307.145 169 148.811 145.391 135.02
threshold=5436.9231944444455 2.5000000000000004 5.0353701788701182 441.50000000000006 706.50000000000011 0.24332721976480745
decision_type=8 2 8 10 10 10
left_child=1 4 3 -2 -1 -4
right_child=2 -3 5 -5 -6 -7
leaf_value=-0.00090029029864334648 -0.028075022666851596 0.033392707610822962 0.081945404735161473 0.065601482493641491 0.020353659295519161 -0.0024505398265993908
leaf_weight=3652.5925060659647 2193.9551108628511 1072.7332546561956 51.850547611713409 38.637469291687012 1026.8241132199764 283.21270912885666
leaf_count=12830 11855 1671 190 158 3050 1352
internal_value=-0.000146999 0.009327 -0.0213478 -0.0263109 0.0037803 0.0116224
internal_weight=8319.81 5752.15 2567.66 2232.59 4679.42 335.063
internal_count=31106 17551 13555 12013 15880 1542
is_linear=0
shrinkage=0.05


Tree=23
num_leaves=7
num_cat=0
split_feature=35 16 24 23 4 23
split_gain=585.769 253.562 162.398 167.204 179.587 148.234
threshold=5507.604444444446 958.50000000000011 143.50000000000003 5.936436594464511 68016.000000000015 5.0353701788701182
decision_type=8 10 10 10 10 8
left_child=1 2 3 4 -1 -2
right_child=5 -3 -4 -5 -6 -7
leaf_value=-0.019961571181160973 -0.02534324315661958 0.034014475064847435 0.013027298732973076 0.055500904583372361 0.0077237026236722933 0.0092796247147799733
leaf_weight=1321.638631477952 2164.5220193117857 823.6850169301033 2535.5345199108124 104.34885907173157 1045.1244496554136 357.88086941838264
leaf_count=4895 11882 1910 7412 124 3284 1600
internal_value=-0.000315124 0.00839397 0.0041492 -0.00496827 -0.00774569 -0.0204223
internal_weight=8352.73 5830.33 5006.65 2471.11 2366.76 2522.4
internal_count=31107 17625 15715 8303 8179 13482
is_linear=0
shrinkage=0.05


Tree=24
num_leaves=7
num_cat=0
split_feature=38 36 16 38 4 24
split_gain=636.846 351.276 165.193 148.43 104.782 100.263
threshold=1.0000000180025095e-35 3493.0963888888896 590.50000000000011 1.5000000000000002 41151.000000000007 831.50000000000011
decision_type=2 8 8 2 10 10
left_child=1 5 3 -2 -4 -1
right_child=2 -3 4 -5 -6 -7
leaf_value=-0.0029630605109974405 0.022137316733126529 -0.024800558398002649 0.058515130488587391 -0.014626772346984333 0.022151576557526489 0.019057931961820439
leaf_weight=3325.3339739590883 1040.2598416656256 2113.3702407926321 410.62521563470364 368.40704584121704 397.14110858738422 606.86914558708668
leaf_count=15045 754 11979 303 298 294 2456
internal_value=1.96137e-05 -0.00838661 0.0229158 0.0125047 0.0408831 0.000455394
internal_weight=8262.01 6045.57 2216.43 1408.67 807.766 3932.2
internal_count=31129 29480 1649 1052 597 17501
is_linear=0
shrinkage=0.05


Tree=25
num_leaves=7
num_cat=0
split_feature=38 36 37 35 35 4
split_gain=541.418 305.598 175.252 125.329 104.805 107.817
threshold=1.0000000180025095e-35 3513.7331944444445 0.44949494949494956 228.41652777777782 15925.140833333337 2535.5000000000005
decision_type=2 8 2 10 10 10
left_child=1 -1 -2 -4 5 -3
right_child=2 4 3 -5 -6 -7
leaf_value=0.00038799769376822099 -0.0067535758697842138 -0.039685349192615099 0.041277701619155754 0.015111345617248901 -0.054807475670635299 -0.011953863110852831
leaf_weight=3973.5518034398556 461.95535399019718 471.93475185334682 876.63089020550251 970.8279727101326 230.99310821294785 1351.7844878733158
leaf_count=17724 300 2947 487 860 1421 7435
internal_value=0.000173505 -0.00771335 0.0207327 0.0276053 -0.0233432 -0.019219
internal_weight=8337.68 6028.26 2309.41 1847.46 2054.71 1823.72
internal_count=31174 29527 1647 1347 11803 10382
is_linear=0
shrinkage=0.05


Tree=26
num_leaves=7
num_cat=0
split_feature=28 36 36 8 1 8
split_gain=437.06 260.931 177.688 189.443 128.585 119.395
threshold=1.0000000180025095e-35 3513.7331944444445 20.552777777777781 1.5000000000000002 2720.5000000000005 53.500000000000007
decision_type=2 8 10 10 10 10
left_child=1 -1 -2 -4 5 -5
right_child=2 -3 3 4 -6 -7
leaf_value=0.00014136355412904268 0.047153817183777175 -0.021924713387644852 -0.028652137121082156 0.0064562338689238457 0.00010042198922411224 0.041993373144272705
leaf_weight=3897.3756549209356 425.05912554264069 2036.4310096353292 250.18154433369637 379.7355759292841 639.34808737039566 630.18001309037209
leaf_count=17394 315 11836 172 363 535 513
internal_value=-0.000244055 -0.00744361 0.0181109 0.0115049 0.0176647 0.0287288
internal_weight=8258.31 5933.81 2324.5 1899.45 1649.26 1009.92
internal_count=31128 29230 1898 1583 1411 876
is_linear=0
shrinkage=0.05


Tree=27
num_leaves=7
num_cat=0
split_feature=36 29 4 24 4 16
split_gain=523.802 274.556 198.173 160.318 155.239 146.685
threshold=2701.1322222222229 2.5000000000000004 151889.50000000003 872.50000000000011 28119.500000000004 728.50000000000011
decision_type=8 2 10 10 10 10
left_child=1 3 -2 5 -5 -1
right_child=2 -3 -4 4 -6 -7
leaf_value=-0.0026403973627307127 -0.02135182375552129 0.04526541873805489 0.03881568917381862 0.056497274380007234 0.0092320930824979757 0.020801682091495938
leaf_weight=3517.3216402232647 2510.3668420910835 469.69649377465248 140.23471367359161 273.1009895503521 469.44344162940979 818.34347800910473
leaf_count=12426 13427 385 535 768 1344 2269
internal_value=0.000162821 0.00889732 -0.0181015 0.00549233 0.0268774 0.00180309
internal_weight=8198.51 5547.91 2650.6 5078.21 742.544 4335.67
internal_count=31154 17192 13962 16807 2112 14695
is_linear=0
shrinkage=0.05


Tree=28
num_leaves=7
num_cat=0
split_feature=38 24 36 35 37 21
split_gain=414.885 262.617 156.584 130.783 146.905 102.736
threshold=1.0000000180025095e-35 19.500000000000004 4917.4005555555568 228.41652777777782 0.70333655705996145 0.41558704453441303
decision_type=2 10 10 10 2 10
left_child=1 -1 -3 5 -5 -2
right_child=3 2 -4 4 -6 -7
leaf_value=-0.028206997722136258 0.050913438834913387 0.0016443673183505231 -0.025980992336489629 -0.0023895668062354409 0.035594071482528404 0.017609881539186405
leaf_weight=1163.0680503696203 414.04569137096405 4177.4078284353018 579.67598596215248 943.29574906826019 343.35875459015369 536.58561560511589
leaf_count=6808 197 19071 3494 712 387 358
internal_value=-3.12326e-05 -0.00696366 -0.00174567 0.0182875 0.00784536 0.0323057
internal_weight=8157.44 5920.15 4757.08 2237.29 1286.65 950.631
internal_count=31027 29373 22565 1654 1099 555
is_linear=0
shrinkage=0.05


Tree=29
num_leaves=7
num_cat=0
split_feature=38 37 4 12 20 16
split_gain=415.441 259.616 149.863 150.182 127.633 140.938
threshold=1.0000000180025095e-35 0.25833333333333336 2039.5000000000002 51.500000000000007 0.087001221801710535 751.50000000000011
decision_type=2 2 10 10 10 10
left_child=1 -1 3 -3 -2 -6
right_child=4 2 -4 -5 5 -7
leaf_value=-0.027469146480578722 0.035786457351141138 -0.03790505908032632 0.0021640058833463523 0.029060687695692894 -9.9780951266955869e-05 0.035283483466385122
leaf_weight=1153.6795981526375 765.77385172247887 446.04693880677223 4183.4609272032976 98.901415109634399 962.62484210729599 392.68719035387039
leaf_count=6675 558 2729 19372 519 746 313
internal_value=0.000584016 -0.00625803 -0.00105921 -0.0255979 0.0195281 0.0102441
internal_weight=8003.17 5882.09 4728.41 544.948 2121.09 1355.31
internal_count=30912 29295 22620 3248 1617 1059
is_linear=0
shrinkage=0.05


Tree=30
num_leaves=7
num_cat=0
split_feature=38 14 20 15 24 12
split_gain=440.595 231.576 129.598 147.517 122.171 89.3163
threshold=1.0000000180025095e-35 1.0000000180025095e-35 0.12010928961748635 143.50000000000003 716.50000000000011 26.500000000000004
decision_type=2 10 10 10 10 10
left_child=1 5 -2 -4 -3 -1
right_child=2 4 3 -5 -6 -7
leaf_value=-0.032560606093593798 0.034421036195450956 -0.004386578179339312 -0.0044665040635416672 0.030770573633411326 0.017975916502215573 -0.0061380264687733027
leaf_weight=957.15986132621765 906.04599949717522 3689.3110192418098 747.23398406803608 486.80452871322632 726.73779751360416 483.17079864442348
leaf_count=5763 661 18074 611 350 2950 2519
internal_value=0.000719338 -0.00637677 0.0201076 0.00950193 -0.000690272 -0.0237488
internal_weight=7996.46 5856.38 2140.08 1234.04 4416.05 1440.33
internal_count=30928 29306 1622 961 21024 8282
is_linear=0
shrinkage=0.05


Tree=31
num_leaves=7
num_cat=0
split_feature=35 4 28 35 23 16
split_gain=341.491 218.194 157.745 143.774 134.836 157.031
threshold=1332.7075000000002 2364.5000000000005 2.5000000000000004 15925.140833333337 0.61974210158596021 675.50000000000011
decision_type=8 8 2 10 10 10
left_child=2 -2 4 -3 -1 -6
right_child=1 3 -4 -5 5 -7
leaf_value=0.03225281627580133 -0.032216475019065625 -0.0018305063644970022 0.050283983021169557 -0.049474253623982188 -0.0052890808013180655 0.023019035464948445
leaf_weight=525.15882277488708 786.88819286227226 4145.5446270853281 256.96181759238243 159.65935306251049 1466.7520011514425 729.56640842556953
leaf_count=1169 4818 18626 162 1082 3747 1667
internal_value=-0.000230257 -0.008094 0.013205 -0.00365273 0.00961824 0.00414515
internal_weight=8070.53 5092.09 2978.44 4305.2 2721.48 2196.32
internal_count=31271 24526 6745 19708 6583 5414
is_linear=0
shrinkage=0.05


Tree=32
num_leaves=7
num_cat=0
split_feature=37 34 4 12 24 8
split_gain=379.578 214.178 132.622 153.788 111.174 93.652
threshold=0.25833333333333336 80.389305555555566 2039.5000000000002 51.500000000000007 27.500000000000004 1.5000000000000002
decision_type=2 8 10 10 10 8
left_child=4 5 3 -3 -1 -2
right_child=1 2 -4 -5 -6 -7
leaf_value=-0.046921245133745168 -0.011438214487023392 -0.036912310271496634 0.0019593612459478087 0.033564421377718145 -0.014910108976339107 0.022000059873865874
leaf_weight=386.11803676187992 233.01193895936012 434.22409719228745 4135.0552533566952 89.857848063111305 911.89754392206669 1844.8700430095196
leaf_count=2402 178 2799 19219 481 4456 1646
internal_value=0.000128727 0.00490324 -0.00105423 -0.0246255 -0.0245759 0.0182319
internal_weight=8035.03 6737.02 4659.14 524.082 1298.02 2077.88
internal_count=31181 24323 22499 3280 6858 1824
is_linear=0
shrinkage=0.05


Tree=33
num_leaves=7
num_cat=0
split_feature=35 24 4 22 2 36
split_gain=306.054 213.49 150.851 113.799 106.705 90.5998
threshold=1187.8637500000002 706.50000000000011 2364.5000000000005 18.288115100924731 2924.0000000000005 5118.1291666666675
decision_type=8 8 10 10 10 10
left_child=3 2 -2 4 -1 -4
right_child=1 -3 5 -5 -6 -7
leaf_value=0.024196477198105422 -0.03057518316068273 0.022281003416336854 -0.0031971558283904211 0.065407003163652055 0.0034305617003058627 -0.024061513347256695
leaf_weight=1020.9655494093895 772.46867133677006 552.62234456837177 3331.085554599762 97.755470529198647 1563.1259381175041 612.11946256458759
leaf_count=2441 4837 1815 14942 87 3456 3512
internal_value=7.98942e-06 -0.00699025 -0.0104405 0.013743 0.011666 -0.00646238
internal_weight=7950.14 5268.3 4715.67 2681.85 2584.09 3943.21
internal_count=31090 25106 23291 5984 5897 18454
is_linear=0
shrinkage=0.05


Tree=34
num_leaves=7
num_cat=0
split_feature=15 37 15 34 19 35
split_gain=287.783 182.436 128.538 91.1181 128.824 87.5167
threshold=1.0000000180025095e-35 0.25833333333333336 143.50000000000003 8051.884027777779 2.5000000000000004 30.675000000000004
decision_type=8 2 8 8 8 10
left_child=-1 5 3 -3 -5 -2
right_child=1 2 -4 4 -6 -7
leaf_value=-0.031020571633471317 0.051433342769379213 0.0036274059351660832 0.017957658272056986 0.02543068684821171 -0.034324325634730084 -0.020351208307913732
leaf_weight=711.50660159438848 39.681578934192657 4243.3330130726099 1531.8149383068085 116.34419395029545 354.47178338468075 983.31922756880522
leaf_count=4231 17 14812 4216 689 2180 5153
internal_value=-0.000787248 0.00219136 0.00540001 0.00130483 -0.0194461 -0.0173301
internal_weight=7980.47 7268.96 6245.96 4714.15 470.816 1023
internal_count=31298 27067 21897 17681 2869 5170
is_linear=0
shrinkage=0.05


Tree=35
num_leaves=7
num_cat=0
split_feature=37 34 23 24 19 16
split_gain=258.175 242.643 129.674 126.208 118.681 98.8219
threshold=0.37797619047619052 5507.9051388888902 12.99467867376177 92.500000000000014 4.5000000000000009 825.50000000000011
decision_type=2 8 8 10 10 10
left_child=-1 2 3 5 -3 -2
right_child=1 4 -4 -5 -6 -7
leaf_value=-0.01543342639060304 -0.010035016642651339 0.0049871258312440998 0.052380760802394503 0.012786283757047974 -0.036402479322587049 0.026441665086109296
leaf_weight=2218.2610873505473 1280.5518402606249 267.05491965264082 159.7689306885004 3226.167299926281 482.12903626263142 212.14185418188572
leaf_count=11229 4914 1652 208 9579 3027 539
internal_value=-0.00100649 0.00468868 0.00876119 0.00723046 -0.0217134 -0.00477998
internal_weight=7846.07 5627.81 4878.63 4718.86 749.184 1492.69
internal_count=31148 19919 15240 15032 4679 5453
is_linear=0
shrinkage=0.05


Tree=36
num_leaves=7
num_cat=0
split_feature=37 38 4 12 23 2
split_gain=262.723 168.5 109.848 131.881 91.3868 93.5798
threshold=0.25833333333333336 1.0000000180025095e-35 2039.5000000000002 25.500000000000004 1.5825191150864963 2606.5000000000005
decision_type=2 2 10 10 8 10
left_child=-1 2 3 -2 5 -3
right_child=1 4 -4 -5 -6 -7
leaf_value=-0.020947388270296068 -0.040737654498742795 0.024722125700749161 0.0016794650672891298 0.013233827578426125 0.030869777703054851 -0.0026287409048148507
leaf_weight=1225.1811850219965 336.78548743575811 519.63245491683483 4163.9844050854445 166.23610945045948 698.76644112169743 772.21285970509052
leaf_count=6755 2376 398 19429 915 605 545
internal_value=0.00028236 0.00420199 -0.000996524 -0.0229467 0.0163619 0.00842578
internal_weight=7882.8 6657.62 4667.01 503.022 1990.61 1291.85
internal_count=31023 24268 22720 3291 1548 943
is_linear=0
shrinkage=0.05


Tree=37
num_leaves=7
num_cat=0
split_feature=30 24 24 4 24 8
split_gain=194.529 179.209 129.851 119.759 106.543 119.753
threshold=2.5000000000000004 14.500000000000002 1.0000000180025095e-35 83666.500000000015 716.50000000000011 15.500000000000002
decision_type=2 8 10 10 8 10
left_child=1 2 -1 -2 5 -3
right_child=3 4 -4 -5 -6 -7
leaf_value=0.025455445447107952 0.030751107813888318 0.0056069389080016518 -0.030180308578080496 -0.0091129284903914837 0.015458776184516668 -0.0099377496542862823
leaf_weight=116.43675234913826 749.11126698553562 2361.8547143563628 812.69940591603518 248.5659586340189 981.32713033258915 2595.5699130892754
leaf_count=520 1176 10530 4853 455 2963 10497
internal_value=0.000249822 -0.0027518 -0.0231093 0.0208233 0.000449953 -0.00253364
internal_weight=7865.57 6867.89 929.136 997.677 5938.75 4957.42
internal_count=30994 29363 5373 1631 23990 21027
is_linear=0
shrinkage=0.05


Tree=38
num_leaves=7
num_cat=0
split_feature=15 30 12 36 1 4
split_gain=200.145 138.345 146.474 122.233 237.628 112.024
threshold=1.0000000180025095e-35 2.5000000000000004 33.500000000000007 20.552777777777781 2043.5000000000002 2039.5000000000002
decision_type=8 2 10 10 10 8
left_child=-1 5 -3 -4 -5 -2
right_child=1 2 3 4 -6 -7
leaf_value=-0.026397239506507398 -0.022794530030638568 0.042011643124458153 0.04068684433058567 0.017230231708345107 -0.058437027722673 0.0011021657135145985
leaf_weight=683.67966799438 532.27335342019796 405.25924789905548 154.21399119496346 280.77766028046608 158.13385082781315 5620.6076498180628
leaf_count=4215 3111 560 244 543 284 21942
internal_value=-0.000653225 0.00182469 0.0190401 0.00312455 -0.0103828 -0.000981919
internal_weight=7834.95 7151.27 998.385 593.126 438.912 6152.88
internal_count=30899 26684 1631 1071 827 25053
is_linear=0
shrinkage=0.05


Tree=39
num_leaves=7
num_cat=0
split_feature=15 15 27 23 24 3
split_gain=217.176 130.255 114.273 96.4832 85.9676 107.712
threshold=99.500000000000014 1.0000000180025095e-35 2.5000000000000004 12.99467867376177 77.500000000000014 9360.0000000000018
decision_type=8 10 2 8 10 10
left_child=1 -1 -3 4 -2 -6
right_child=3 2 -4 -5 5 -7
leaf_value=-0.026197749441273944 -0.0076009578943868287 -0.0036854366230769948 0.061099780290501587 0.055921053053954228 0.031587998034675324 0.0054142311746728997
leaf_weight=670.63714694231749 512.47278700768948 4858.3135003820062 64.041854068636894 117.45677542686462 647.18851615488529 995.90935224294662
leaf_count=4205 1873 20212 30 209 1608 2887
internal_value=-0.000313817 -0.00561008 -0.00278141 0.0127018 0.0102229 0.0157882
internal_weight=7866.02 5592.99 4922.36 2273.03 2155.57 1643.1
internal_count=31024 24447 20242 6577 6368 4495
is_linear=0
shrinkage=0.05


Tree=40
num_leaves=7
num_cat=0
split_feature=34 37 36 36 10 22
split_gain=229.158 214.356 104.456 133.302 97.8357 93.1861
threshold=5507.9051388888902 0.37797619047619052 1.7748611111111112 1005.0658333333334 151.50000000000003 24.457002346748819
decision_type=8 2 8 8 10 8
left_child=1 2 -1 -4 -2 -3
right_child=4 5 3 -5 -6 -7
leaf_value=-0.062046413583454529 -0.023619296715180847 0.0081384798154433523 0.018835307602393922 -0.015344914397934426 0.054039248650867344 0.053790540596432512
leaf_weight=89.974135532975197 1062.1744921505451 4825.2886088639498 357.60084499418736 1338.3562110587955 37.542127937078476 109.64258907735348
leaf_count=371 7181 15155 1111 6925 213 113
internal_value=0.00036983 0.0038361 -0.0109869 -0.00810367 -0.0207356 0.00920618
internal_weight=7820.58 6720.86 1785.93 1695.96 1099.72 4934.93
internal_count=31069 23675 8407 8036 7394 15268
is_linear=0
shrinkage=0.05


Tree=41
num_leaves=7
num_cat=0
split_feature=34 37 23 36 19 35
split_gain=189.849 148.507 130.613 106.213 96.0882 145.781
threshold=5507.9051388888902 0.37797619047619052 5.0353701788701182 1.7748611111111112 4.5000000000000009 14711.324027777779
decision_type=8 2 10 8 10 10
left_child=1 2 3 -1 5 -2
right_child=4 -3 -4 -5 -6 -7
leaf_value=-0.068574272794875241 0.0092297599897352752 0.0072009480368165867 0.046036378905636749 -0.010122159108936034 -0.033802076269201863 -0.055800373413807274
leaf_weight=77.001358449459076 416.94599539041519 4931.0869289636612 94.304354906082153 1578.8714752942324 569.40949094295502 103.33243237435818
leaf_count=363 2742 15261 309 7731 3861 838
internal_value=-0.00039944 0.00276099 -0.00973336 -0.0130386 -0.0197013 -0.00409408
internal_weight=7770.95 6681.26 1750.18 1655.87 1089.69 520.278
internal_count=31105 23664 8403 8094 7441 3580
is_linear=0
shrinkage=0.05


Tree=42
num_leaves=7
num_cat=0
split_feature=15 21 11 38 22 24
split_gain=215.257 154.173 116.597 101.022 80.3899 104.379
threshold=113.50000000000001 0.6002056202878685 174.50000000000003 1.0000000180025095e-35 1.3387794952481116 125.50000000000001
decision_type=8 10 10 2 10 10
left_child=1 4 -3 -2 -1 -6
right_child=3 2 -4 -5 5 -7
leaf_value=-0.0040738769028184707 0.0046845313598129967 -0.028205356651059194 0.001100453510597763 0.027474247963083648 -0.0026702800172544124 0.027469177500844086
leaf_weight=3078.8225681036711 1161.331336081028 1010.1714058443904 509.32717886567116 834.72942514717579 613.86829257756472 533.60552096366882
leaf_count=13109 5095 5685 1876 652 2970 1771
internal_value=0.00013512 -0.00477984 -0.0184108 0.0142598 0.000136929 0.0114037
internal_weight=7741.86 5745.79 1519.5 1996.06 4226.3 1147.47
internal_count=31158 25411 7561 5747 17850 4741
is_linear=0
shrinkage=0.05


Tree=43
num_leaves=7
num_cat=0
split_feature=14 22 37 21 36 12
split_gain=157.011 123.066 107.151 77.3166 65.9667 87.6421
threshold=1.0000000180025095e-35 35.665644235385699 0.73385416666666681 0.68895663956639575 1.7748611111111112 74.500000000000014
decision_type=8 8 2 10 8 10
left_child=3 2 4 -1 -2 -6
right_child=1 -3 -4 -5 5 -7
leaf_value=-0.0089192862772684515 -0.031704243139639897 0.052913749672468029 0.015054360947010971 -0.036421870867664401 0.00731923655561364 -0.0064568710150298084
leaf_weight=1257.8670367076993 167.0828704982996 116.54287798702717 1258.6438888907433 317.57099724560976 2116.3475321680307 2528.1484391763806
leaf_count=6442 677 253 3550 2026 9014 9066
internal_value=-0.000494798 0.00309594 0.00209672 -0.0145608 -0.00130494 -0.000178421
internal_weight=7762.2 6186.77 6070.22 1575.44 4811.58 4644.5
internal_count=31028 22560 22307 8468 18757 18080
is_linear=0
shrinkage=0.05


Tree=44
num_leaves=7
num_cat=0
split_feature=37 22 21 29 16 36
split_gain=187.867 112.016 105.093 103.349 99.6515 90.5787
threshold=0.25833333333333336 35.665644235385699 0.6002056202878685 2.5000000000000004 303.50000000000006 571.27708333333351
decision_type=2 8 10 2 10 10
left_child=-1 2 3 -2 -4 -6
right_child=1 -3 4 -5 5 -7
leaf_value=-0.017971786016652957 0.0052668923699961878 0.050526321533438889 -0.018097576939720455 0.043875063497379942 -0.0054528703633127821 0.027868610628633068
leaf_weight=1197.6970834583044 4329.6636921316385 119.33866590261459 995.51097280532122 175.7241638302803 689.86620333790779 283.84501853585243
leaf_count=6873 16015 315 4993 169 1961 883
internal_value=0.000202795 0.00351507 0.00261024 0.0068197 -0.00701346 0.00435337
internal_weight=7791.65 6593.95 6474.61 4505.39 1969.22 973.711
internal_count=31209 24336 24021 16184 7837 2844
is_linear=0
shrinkage=0.05


Tree=45
num_leaves=7
num_cat=0
split_feature=34 37 23 36 20 38
split_gain=169.787 147.461 103.449 110.135 91.9803 136.672
threshold=5507.9051388888902 0.37797619047619052 5.0353701788701182 1.7748611111111112 0.32942514312602938 1.0000000180025095e-35
decision_type=8 2 10 8 10 2
left_child=1 2 3 -1 5 -3
right_child=-2 4 -4 -5 -6 -7
leaf_value=-0.0677708901184743 -0.017483374413002076 0.0054571995965482902 0.040152097349903541 -0.0083159288202534539 -0.0046709465882570122 0.025591937905126767
leaf_weight=77.084421083331108 1056.343846000731 2527.1585140451789 99.078317359089851 1591.2296856865287 1025.1647111624479 1262.3935982361436
leaf_count=361 7397 11015 301 7697 3186 930
internal_value=0.00107644 0.00406606 -0.00827024 -0.0112573 0.00859837 0.0121895
internal_weight=7638.45 6582.11 1767.39 1668.31 4814.72 3789.55
internal_count=30887 23490 8359 8058 15131 11945
is_linear=0
shrinkage=0.05


Tree=46
num_leaves=7
num_cat=0
split_feature=35 4 12 23 23 8
split_gain=147.39 148.825 112.124 107.481 107.727 100.807
threshold=1187.8637500000002 2183.5000000000005 32.500000000000007 12.99467867376177 0.53422369364531885 11.500000000000002
decision_type=8 8 10 10 10 10
left_child=3 2 -2 4 -1 -6
right_child=1 -3 -4 -5 5 -7
leaf_value=0.032112697832438801 -0.040027335709818604 -0.0017142240668324726 0.0069077833173874633 0.061739747347845222 0.023108290693334019 -0.0026368579480074931
leaf_weight=376.59404794871807 467.66314023733139 4400.4576273262501 172.30953400582075 90.417501792311668 488.29945750534534 1655.2623214274645
leaf_count=837 3474 20596 1003 112 1059 3980
internal_value=-1.04589e-05 -0.00500385 -0.0274347 0.00962179 0.00763337 0.00326797
internal_weight=7651 5040.43 639.973 2610.57 2520.16 2143.56
internal_count=31061 25073 4477 5988 5876 5039
is_linear=0
shrinkage=0.05


Tree=47
num_leaves=7
num_cat=0
split_feature=37 16 24 19 4 4
split_gain=127.489 113.322 102.418 83.1978 81.115 80.2419
threshold=0.25833333333333336 973.50000000000011 27.500000000000004 13.500000000000002 253336.00000000003 87929.000000000015
decision_type=2 8 10 10 10 10
left_child=2 -2 -1 -3 -5 -4
right_child=1 3 5 4 -6 -7
leaf_value=-0.0394343559215133 1.4740940477872962e-05 0.053629990154585541 0.0020957654995106766 0.01891286810218909 -0.03422508680355172 -0.034259661604561585
leaf_weight=318.11189341545105 5781.4514836147428 146.26264504343271 655.57821860164404 557.47181023657322 77.673504024744034 192.30257248133421
leaf_count=2371 22348 371 3484 1426 275 1006
internal_value=-0.000272937 0.00243701 -0.0154713 0.0202448 0.0121979 -0.00630229
internal_weight=7728.85 6562.86 1165.99 781.408 635.145 847.881
internal_count=31281 24420 6861 2072 1701 4490
is_linear=0
shrinkage=0.05


Tree=48
num_leaves=7
num_cat=0
split_feature=14 35 22 36 36 8
split_gain=138.211 95.7369 95.1167 75.5261 79.9495 152.535
threshold=1.0000000180025095e-35 804.58444444444456 35.665644235385699 5118.1291666666675 3970.1341666666672 1.5000000000000002
decision_type=8 8 8 8 10 10
left_child=1 -1 3 4 -2 -6
right_child=2 -3 -4 -5 5 -7
leaf_value=0.018069504261576906 0.0047006038394206062 -0.017528101951605025 0.051038458858770654 -0.0094224995678761289 -0.028478100994132685 0.078665790730705232
leaf_weight=215.66488200426102 4865.0488847568631 1336.5140424817801 101.31615858525038 969.4999917075038 47.344770081341267 91.83858397603035
leaf_count=403 16039 8167 242 5619 288 310
internal_value=0.000751612 -0.0125399 0.00415513 0.00331795 0.00579318 0.0424959
internal_weight=7627.23 1552.18 6075.05 5973.73 5004.23 139.183
internal_count=31068 8570 22498 22256 16637 598
is_linear=0
shrinkage=0.05


Tree=49
num_leaves=7
num_cat=0
split_feature=37 21 29 24 36 40
split_gain=131.185 99.9071 94.7536 89.5514 68.7806 100.58
threshold=0.25833333333333336 0.06277844413982181 2.5000000000000004 27.500000000000004 40.326250000000009 10.500000000000002
decision_type=2 10 2 10 10 2
left_child=3 -2 4 -1 5 -3
right_child=1 2 -4 -5 -6 -7
leaf_value=-0.037812853998533867 0.068179964058376757 0.046325498361489505 0.02909145438993967 -0.0066076986397970335 0.0043686287096363898 -0.010107898910997282
leaf_weight=312.86127050966024 53.376037336885929 78.045744657516479 312.85654562711716 841.5423526018858 4455.9096154496074 1634.0856976509094
leaf_count=2402 122 24 340 4451 15382 8449
internal_value=0.000309543 0.0030576 0.00246911 -0.0151914 0.0010963 -0.00740804
internal_weight=7688.68 6534.27 6480.9 1154.4 6168.04 1712.13
internal_count=31170 24317 24195 6853 23855 8473
is_linear=0
shrinkage=0.05


Tree=50
num_leaves=7
num_cat=0
split_feature=15 21 11 12 12 28
split_gain=145.15 143.365 101.508 94.7355 89.3067 89.0863
threshold=150.50000000000003 0.6002056202878685 485.50000000000006 517.50000000000011 72.500000000000014 2.5000000000000004
decision_type=8 10 10 10 10 2
left_child=1 2 5 -3 -2 -1
right_child=4 3 -4 -5 -6 -7
leaf_value=-0.001252507096983825 0.028922350309646433 -0.023912922349871874 0.03562254946863657 0.0019078969099739205 0.0040353145852280023 0.049993623254575348
leaf_weight=4220.5491457954049 603.6150401905179 1126.5264305025339 201.98675175011158 516.76794871687889 888.92620711028576 81.543403118848801
leaf_count=17982 1676 6223 616 1828 2598 49
internal_value=0.000203365 -0.00319472 0.00142102 -0.0158119 0.0141631 -0.000224261
internal_weight=7639.91 6147.37 4504.08 1643.29 1492.54 4302.09
internal_count=30972 26698 18647 8051 4274 18031
is_linear=0
shrinkage=0.05


Tree=51
num_leaves=7
num_cat=0
split_feature=28 24 4 4 24 21
split_gain=153.73 128.835 122.272 125.762 95.2208 96.2092
threshold=2.5000000000000004 872.50000000000011 28825.500000000004 83666.500000000015 15.500000000000002 0.39146178768820289
decision_type=2 8 10 10 10 8
left_child=1 4 -3 -4 5 -1
right_child=-2 2 3 -5 -6 -7
leaf_value=0.030073389763969029 0.041182819599259742 0.043825799724217206 -0.013182755028793701 0.043675436967931074 -0.0009781754763702453 -0.023206518175056069
leaf_weight=89.623765185475349 215.37504230439663 284.75201541185379 346.12335883080959 129.52920138835907 5639.3167970478535 860.61725382506847
leaf_count=499 164 823 1082 382 22814 5376
internal_value=3.40395e-05 -0.00119892 0.0182197 0.00259407 -0.00345185 -0.0180502
internal_weight=7565.34 7349.96 760.405 475.653 6589.56 950.241
internal_count=31140 30976 2287 1464 28689 5875
is_linear=0
shrinkage=0.05


Tree=52
num_leaves=7
num_cat=0
split_feature=38 35 8 4 12 34
split_gain=145.33 121.606 105.265 83.8666 109.253 136.06
threshold=1.0000000180025095e-35 15925.140833333337 1.5000000000000002 2039.5000000000002 25.500000000000004 2294.6472222222224
decision_type=2 10 8 10 10 10
left_child=1 3 -2 4 -1 -6
right_child=2 -3 -4 -5 5 -7
leaf_value=-0.036402617060323106 -0.013458619378167475 -0.045968267744190952 0.017564559304940903 0.00035349744414401446 -0.011290266990762845 0.088833251511447123
leaf_weight=357.51438511162996 321.9177393168211 155.35053636878729 1697.5691096335649 4811.201259791851 159.3903017565608 37.828028403222561
leaf_count=2936 327 1406 1317 23886 932 259
internal_value=0.0011382 -0.00306109 0.0125983 -0.00177724 -0.0200952 0.00963584
internal_weight=7540.77 5521.28 2019.49 5365.93 554.733 197.218
internal_count=31063 29419 1644 28013 4127 1191
is_linear=0
shrinkage=0.05


Tree=53
num_leaves=7
num_cat=0
split_feature=37 37 27 21 36 3
split_gain=114.163 80.4658 70.2149 66.7944 81.5326 113.617
threshold=0.25833333333333336 0.93933823529411775 2.5000000000000004 0.081574453837783556 47.087083333333339 42235.500000000007
decision_type=2 2 2 10 10 10
left_child=-1 2 3 -2 5 -5
right_child=1 -3 -4 4 -6 -7
leaf_value=-0.015794717470253652 0.048463418472547044 0.059360269787178233 0.047519732064760671 -0.012995945653467719 0.0036266243547796 0.026173326356845251
leaf_weight=1113.2119732275605 66.411878697574139 54.562601789832115 75.003819458186626 1703.8969912603498 4327.0956645309925 202.9448120072484
leaf_count=6795 204 109 44 8301 14908 673
internal_value=-0.00104911 0.00151409 0.00097289 0.000381521 -0.000169138 -0.00876962
internal_weight=7543.13 6429.92 6375.35 6300.35 6233.94 1906.84
internal_count=31034 24239 24130 24086 23882 8974
is_linear=0
shrinkage=0.05


Tree=54
num_leaves=7
num_cat=0
split_feature=27 15 36 36 19 8
split_gain=118.577 99.3413 70.7677 67.3074 89.7072 124.764
threshold=2.5000000000000004 1.0000000180025095e-35 1.7748611111111112 5118.1291666666675 13.500000000000002 8.5000000000000018
decision_type=2 8 8 10 10 10
left_child=1 -1 -3 -4 5 -5
right_child=-2 2 3 4 -6 -7
leaf_value=-0.019438418254091733 0.057502522936217451 -0.027855666345119663 0.0037923255340402626 -0.014542194977030992 -0.041226076370067116 0.060807369405799665
leaf_weight=614.4998102709651 84.911541596055031 194.8351306989789 6168.0565948262811 253.56161011010408 194.8615355193615 64.762604735791683
leaf_count=4262 53 834 22580 1681 1268 366
internal_value=0.000424018 -0.000260937 0.00146579 0.00234104 -0.0149705 0.00149085
internal_weight=7575.49 7490.58 6876.08 6681.24 513.186 318.324
internal_count=31044 30991 26729 25895 3315 2047
is_linear=0
shrinkage=0.05


Tree=55
num_leaves=7
num_cat=0
split_feature=27 37 24 22 34 19
split_gain=116.453 95.555 65.3821 64.6275 63.5638 132.553
threshold=1.5000000000000002 0.25833333333333336 27.500000000000004 35.665644235385699 6301.748611111112 4.5000000000000009
decision_type=2 2 10 8 8 10
left_child=1 2 -1 4 -3 -6
right_child=-2 3 -4 -5 5 -7
leaf_value=-0.034173737441851114 0.033431068041478981 0.0034135873351658283 -0.0063343076622883621 0.044792902596055173 0.014783282282708192 -0.031594336836996868
leaf_weight=284.51732713729143 263.48510421067476 5475.3022083640099 788.62105644494295 83.167126178741455 251.5687999650836 383.19202582538128
leaf_count=2359 158 19377 4447 279 1753 2815
internal_value=0.00109356 -0.000101208 -0.0138395 0.00228856 0.00167386 -0.013242
internal_weight=7529.85 7266.37 1073.14 6193.23 6110.06 634.761
internal_count=31188 31030 6806 24224 23945 4568
is_linear=0
shrinkage=0.05


Tree=56
num_leaves=7
num_cat=0
split_feature=37 16 23 38 22 18
split_gain=119.097 107.904 95.491 84.8622 80.444 100.304
threshold=0.25833333333333336 958.50000000000011 5.0353701788701182 2.5000000000000004 1.2162453239567002 25.500000000000004
decision_type=2 8 10 2 10 10
left_child=-1 2 -2 4 -3 -6
right_child=1 3 -4 -5 5 -7
leaf_value=-0.015110122938612768 -0.0016272008346752435 0.02710251553189565 0.023065742156665518 0.057530967378382807 -0.038413389835795821 0.020152367358947723
leaf_weight=1098.9524401575327 5230.9540842175484 396.2792169302702 418.16557909548283 121.03731927275658 133.41422778367996 150.32330933213234
leaf_count=6823 20398 1068 1704 160 475 430
internal_value=6.61519e-05 0.00266152 0.000219429 0.0197752 0.0126841 -0.00757375
internal_weight=7549.13 6450.17 5649.12 801.054 680.017 283.738
internal_count=31058 24235 22102 2133 1973 905
is_linear=0
shrinkage=0.05


Tree=57
num_leaves=7
num_cat=0
split_feature=35 28 24 21 25 8
split_gain=109.704 93.1118 69.4356 125.967 95.7745 96.9141
threshold=15925.140833333337 2.5000000000000004 14.500000000000002 0.39628393925448696 0.22239159891598917 14.500000000000002
decision_type=10 2 8 10 10 10
left_child=1 2 3 -1 -4 -6
right_child=-2 -3 4 -5 5 -7
leaf_value=0.046842885641623026 -0.042952323420440364 0.034150321444634549 0.022940706794663156 -0.020496312065118986 0.0076472348259288897 -0.0055124175494953315
leaf_weight=71.898755542933941 143.58148159831762 194.32739441096783 466.73184920102358 736.23171373456717 2263.2291871234775 3646.1429303139448
leaf_count=378 1417 165 1518 4473 10163 12997
internal_value=-0.000415066 0.000441204 -0.000493716 -0.014254 0.00126011 -0.000470201
internal_weight=7522.14 7378.56 7184.23 808.13 6376.1 5909.37
internal_count=31111 29694 29529 4851 24678 23160
is_linear=0
shrinkage=0.05


Tree=58
num_leaves=7
num_cat=0
split_feature=15 2 16 22 24 23
split_gain=82.9271 68.0581 96.5079 75.8248 109.699 67.4315
threshold=1.0000000180025095e-35 252.50000000000003 41.500000000000007 18.288115100924731 25.500000000000004 1.1136425435219395
decision_type=8 8 10 10 10 10
left_child=-1 -2 5 4 -4 -3
right_child=1 2 3 -5 -6 -7
leaf_value=-0.018486730301117759 -0.011528444268316444 0.033517447930621683 -0.0269501021083507 0.041394460399362107 0.0017843055446338499 0.00063823713422794044
leaf_weight=591.15239237248898 936.30332421511412 403.26357413828373 351.92762362211943 106.89902860671282 4780.1929894089699 252.63456602394581
leaf_count=4238 5008 1702 1707 275 16905 1153
internal_value=-0.000602269 0.000957785 0.00294909 0.000677154 -0.000210427 0.0209539
internal_weight=7422.37 6831.22 5894.92 5239.02 5132.12 655.898
internal_count=30988 26750 21742 18887 18612 2855
is_linear=0
shrinkage=0.05


Tree=59
num_leaves=7
num_cat=0
split_feature=27 37 21 36 3 19
split_gain=100.021 85.0743 65.1689 75.3083 81.0385 105.117
threshold=1.5000000000000002 0.25833333333333336 0.081574453837783556 47.087083333333339 241178.00000000003 27.500000000000004
decision_type=2 2 10 10 10 10
left_child=1 -1 -3 -4 -5 -6
right_child=-2 2 3 4 5 -7
leaf_value=-0.014430682097680742 0.030559520814783442 0.04630073783384319 -0.0083975266345468515 0.0053207345719862124 0.0040189255029131838 -0.067730462386535795
leaf_weight=1057.2513503655791 249.10269977152348 72.978132955729961 1767.1940444037318 4182.9591334462166 118.3222209662199 84.09104223549366
leaf_count=6846 155 230 8955 14265 380 338
internal_value=-0.000277421 -0.00135242 0.000878392 0.00030246 0.00381391 -0.026703
internal_weight=7531.9 7282.8 6225.54 6152.57 4385.37 202.413
internal_count=31169 31014 24168 23938 14983 718
is_linear=0
shrinkage=0.05


Tree=60
num_leaves=7
num_cat=0
split_feature=4 24 37 23 8 36
split_gain=93.5413 106.564 84.1485 91.2185 75.309 74.0907
threshold=2183.5000000000005 3.5000000000000004 0.7386128364389235 5.0353701788701182 14.500000000000002 1.7748611111111112
decision_type=8 10 2 8 10 8
left_child=1 -1 3 5 -4 -2
right_child=2 -3 4 -5 -6 -7
leaf_value=0.027238732590608928 -0.034819998286557768 -0.026116717424935206 0.049622334618033975 0.021333478078084601 0.0088366437138147381 -0.001989085474355314
leaf_weight=106.91364351660013 173.15867182612419 587.48125665634871 120.45538546144962 406.48393604904413 1204.4228153824806 4881.2212225496769
leaf_count=589 735 4147 369 1518 3390 20299
internal_value=-0.000354952 -0.0177658 0.00143849 -0.00130706 0.0127174 -0.00314714
internal_weight=7480.14 694.395 6785.74 5460.86 1324.88 5054.38
internal_count=31047 4736 26311 22552 3759 21034
is_linear=0
shrinkage=0.05


Tree=61
num_leaves=7
num_cat=0
split_feature=35 21 14 12 30 1
split_gain=101.304 92.1488 69.2423 75.6303 96.3802 84.9458
threshold=15925.140833333337 0.06277844413982181 1.0000000180025095e-35 74.500000000000014 3.5000000000000004 5436.5000000000009
decision_type=10 10 10 10 2 10
left_child=1 -1 -3 4 5 -4
right_child=-2 2 3 -5 -6 -7
leaf_value=0.061196430151617076 -0.041896674814431906 -0.0099768842211938255 0.0017751305163594213 -0.0029078970096417557 0.038186662142485284 0.02707246359521755
leaf_weight=57.462651379406452 137.11163595318794 1353.336700707674 2227.1161347031593 3069.903715595603 242.99803564697504 385.12350405752659
leaf_count=127 1431 7592 9578 10762 370 1226
internal_value=-8.43623e-05 0.00072513 0.000206034 0.00253832 0.00838885 0.00554932
internal_weight=7473.05 7335.94 7278.48 5925.14 2855.24 2612.24
internal_count=31086 29655 29528 21936 11174 10804
is_linear=0
shrinkage=0.05


Tree=62
num_leaves=7
num_cat=0
split_feature=21 36 38 31 36 4
split_gain=107.791 109.028 102.068 109.791 90.7272 84.7943
threshold=0.6002056202878685 5118.1291666666675 1.0000000180025095e-35 1.5000000000000002 1243.1433333333337 188471.50000000003
decision_type=10 8 2 2 10 10
left_child=2 -2 -1 4 -4 -3
right_child=1 5 3 -5 -6 -7
leaf_value=0.00032990904392001728 -0.0019985015800287977 -0.031760985848147925 0.031729613956240417 -0.010299489396954119 -0.0019749151217635999 0.050754898640409996
leaf_weight=3842.0083489567041 1624.8792512714863 546.57646304368973 819.13040361553431 303.62122435867786 262.7611722946167 28.604349344968796
leaf_count=19961 5687 4233 784 100 155 111
internal_value=0.000624374 -0.00864845 0.00453148 0.0161393 0.0235723 -0.0272553
internal_weight=7427.58 2200.06 5227.52 1385.51 1081.89 575.181
internal_count=31031 10031 21000 1039 939 4344
is_linear=0
shrinkage=0.05


Tree=63
num_leaves=7
num_cat=0
split_feature=21 25 37 10 0 23
split_gain=82.0042 115.888 109.12 89.6225 79.8807 87.0526
threshold=0.6002056202878685 0.6207423811030266 0.39047619047619053 190.50000000000003 28.500000000000004 1.1977845800728264
decision_type=10 10 2 8 10 10
left_child=1 3 -3 -1 -2 -6
right_child=4 2 -4 -5 5 -7
leaf_value=0.0096903780963922357 -0.020296517383933035 -0.017501100571215528 0.0029787745157677861 0.046433077974129038 0.011275995243761633 -0.014043250675832571
leaf_weight=1602.5182536095381 845.75154672563076 861.66046235710382 2602.5623379722238 180.91366000473499 710.73300890624523 640.81280449777842
leaf_count=7150 5227 4686 8797 451 2525 2308
internal_value=-0.00019546 0.00320025 -0.00213309 0.013537 -0.00829407 -0.000736215
internal_weight=7444.95 5247.65 3464.22 1783.43 2197.3 1351.55
internal_count=31144 21084 13483 7601 10060 4833
is_linear=0
shrinkage=0.05


Tree=64
num_leaves=7
num_cat=0
split_feature=27 21 10 19 8 21
split_gain=109.558 79.6497 92.4386 76.0514 97.1526 65.6525
threshold=2.5000000000000004 0.6002056202878685 219.50000000000003 247.50000000000003 704.50000000000011 0.99496226128362297
decision_type=2 10 8 10 10 10
left_child=1 2 -1 4 5 -3
right_child=-2 3 -4 -5 -6 -7
leaf_value=0.00096956419713524044 0.055775564570768536 -0.011897481763473947 0.031209840103808246 0.032977607204074104 -0.072586319461438953 0.02056895224273169
leaf_weight=4925.5268499627709 81.537284448742867 1797.6111942604184 261.40044863522053 98.130870342254639 57.343705162405968 165.90491320192814
leaf_count=20300 52 8780 730 233 205 704
internal_value=-0.000153406 -0.000815316 0.00252214 -0.00897155 -0.0110849 -0.00910899
internal_weight=7387.46 7305.92 5186.93 2118.99 2020.86 1963.52
internal_count=31004 30952 21030 9922 9689 9484
is_linear=0
shrinkage=0.05


Tree=65
num_leaves=7
num_cat=0
split_feature=27 24 8 34 22 25
split_gain=68.8052 64.8323 89.6781 116.009 63.8372 60.1998
threshold=2.5000000000000004 716.50000000000011 38.500000000000007 685.04722222222233 0.67760486003020393 0.22239159891598917
decision_type=2 8 8 10 10 10
left_child=1 5 3 -3 -4 -1
right_child=-2 2 4 -5 -6 -7
leaf_value=0.010016480424728148 0.04620333684361496 -0.04635127323113622 0.031773259603667246 0.02251058983269108 0.0051521695950184189 -0.003753245776802719
leaf_weight=930.58859974890947 77.773441269993782 131.77883180975914 447.85321569442749 106.47005921602249 452.5591244250536 5233.9319396242499
leaf_count=4000 54 286 1272 433 1408 23609
internal_value=0.000873028 0.000359013 0.0112931 -0.0157477 0.0184955 -0.00166815
internal_weight=7380.96 7303.18 1138.66 238.249 900.412 6164.52
internal_count=31062 31008 3399 719 2680 27609
is_linear=0
shrinkage=0.05


Tree=66
num_leaves=7
num_cat=0
split_feature=35 37 18 24 24 36
split_gain=87.2753 73.654 58.9762 57.457 93.0721 76.0014
threshold=15925.140833333337 0.94281045751633996 34.500000000000007 872.50000000000011 1076.5000000000002 310.18694444444446
decision_type=10 2 10 10 10 10
left_child=1 2 3 -1 -5 -6
right_child=-2 -3 -4 4 5 -7
leaf_value=-0.002584889933047391 -0.040207742809758681 0.059129849312133193 0.013307697180512338 0.035081667284717691 0.027807376521028684 -0.017632224443158626
leaf_weight=5778.9586862549186 125.36886289715767 49.210760198533535 809.7341243699193 272.19674295186996 133.08570265769958 270.99274972081184
leaf_count=25450 1388 109 2215 795 380 769
internal_value=0.000342927 0.00106498 0.000631268 -0.000967912 0.0127672 -0.00250946
internal_weight=7439.55 7314.18 7264.97 6455.23 676.275 404.078
internal_count=31106 29718 29609 27394 1944 1149
is_linear=0
shrinkage=0.05


Tree=67
num_leaves=7
num_cat=0
split_feature=15 23 24 4 12 31
split_gain=92.6193 64.7929 65.6824 58.8734 64.6171 58.5401
threshold=1.0000000180025095e-35 5.936436594464511 14.500000000000002 179896.50000000003 12.500000000000002 1.5000000000000002
decision_type=10 10 10 10 10 2
left_child=3 2 -2 4 -1 -4
right_child=1 -3 5 -5 -6 -7
leaf_value=-0.035146291999014638 -0.016981756539277647 0.021201105022538334 0.003183874129070076 0.044598374674195501 0.001548076227647046 -0.017055412435591222
leaf_weight=361.14532472193241 493.86584120988846 394.38534979522228 5620.6851214021444 29.543738208711147 177.83773044496775 376.55433537065983
leaf_count=2979 2899 1421 22471 107 1160 123
internal_value=4.75518e-05 0.00165441 0.000451392 -0.0192581 -0.023136 0.00189994
internal_weight=7454.02 6885.49 6491.11 568.527 538.983 5997.24
internal_count=31160 26914 25493 4246 4139 22594
is_linear=0
shrinkage=0.05


Tree=68
num_leaves=7
num_cat=0
split_feature=28 12 37 12 35 19
split_gain=90.4111 71.6735 83.6798 79.0283 60.7481 108.486
threshold=2.5000000000000004 5565.5000000000009 0.25833333333333336 7584.0000000000009 8988.4988888888893 13.500000000000002
decision_type=2 8 2 10 10 10
left_child=1 2 -1 -3 -4 -6
right_child=-2 3 4 -5 5 -7
leaf_value=-0.014639788884926959 0.035168024537811392 0.06664972750582758 0.00012940464753096893 0.0086177000745905653 0.06376770182566377 -0.019783943077344903
leaf_weight=999.04841041564941 180.11747597157955 73.121492177248001 5715.6629007607698 243.38157905638218 94.077523447573185 60.785355933010578
leaf_count=6782 163 173 22156 756 549 454
internal_value=0.000666805 -0.000221812 -0.00130078 0.0228528 0.000979782 0.0313797
internal_weight=7366.19 7186.08 6869.57 316.503 5870.53 154.863
internal_count=31033 30870 29941 929 23159 1003
is_linear=0
shrinkage=0.05


Tree=69
num_leaves=7
num_cat=0
split_feature=35 21 24 4 16 20
split_gain=69.287 75.4258 67.5126 62.9412 90.7363 100.146
threshold=14711.324027777779 0.06277844413982181 55.500000000000007 2364.5000000000005 44.500000000000007 0.73653699466056455
decision_type=10 10 10 10 10 10
left_child=1 -1 -2 -3 5 -5
right_child=2 3 -4 4 -6 -7
leaf_value=0.058014084140421099 -0.052547583583092555 -0.013994038078548121 0.023760103663019762 0.02102390255446708 -0.00055611734005370499 -0.034311387047310134
leaf_weight=52.268779128789902 108.68789505958557 681.58225201815367 35.609158888459206 884.04119341820478 5525.9475248008966 85.550659626722336
leaf_count=120 1283 4729 324 3921 20076 703
internal_value=0.000164464 0.000860152 -0.0335515 0.00040382 0.0019242 0.0159905
internal_weight=7373.69 7229.39 144.297 7177.12 6495.54 969.592
internal_count=31156 29549 1607 29429 24700 4624
is_linear=0
shrinkage=0.05


Tree=70
num_leaves=7
num_cat=0
split_feature=21 25 16 37 37 4
split_gain=70.9736 120.19 72.3534 80.8247 76.1591 70.9965
threshold=0.6002056202878685 0.50726750327460191 728.50000000000011 0.17424242424242428 0.25833333333333336 202207.00000000003
decision_type=10 10 10 2 2 10
left_child=1 -1 3 -2 -5 -3
right_child=2 5 -4 4 -6 -7
leaf_value=0.020886598951199004 0.028371515132960264 -0.001490309770834792 0.0093140517312948045 -0.047141393186816073 -0.011542754918287929 0.029702037932066973
leaf_weight=797.58820373564959 108.72542198747396 4230.6512035056949 486.37997500598431 163.93815791979432 1432.1533772498369 185.63404561579227
leaf_count=3510 728 17019 1373 1360 6671 592
internal_value=-8.58646e-05 0.00308747 -0.00762654 -0.0124728 -0.015335 -0.000147064
internal_weight=7405.07 5213.87 2191.2 1704.82 1596.09 4416.29
internal_count=31253 21121 10132 8759 8031 17611
is_linear=0
shrinkage=0.05


Tree=71
num_leaves=7
num_cat=0
split_feature=15 8 25 21 36 36
split_gain=66.0529 63.7632 123.645 127.502 105.051 92.7829
threshold=1.0000000180025095e-35 21.500000000000004 0.84023383886417879 0.66343486011005204 9504.3365277777793 5118.1291666666675
decision_type=8 10 10 10 10 10
left_child=-1 2 3 4 -2 -3
right_child=1 5 -4 -5 -6 -7
leaf_value=-0.017979676742030899 0.017939325711980474 -0.0026196435921812208 -0.01775301790960403 -0.010494060756834719 -0.051356327941812198 -0.039087263847104627
leaf_weight=551.35285944119096 1887.2763363793492 3572.1460987478495 481.18004048615694 590.57995660603046 51.601367421448231 178.43956965953112
leaf_count=4211 7850 12143 2043 3058 482 1286
internal_value=-0.00141931 -5.65886e-05 0.00535811 0.0097809 0.0159677 -0.00440437
internal_weight=7312.58 6761.22 3010.64 2529.46 1938.88 3750.59
internal_count=31073 26862 13433 11390 8332 13429
is_linear=0
shrinkage=0.05


Tree=72
num_leaves=7
num_cat=0
split_feature=4 4 12 8 16 19
split_gain=63.7409 77.7675 131.685 62.5642 96.5804 88.8
threshold=2304.5000000000005 1075.0000000000002 67.500000000000014 12.500000000000002 385.50000000000006 50.500000000000007
decision_type=10 10 10 10 10 10
left_child=1 2 -1 4 -2 -5
right_child=3 -3 -4 5 -6 -7
leaf_value=-0.010976811223052255 0.0047786577506519386 -0.032277330959041221 0.069068223744390964 -0.0094318130119171034 0.037673444446824446 0.004987683920811524
leaf_weight=345.15359529480338 2190.0094746090472 314.91244338080287 55.218599736690521 2036.6452075093985 243.76824055612087 2233.5945056080818
leaf_count=2480 10182 2345 223 8226 815 6965
internal_value=0.000237038 -0.0138977 0.000778598 0.00175438 0.0081439 -0.00189253
internal_weight=7419.3 715.285 400.372 6704.02 2433.78 4270.24
internal_count=31236 5048 2703 26188 10997 15191
is_linear=0
shrinkage=0.05


Tree=73
num_leaves=7
num_cat=0
split_feature=27 14 40 31 24 33
split_gain=84.8297 78.0422 111.702 78.4508 64.1379 62.6106
threshold=2.5000000000000004 19.500000000000004 4.5000000000000009 1.5000000000000002 1.5000000000000002 4.5000000000000009
decision_type=2 10 2 2 10 2
left_child=1 3 -3 5 -4 -1
right_child=-2 2 4 -5 -6 -7
leaf_value=-0.0032562488079106197 0.053587078719708171 -0.057293208014109635 0.049399724836290931 -0.035428617316958469 0.0049941167783021127 -0.048394151223451393
leaf_weight=3991.6103008538485 66.038944952189922 65.837873458862305 78.755532942712307 205.74284541606903 2908.8455947004259 73.374687701463699
leaf_count=20738 52 21 220 64 9892 209
internal_value=-0.00078907 -0.00131558 0.00478383 -0.00567697 0.00624526 -0.00412946
internal_weight=7390.21 7324.17 3053.44 4270.73 2987.6 4064.98
internal_count=31196 31144 10133 21011 10112 20947
is_linear=0
shrinkage=0.05


Tree=74
num_leaves=7
num_cat=0
split_feature=35 21 4 12 34 35
split_gain=72.0389 73.5483 50.2388 79.8457 125.736 90.0861
threshold=15925.140833333337 0.06277844413982181 2364.5000000000005 23.500000000000004 2077.9477777777779 1187.8637500000002
decision_type=10 10 10 10 10 8
left_child=1 -1 3 5 -5 -3
right_child=-2 2 -4 4 -6 -7
leaf_value=0.055929150681617537 -0.038669013372526935 0.035238189670573156 0.0016832003267735725 -0.008903673903470256 0.07427425809368475 -0.035106149607199433
leaf_weight=55.004957221448421 112.46407491713762 47.960090272128582 6543.2717986553907 213.30492390692234 52.458660110831261 357.7080445587635
leaf_count=123 1401 88 24993 1085 368 3177
internal_value=0.000175003 0.000802094 0.000343362 -0.0126296 0.00858307 -0.0264619
internal_weight=7382.17 7269.71 7214.7 671.432 265.764 405.668
internal_count=31235 29834 29711 4718 1453 3265
is_linear=0
shrinkage=0.05


Tree=75
num_leaves=7
num_cat=0
split_feature=12 34 27 37 8 25
split_gain=97.8262 78.2836 72.1081 66.0242 73.7411 112.344
threshold=5565.5000000000009 29.43930555555556 2.5000000000000004 0.25833333333333336 13.500000000000002 0.80859615516179806
decision_type=8 10 2 2 10 10
left_child=2 -2 3 -1 5 -5
right_child=1 -3 -4 4 -6 -7
leaf_value=-0.013022353698656742 0.056988988084825221 0.0068614868088203405 0.053200184407585983 0.014081044448144276 -0.0033228204461682172 -0.013408113848262768
leaf_weight=982.06953267753124 128.05637752264738 191.70113235712051 56.806536607444286 1729.2854321748018 3747.8873269855976 468.77854766696692
leaf_count=6757 90 835 46 7679 13636 2015
internal_value=0.000679172 0.0275049 -0.000567674 -0.0010466 0.000940674 0.00820134
internal_weight=7304.58 319.758 6984.83 6928.02 5945.95 2198.06
internal_count=31058 925 30133 30087 23330 9694
is_linear=0
shrinkage=0.05


Tree=76
num_leaves=7
num_cat=0
split_feature=24 23 4 40 8 35
split_gain=71.8188 99.7296 68.9018 69.7836 65.8869 103.254
threshold=872.50000000000011 0.54311328032006434 96375.500000000015 16.500000000000004 15.500000000000002 14711.324027777779
decision_type=10 10 10 2 10 10
left_child=4 -2 3 -3 5 -1
right_child=1 2 -4 -5 -6 -7
leaf_value=0.0052192596855756349 0.045602659621493513 -0.040824968188159311 0.040267956676657481 0.005741519219544397 -0.0064331783361600966 -0.050740556870951803
leaf_weight=2891.7274665609002 186.5425723195076 98.253404140472412 100.16806344687939 360.33094988763332 3578.1577365770936 79.868369445204735
leaf_count=13839 526 30 313 1361 13857 1094
internal_value=-0.000189943 0.0144636 0.00375544 -0.00456823 -0.00186713 0.00363251
internal_weight=7295.05 745.295 558.752 458.584 6549.75 2971.6
internal_count=31020 2230 1704 1391 28790 14933
is_linear=0
shrinkage=0.05


Tree=77
num_leaves=7
num_cat=0
split_feature=27 15 4 19 20 37
split_gain=72.8486 56.8798 40.2419 45.7225 77.5346 48.9074
threshold=2.5000000000000004 1.0000000180025095e-35 141674.50000000003 4.5000000000000009 0.66678090015992697 0.23611111111111113
decision_type=2 10 10 10 10 2
left_child=1 2 3 4 5 -1
right_child=-2 -3 -4 -5 -6 -7
leaf_value=-0.024871614771805311 0.052490069871396108 0.0006985955110173532 0.027607793123814024 -0.040600647753259521 -0.052655470084912316 0.020237454443179044
leaf_weight=87.862292133271694 60.310200870037079 6788.0921899415553 44.026361189782619 172.50748773664236 72.483315978199244 165.6304347962141
leaf_count=940 50 26984 179 1266 795 1021
internal_value=-8.32999e-05 -0.000551313 -0.0160542 -0.0201463 -0.00887203 0.00442369
internal_weight=7390.91 7330.6 542.51 498.484 325.976 253.493
internal_count=31235 31185 4201 4022 2756 1961
is_linear=0
shrinkage=0.05


Tree=78
num_leaves=7
num_cat=0
split_feature=21 23 23 3 36 40
split_gain=97.7863 78.703 92.6548 102.013 80.5816 75.4986
threshold=0.6002056202878685 1.1977845800728264 2.5905326821396195 40040.500000000007 25.092916666666671 10.500000000000002
decision_type=10 10 10 10 10 2
left_child=-1 5 -3 4 -4 -2
right_child=1 2 3 -5 -6 -7
leaf_value=0.0038566925846544638 -0.04134768460042363 -0.031548582775850563 -0.034654302062711369 0.040363145260043122 0.019894987011420343 0.0038005970111637415
leaf_weight=5152.2262484915555 96.218961238861084 593.98844981193542 189.31585901975632 106.51081751286983 99.875963002443314 1082.0386721454561
leaf_count=21001 30 2780 1133 321 266 5581
internal_value=0.000108172 -0.00878873 -0.0191453 -0.000365476 -0.0157971 -4.54455e-05
internal_weight=7320.17 2167.95 989.691 395.703 289.192 1178.26
internal_count=31112 10111 4500 1720 1399 5611
is_linear=0
shrinkage=0.05


Tree=79
num_leaves=7
num_cat=0
split_feature=27 37 23 31 4 15
split_gain=59.2947 53.7993 55.8419 72.8514 48.342 47.8816
threshold=2.5000000000000004 0.93541666666666679 5.936436594464511 1.5000000000000002 102815.00000000001 1.0000000180025095e-35
decision_type=2 2 8 2 10 10
left_child=1 2 3 5 -4 -1
right_child=-2 -3 4 -5 -6 -7
leaf_value=-0.016454274132218401 0.050939695830957012 0.049765548696191257 0.023882114618161521 -0.023691433416464576 -0.020502322135319953 -4.4284762159691951e-05
leaf_weight=475.70148715376854 50.175735656172037 46.635261744260788 345.45056497305632 379.48402611911297 70.338505178689957 5906.3706327266991
leaf_count=3954 48 121 1366 123 281 25225
internal_value=-0.00069722 -0.00109086 -0.00145572 -0.00255379 0.0162193 -0.00127936
internal_weight=7274.16 7223.98 7177.35 6761.56 415.789 6382.07
internal_count=31118 31070 30949 29302 1647 29179
is_linear=0
shrinkage=0.05


Tree=80
num_leaves=7
num_cat=0
split_feature=0 21 10 20 16 16
split_gain=76.0628 93.6915 80.1185 86.2824 80.6724 74.4436
threshold=27.500000000000004 0.64060235507246388 2.5000000000000004 0.0065729372830359185 40.500000000000007 94.500000000000014
decision_type=8 10 10 10 8 10
left_child=1 2 3 4 -1 -2
right_child=5 -3 -4 -5 -6 -7
leaf_value=-0.029932554653985873 0.02042365057761087 -0.022466652559739973 0.016828975369025004 -0.010380121553807123 0.029569295021076143 0.0016822242900706053
leaf_weight=67.727521281689405 618.72725438326597 660.32866774499416 483.29661432281137 1675.0635654591024 266.8898586332798 3528.6114389039576
leaf_count=446 2553 4524 1874 8743 969 11954
internal_value=5.15143e-05 -0.00579639 -0.00134471 -0.00574612 0.0172626 0.00449942
internal_weight=7300.64 3153.31 2492.98 2009.68 334.617 4147.34
internal_count=31063 16556 12032 10158 1415 14507
is_linear=0
shrinkage=0.05


Tree=81
num_leaves=7
num_cat=0
split_feature=37 23 31 34 4 18
split_gain=58.1529 59.7444 74.7717 69.1468 104.009 52.4305
threshold=0.93933823529411775 5.936436594464511 1.5000000000000002 10765.585138888891 138948.50000000003 12.500000000000002
decision_type=2 8 2 8 10 8
left_child=1 2 3 -1 -5 -3
right_child=-2 5 -4 4 -6 -7
leaf_value=0.00085826764855799573 0.052202333499112935 0.006435348504919009 -0.022774366325069545 -0.026608887107353527 0.067111313623769431 0.045274141411646707
leaf_weight=5951.1457992456853 47.321107342839241 318.84191619604826 396.98644037544727 397.93296933919191 27.210707642138004 115.57240024209023
leaf_count=25146 121 1381 132 3790 154 303
internal_value=-0.000320768 -0.000701551 -0.00185931 -0.000540318 -0.0199001 0.0171657
internal_weight=7255.01 7207.69 6773.28 6376.29 425.144 434.414
internal_count=31027 30906 29222 29090 3944 1684
is_linear=0
shrinkage=0.05


Tree=82
num_leaves=7
num_cat=0
split_feature=24 4 4 16 19 3
split_gain=58.3907 76.2995 98.0339 72.4336 64.1514 114.287
threshold=872.50000000000011 28825.500000000004 84834.000000000015 291.50000000000006 11.500000000000002 42235.500000000007
decision_type=8 10 10 8 10 10
left_child=4 3 -3 -2 5 -1
right_child=1 2 -4 -5 -6 -7
leaf_value=0.00073265141268168067 -0.0053865858136706137 -0.013311069381476449 0.03755213936759684 0.049298088225771468 -0.0069320385060473461 0.0425003184717756
leaf_weight=3019.1215358451009 85.274294480681419 350.0194785296917 124.21501171588898 196.4400606751442 3309.4544805549085 168.18403370678425
leaf_count=15661 286 1076 377 540 12669 539
internal_value=-0.000527573 0.0125777 0.000264195 0.0329399 -0.00206097 0.00299971
internal_weight=7252.71 755.949 474.234 281.714 6496.76 3187.31
internal_count=31148 2279 1453 826 28869 16200
is_linear=0
shrinkage=0.05


Tree=83
num_leaves=7
num_cat=0
split_feature=28 14 33 24 2 38
split_gain=68.8841 54.8572 59.7827 63.8369 51.1086 64.7554
threshold=2.5000000000000004 29.500000000000004 1.5000000000000002 46.500000000000007 3923.0000000000005 1.0000000180025095e-35
decision_type=2 10 2 10 10 2
left_child=1 2 -1 -4 5 -3
right_child=-2 4 3 -5 -6 -7
leaf_value=-0.0013799005425299466 0.033523839064811954 0.0047172700537832304 0.0056653742379187064 -0.032315665751838689 0.00077449107552158593 0.033959880080266007
leaf_weight=4324.9232567921281 149.53977558761835 477.92307511717081 163.90300927311182 327.13052335381508 1551.2568253874779 310.62048058211803
leaf_count=22491 157 2310 319 438 5186 275
internal_value=0.000496779 -0.000216341 -0.00326719 -0.0197086 0.00605673 0.0163778
internal_weight=7305.3 7155.76 4815.96 491.034 2339.8 788.544
internal_count=31176 31019 23248 757 7771 2585
is_linear=0
shrinkage=0.05


Tree=84
num_leaves=7
num_cat=0
split_feature=15 31 8 21 25 35
split_gain=45.8118 103.508 52.1429 89.5582 114.022 92.0826
threshold=150.50000000000003 1.5000000000000002 15.500000000000002 0.66679487179487185 0.79126803026343484 1286.2555555555557
decision_type=8 2 10 10 10 10
left_child=1 2 3 4 -1 -6
right_child=-2 -3 -4 -5 5 -7
leaf_value=0.014620062179522594 0.0074325131349526055 -0.031356318772514359 -0.0058136574977921381 -0.014762129754242063 0.027086624054932468 -0.021842093262303061
leaf_weight=1698.5671892240644 1445.192858286202 290.0057502835989 2765.7697792202234 518.78282123804092 118.08335093408823 440.20909931510687
leaf_count=8471 4280 97 11985 3424 399 2319
internal_value=-0.000521355 -0.00249723 -0.000960005 0.00387814 0.00818613 -0.0113447
internal_weight=7276.61 5831.42 5541.41 2775.64 2256.86 558.292
internal_count=30975 26695 26598 14613 11189 2718
is_linear=0
shrinkage=0.05


end of trees

feature_importances:
n_dying_ch=53
ev_h_since_prev=52
n_rows_28d=38
ev_relapse_rate=38
ev_gap_last=36
n_alarm_28d=30
act_share_7d=25
rate_28d=25
n_undef_28d=22
n_alarm_7d=18
n_bad_28d=17
ev_open_ch=16
ev_h_since_inc=15
n_ch_bad_28d=12
rate_7d=12
ev_inc_24h=12
ev_inc_168h=10
ev_inc_72h=9
ev_inc_672h=8
n_rows_3d=7
n_rows_7d=7
dying_share=7
n_alarm_3d=6
act_share_1d=6
ev_fail_3h=6
hour=5
n_active_ch=4
n_undef_3d=4
n_rows_1d=3
n_ch_bad_7d=3
n_undef_7d=2
ev_fail_168h=2

parameters:
[boosting: gbdt]
[objective: binary]
[metric: average_precision]
[tree_learner: serial]
[device_type: cpu]
[data_sample_strategy: bagging]
[data: ]
[valid: ]
[num_iterations: 2000]
[learning_rate: 0.05]
[num_leaves: 7]
[num_threads: 6]
[seed: 53]
[deterministic: 1]
[force_col_wise: 1]
[force_row_wise: 0]
[histogram_pool_size: -1]
[max_depth: -1]
[min_data_in_leaf: 200]
[min_sum_hessian_in_leaf: 0.001]
[bagging_fraction: 0.8]
[pos_bagging_fraction: 1]
[neg_bagging_fraction: 1]
[bagging_freq: 1]
[bagging_seed: 20329]
[bagging_by_query: 0]
[feature_fraction: 0.8]
[feature_fraction_bynode: 1]
[feature_fraction_seed: 32608]
[extra_trees: 0]
[extra_seed: 23306]
[early_stopping_round: 0]
[early_stopping_min_delta: 0]
[first_metric_only: 1]
[max_delta_step: 0]
[lambda_l1: 0]
[lambda_l2: 5]
[linear_lambda: 0]
[min_gain_to_split: 0]
[drop_rate: 0.1]
[max_drop: 50]
[skip_drop: 0.5]
[xgboost_dart_mode: 0]
[uniform_drop: 0]
[drop_seed: 17767]
[top_rate: 0.2]
[other_rate: 0.1]
[min_data_per_group: 100]
[max_cat_threshold: 32]
[cat_l2: 10]
[cat_smooth: 10]
[max_cat_to_onehot: 4]
[top_k: 20]
[monotone_constraints: ]
[monotone_constraints_method: basic]
[monotone_penalty: 0]
[feature_contri: ]
[forcedsplits_filename: ]
[refit_decay_rate: 0.9]
[cegb_tradeoff: 1]
[cegb_penalty_split: 0]
[cegb_penalty_feature_lazy: ]
[cegb_penalty_feature_coupled: ]
[path_smooth: 0]
[interaction_constraints: ]
[verbosity: -1]
[saved_feature_importance_type: 0]
[use_quantized_grad: 0]
[num_grad_quant_bins: 4]
[quant_train_renew_leaf: 0]
[stochastic_rounding: 1]
[linear_tree: 0]
[max_bin: 255]
[max_bin_by_feature: ]
[min_data_in_bin: 3]
[bin_construct_sample_cnt: 200000]
[data_random_seed: 211]
[is_enable_sparse: 1]
[enable_bundle: 1]
[use_missing: 1]
[zero_as_missing: 0]
[feature_pre_filter: 1]
[pre_partition: 0]
[two_round: 0]
[header: 0]
[label_column: ]
[weight_column: ]
[group_column: ]
[ignore_column: ]
[categorical_feature: ]
[forcedbins_filename: ]
[precise_float_parser: 0]
[parser_config_file: ]
[objective_seed: 31239]
[num_class: 1]
[is_unbalance: 0]
[scale_pos_weight: 1]
[sigmoid: 1]
[boost_from_average: 1]
[reg_sqrt: 0]
[alpha: 0.9]
[fair_c: 1]
[poisson_max_delta_step: 0.7]
[tweedie_variance_power: 1.5]
[lambdarank_truncation_level: 30]
[lambdarank_norm: 1]
[label_gain: ]
[lambdarank_position_bias_regularization: 0]
[eval_at: ]
[multi_error_top_k: 1]
[auc_mu_weights: ]
[num_machines: 1]
[local_listen_port: 12400]
[time_out: 120]
[machine_list_filename: ]
[machines: ]
[gpu_platform_id: -1]
[gpu_device_id: -1]
[gpu_use_dp: 0]
[num_gpu: 1]

end of parameters

pandas_categorical:[]
