tree
version=v4
num_class=1
num_tree_per_iteration=1
label_index=0
max_feature_idx=41
objective=binary sigmoid:1
feature_names=n_active_ch n_rows_1d n_rows_3d n_rows_7d n_rows_28d n_bad_1d n_bad_3d n_bad_7d n_bad_28d n_undef_1d n_undef_3d n_undef_7d n_undef_28d n_alarm_1d n_alarm_3d n_alarm_7d n_alarm_28d n_ch_bad_1d n_ch_bad_7d n_ch_bad_28d act_share_1d act_share_7d rate_7d rate_28d n_dying_ch dying_share ev_inc_6h ev_inc_24h ev_inc_72h ev_inc_168h ev_inc_672h ev_fail_3h ev_fail_24h ev_fail_168h ev_h_since_inc ev_h_since_prev ev_gap_last ev_relapse_rate ev_open_ch is_rearm hour dow
feature_infos=[0:1459] [0:200094] [0:575548] [0:1039472] [0:3446064] [0:32012] [0:32027] [0:32027] [0:32057] [0:37262] [0:71955] [0:122355] [0:165289] [0:32013] [0:32065] [0:32176] [0:33059] [0:383] [0:947] [0:1109] [0:1] [0.0054644808743169399:1] [0:52] [0:13] [0:1420] [0:1] [0:3] [0:7] [0:11] [0:18] [0:25] [0:191] [0:561] [0:1165] [1:22977.983611111111] [2.0238888888888891:28233.218888888889] [1.0238888888888888:21790.846388888887] [0.090909090909090912:0.96551724137931039] [0:195] [0:1] [0:23] [0:6]
tree_sizes=882 900 899 905 904 895 896 899 904 900 906 900 901 902 904 901 901 904 900 902 903 902 895 895 903 899 905 900 905 906 906 904 913 900 906 899 907 905 904 909 896 905 913 908 910 903 905 904 898 907 905 909 906 896 903 899 906 904 903 903 893 904 906 896 915 910 903 902 901 906 903 906 907 918 903

Tree=0
num_leaves=7
num_cat=0
split_feature=35 30 35 37 38 35
split_gain=5040.04 1091.47 365.492 327.639 290.057 262.499
threshold=2507.8823611111115 2.5000000000000004 5507.604444444446 0.28991596638655465 1.0000000180025095e-35 205.22361111111113
decision_type=8 2 8 2 2 10
left_child=1 3 -2 -1 -5 -3
right_child=2 5 -4 4 -6 -7
leaf_value=-0.57609570905767604 -0.55866915051061694 -0.44448045474778686 -0.58770759304210018 -0.52602942496906391 -0.49273389018960995 -0.4972427488426866
leaf_weight=228.45840132236481 1626.8655117750168 752.54152286052704 3283.9442332983017 1888.326033949852 1003.3112286329269 363.2558319568634
leaf_count=703 6342 704 13612 8125 789 933
internal_value=-0.543658 -0.50372 -0.578113 -0.518971 -0.514409 -0.461375
internal_weight=9146.7 4235.89 4910.81 3120.1 2891.64 1115.8
internal_count=31208 11254 19954 9617 8914 1637
is_linear=0
shrinkage=1


Tree=1
num_leaves=7
num_cat=0
split_feature=35 38 24 29 24 37
split_gain=4711.61 971.253 498.904 412.045 316.769 216.098
threshold=2665.1501388888896 1.0000000180025095e-35 121.50000000000001 2.5000000000000004 837.50000000000011 0.44949494949494956
decision_type=8 2 8 2 10 2
left_child=1 4 -2 5 -1 -3
right_child=2 3 -4 -5 -6 -7
leaf_value=0.0071094500159699092 -0.044576923040964146 0.011027966091423112 -0.0074022200297236655 0.10561408036594473 0.052567559726736934 0.059520738520017151
leaf_weight=1983.5733980685472 3484.754242375493 285.30317656695843 1220.4174176752567 441.57868000864983 470.65535788238049 1232.4090840369463
leaf_count=8497 14435 155 4830 189 2014 986
internal_value=-0.00016152 0.0369263 -0.0349527 0.0631362 0.0159163 0.0504711
internal_weight=9118.69 4413.52 4705.17 1959.29 2454.23 1517.71
internal_count=31106 11841 19265 1330 10511 1141
is_linear=0
shrinkage=0.05


Tree=2
num_leaves=7
num_cat=0
split_feature=35 35 29 37 37 24
split_gain=4243.63 715.475 490.597 407.458 218.995 174.368
threshold=1501.2641666666671 5436.9231944444455 2.5000000000000004 0.37797619047619052 0.68857758620689669 88.500000000000014
decision_type=8 8 2 2 2 10
left_child=2 3 4 -2 -1 -5
right_child=1 -3 -4 5 -6 -7
leaf_value=0.025283375977441527 -0.03535077212679396 -0.041624969047138569 0.089387729756964934 -0.01323896508907268 0.054206210994625803 0.018919630648094043
leaf_weight=1680.8214759677649 824.71931912004948 3190.3201662153006 526.18793119490147 665.83944945037365 1086.4535396546125 1130.8509224504232
leaf_count=4337 3205 13520 377 2584 2789 4263
internal_value=-5.04006e-05 -0.0257409 0.045254 -0.00636708 0.036716 0.00699824
internal_weight=9105.19 5811.73 3293.46 2621.41 2767.28 1796.69
internal_count=31075 23572 7503 10052 7126 6847
is_linear=0
shrinkage=0.05


Tree=3
num_leaves=7
num_cat=0
split_feature=35 30 24 24 16 12
split_gain=3465.28 846.716 401.734 359.134 267.62 230.676
threshold=2818.6045833333342 2.5000000000000004 102.50000000000001 729.50000000000011 728.50000000000011 21.500000000000004
decision_type=8 2 8 10 10 10
left_child=1 3 5 4 -1 -2
right_child=2 -3 -4 -5 -6 -7
leaf_value=0.00074553883477064184 -0.053479077866232974 0.066659373740976274 -0.0094730820951048067 0.045014345679536591 0.044573325659528158 -0.025750711462666123
leaf_weight=2162.2025758475065 1813.6443888098001 1154.9244990944862 1376.5321726053953 863.55219551920891 410.22736571729183 1304.9649609476328
leaf_count=6907 7811 1660 5572 2500 1231 5460
internal_value=-0.000829209 0.0297093 -0.0320166 0.0172105 0.0078077 -0.0419361
internal_weight=9086.05 4590.91 4495.14 3435.98 2572.43 3118.61
internal_count=31141 12298 18843 10638 8138 13271
is_linear=0
shrinkage=0.05


Tree=4
num_leaves=7
num_cat=0
split_feature=35 16 38 24 24 37
split_gain=3614.24 786.833 422.828 308.124 243.363 168.655
threshold=1244.207916666667 288.50000000000006 1.0000000180025095e-35 150.50000000000003 706.50000000000011 0.27922077922077926
decision_type=8 8 2 10 8 2
left_child=2 3 -1 -2 5 -3
right_child=1 4 -4 -5 -6 -7
leaf_value=0.02351306673559728 -0.038397727963764477 -0.041166723804064421 0.061725831720768454 -0.0054327960333617363 0.048265347435505368 0.0072347169318263509
leaf_weight=1262.3637658953667 3657.9712488651276 211.01547783613205 1722.4400509744883 881.21202066540718 308.8690218180418 1073.9124562293291
leaf_count=5292 15399 885 1059 3356 1064 4087
internal_value=0.000550805 -0.0214081 0.0456308 -0.0320111 0.00879535 -0.000842701
internal_weight=9117.78 6132.98 2984.8 4539.18 1593.8 1284.93
internal_count=31142 24791 6351 18755 6036 4972
is_linear=0
shrinkage=0.05


Tree=5
num_leaves=7
num_cat=0
split_feature=35 24 35 16 16 4
split_gain=3095.74 620.217 485.096 295.05 284.261 227.414
threshold=1501.2641666666671 145.50000000000003 110.55194444444446 706.50000000000011 426.50000000000006 126946.50000000001
decision_type=8 8 10 10 10 10
left_child=2 4 -1 -4 -2 -5
right_child=1 -3 3 5 -6 -7
leaf_value=0.070639267744948275 -0.036070266256299277 0.0057072509119209299 0.016828611367532602 0.073068015665891189 0.0067795667095159528 0.008359057500789897
leaf_weight=872.77554725110531 3749.0488826930523 1509.8972740471363 1834.3839890956879 492.66059425473213 429.92631888389587 188.6573366522789
leaf_count=608 16041 5831 5161 1255 1722 514
internal_value=0.000784657 -0.0217453 0.0385862 0.027348 -0.0316591 0.0553415
internal_weight=9077.35 5688.87 3388.48 2515.7 4178.98 681.318
internal_count=31132 23594 7538 6930 17763 1769
is_linear=0
shrinkage=0.05


Tree=6
num_leaves=7
num_cat=0
split_feature=35 24 29 16 37 3
split_gain=3048.77 732.103 361.855 335.053 211.719 223.489
threshold=1309.4962500000004 706.50000000000011 2.5000000000000004 291.50000000000006 0.28991596638655465 10866.000000000002
decision_type=8 8 2 10 2 10
left_child=2 3 4 -2 -1 -6
right_child=1 -3 -4 -5 5 -7
leaf_value=-0.036273835082465684 -0.032762948671318869 0.039870754439286837 0.076339568123577409 -0.0030587062791079186 0.049852383775243821 0.019319212822050472
leaf_weight=104.57206192612648 4206.7369850128889 451.91220410168171 567.00286880135536 1226.9897832274437 1245.3359015583992 1170.6311988085508
leaf_count=243 17989 1657 381 4814 2942 3021
internal_value=0.000133275 -0.0209722 0.0403346 -0.0260644 0.0321 0.0351283
internal_weight=8973.18 5885.64 3087.54 5433.73 2520.54 2415.97
internal_count=31047 24460 6587 22803 6206 5963
is_linear=0
shrinkage=0.05


Tree=7
num_leaves=7
num_cat=0
split_feature=35 35 24 16 12 38
split_gain=2473.62 596.1 316.099 261.27 193.065 140.695
threshold=2846.2472222222227 228.41652777777782 102.50000000000001 350.50000000000006 20.500000000000004 2.5000000000000004
decision_type=8 10 8 10 10 2
left_child=1 -1 4 -3 -2 -5
right_child=2 3 -4 5 -6 -7
leaf_value=0.056552239361216908 -0.047865524149268986 0.0018272537798603981 -0.0075697606102783054 0.025036618353535534 -0.021912589202945337 0.082369221997158598
leaf_weight=1116.6154642701149 1710.5141260623932 1865.6012716442347 1329.7130625993013 1524.3489221483469 1255.7651139497757 111.55352061986923
leaf_count=1097 7788 6194 5469 4887 5471 117
internal_value=-0.000572478 0.0248183 -0.0278643 0.0146323 -0.0369338 0.0291853
internal_weight=8914.11 4618.12 4295.99 3501.5 2966.28 1635.9
internal_count=31023 12295 18728 11198 13259 5004
is_linear=0
shrinkage=0.05


Tree=8
num_leaves=7
num_cat=0
split_feature=35 35 37 24 15 12
split_gain=2252.72 579.911 299.333 275.443 224.981 183.711
threshold=2846.2472222222227 110.55194444444446 0.37797619047619052 102.50000000000001 90.500000000000014 20.500000000000004
decision_type=8 10 2 10 10 10
left_child=1 -1 -3 5 -4 -2
right_child=3 2 4 -5 -6 -7
leaf_value=0.060193364299113886 -0.046460552285407491 -0.020051182554669575 0.0085397429541930088 -0.0083590475622533755 0.034990783723861073 -0.020938004678734978
leaf_weight=859.87382376194 1680.3293447196484 526.89443078637123 1794.0977218151093 1351.3657314032316 1458.0276129245758 1236.3270381093025
leaf_count=596 7800 1787 5839 5510 4155 5428
internal_value=-0.000861689 0.0232458 0.0147703 -0.0270605 0.0204341 -0.0356963
internal_weight=8906.92 4638.89 3779.02 4268.02 3252.13 2916.66
internal_count=31115 12377 11781 18738 9994 13228
is_linear=0
shrinkage=0.05


Tree=9
num_leaves=7
num_cat=0
split_feature=35 29 16 24 24 12
split_gain=2024.09 634.527 322.121 290.336 217.473 193.165
threshold=2665.1501388888896 2.5000000000000004 558.50000000000011 102.50000000000001 747.50000000000011 21.500000000000004
decision_type=8 2 10 8 10 10
left_child=1 2 4 5 -1 -2
right_child=3 -3 -4 -5 -6 -7
leaf_value=-0.00096272676118830359 -0.04431783646898825 0.073906838642752104 0.036344964789580575 -0.0055235795406618398 0.033234476949737163 -0.01825410748776813
leaf_weight=2115.0102343261242 1665.590249478817 543.22688050568104 1362.0700774937868 1410.8321637511253 590.79343672096729 1257.121592849493
leaf_count=6381 7891 377 3566 5768 1535 5564
internal_value=0.000342741 0.0233885 0.0165598 -0.0241778 0.00655152 -0.0331576
internal_weight=8944.64 4611.1 4067.87 4333.54 2705.8 2922.71
internal_count=31082 11859 11482 19223 7916 13455
is_linear=0
shrinkage=0.05


Tree=10
num_leaves=7
num_cat=0
split_feature=36 38 4 16 16 21
split_gain=1638.03 705.423 267.376 262.711 216.202 175.277
threshold=2701.1322222222229 1.0000000180025095e-35 151889.50000000003 558.50000000000011 285.50000000000006 0.6002056202878685
decision_type=8 2 8 10 10 10
left_child=1 4 5 -3 -1 -2
right_child=2 3 -4 -5 -6 -7
leaf_value=-0.0087485163544370036 -0.023387377384446212 0.024120366921987352 0.035531483738494039 0.060649934344226678 0.015438217401641417 -0.048881338853875723
leaf_weight=1941.3350661247969 1926.6318836063147 1199.0604535788298 148.04366402328014 844.15035477280617 1754.1445953994989 1049.9006108939648
leaf_count=8637 8393 814 537 530 7312 4942
internal_value=-7.09365e-05 0.0157867 -0.0291742 0.0393237 0.00273762 -0.0324467
internal_weight=8863.27 5738.69 3124.58 2043.21 3695.48 2976.53
internal_count=31165 17293 13872 1344 15949 13335
is_linear=0
shrinkage=0.05


Tree=11
num_leaves=7
num_cat=0
split_feature=35 34 24 30 24 0
split_gain=1741.58 401.23 263.205 175.854 169.836 164.735
threshold=2818.6045833333342 63.217361111111117 102.50000000000001 2.5000000000000004 837.50000000000011 128.50000000000003
decision_type=8 10 10 2 10 10
left_child=1 3 5 -1 -3 -2
right_child=2 4 -4 -5 -6 -7
leaf_value=0.024505924368863632 -0.03463548299857442 0.0011623161097108446 -0.0055853139151794172 0.054134058083981577 0.033917205316301005 0.034127323022560462
leaf_weight=1187.7784116566181 2712.2209652215242 2036.7923463582993 1353.1031220257282 881.97586935758591 486.29893979430199 86.17215958237648
leaf_count=946 12919 8584 5566 609 1970 321
internal_value=-0.000263311 0.0209408 -0.0237186 0.0372313 0.00753007 -0.0324609
internal_weight=8744.34 4592.85 4151.5 2069.75 2523.09 2798.39
internal_count=30915 12109 18806 1555 10554 13240
is_linear=0
shrinkage=0.05


Tree=12
num_leaves=7
num_cat=0
split_feature=35 24 4 29 36 2
split_gain=1594.38 433.231 324.769 232.395 220.147 189.561
threshold=1332.7075000000002 706.50000000000011 2364.5000000000005 2.5000000000000004 5118.1291666666675 3761.5000000000005
decision_type=8 8 10 2 10 10
left_child=3 2 -2 5 -4 -1
right_child=1 -3 4 -5 -6 -7
leaf_value=0.036774586878486469 -0.04582327031801578 0.03055542781740804 -0.0086005754812898735 0.058657520233143995 -0.038135253799723261 0.009668919899893616
leaf_weight=1193.1828280240297 1000.6823496222496 451.13255101442337 3385.9670885652304 522.82061609625816 771.89932173490524 1407.8516339361668
leaf_count=2944 4795 1614 14373 375 3554 3387
internal_value=-0.000257912 -0.0161964 -0.0203107 0.0283439 -0.0141228 0.0221499
internal_weight=8733.54 5609.68 5158.55 3123.86 4157.87 2601.03
internal_count=31042 24336 22722 6706 17927 6331
is_linear=0
shrinkage=0.05


Tree=13
num_leaves=7
num_cat=0
split_feature=35 35 24 37 12 16
split_gain=1518.25 438.679 232.4 211.312 190.292 165.051
threshold=2846.2472222222227 205.22361111111113 102.50000000000001 0.25833333333333336 20.500000000000004 706.50000000000011
decision_type=8 10 8 2 10 10
left_child=1 -1 4 -3 -2 -5
right_child=2 3 -4 5 -6 -7
leaf_value=0.047764241596244553 -0.041384440383585394 -0.033708228670989292 -0.0043969896827533335 0.0086110185197127223 -0.01482285354610147 0.034685777068557848
leaf_weight=1095.2934618294239 1552.9319266974926 235.27240216732025 1333.3679891973734 2538.8514617085457 1203.5715563446283 794.86496666073799
leaf_count=1022 7830 815 5507 8179 5510 2306
internal_value=0.000665727 0.020154 -0.0215571 0.0116256 -0.0298347 0.0148707
internal_weight=8754.15 4664.28 4089.87 3568.99 2756.5 3333.72
internal_count=31169 12322 18847 11300 13340 10485
is_linear=0
shrinkage=0.05


Tree=14
num_leaves=7
num_cat=0
split_feature=35 16 2 28 36 24
split_gain=1351.38 354.001 207.86 202.314 201.413 173.713
threshold=2665.1501388888896 558.50000000000011 260.50000000000006 2.5000000000000004 5118.1291666666675 747.50000000000011
decision_type=8 10 10 2 10 10
left_child=1 3 -2 5 -4 -1
right_child=2 -3 4 -5 -6 -7
leaf_value=-0.0020359293339698025 -0.039327930529218444 0.037158658163254699 -0.0068811158919394018 0.05895139060937199 -0.037264514112095158 0.028296117928245757
leaf_weight=2155.473554700613 1135.8492514938116 1610.0829669684172 2273.8473349511623 177.67189499735832 713.96871417760849 599.18032705783844
leaf_count=6368 5586 3741 10312 81 3378 1532
internal_value=-0.000445136 0.0183578 -0.0211546 0.00798895 -0.0141917 0.00460108
internal_weight=8666.07 4542.41 4123.67 2932.33 2987.82 2754.65
internal_count=30998 11722 19276 7981 13690 7900
is_linear=0
shrinkage=0.05


Tree=15
num_leaves=7
num_cat=0
split_feature=34 30 24 37 23 12
split_gain=1119.76 482.917 263.043 228.416 172.288 161.592
threshold=1340.0883333333336 2.5000000000000004 716.50000000000011 0.45804195804195807 1.9802519544791943 623.50000000000011
decision_type=8 2 10 2 10 10
left_child=1 3 -2 4 5 -1
right_child=2 -3 -4 -5 -6 -7
leaf_value=-0.027533865223468901 -0.024204020936536064 0.043676679323985688 0.042261274633419554 0.015058629331224392 0.029356751117960822 0.027177477614911644
leaf_weight=872.30111017823219 3320.614469408989 1164.0166153907776 151.39442354440689 2825.7834310680628 217.61197659373283 155.35000546276569
leaf_count=2993 16538 1660 631 8236 704 465
internal_value=0.000750711 0.0153479 -0.0212492 0.00720436 -0.0106077 -0.0191716
internal_weight=8707.07 5235.06 3472.01 4071.05 1245.26 1027.65
internal_count=31227 14058 17169 12398 4162 3458
is_linear=0
shrinkage=0.05


Tree=16
num_leaves=7
num_cat=0
split_feature=35 4 37 35 37 35
split_gain=1181.12 343.439 267.112 224.952 144.314 120.4
threshold=1309.4962500000004 2364.5000000000005 0.37797619047619052 110.55194444444446 0.44949494949494956 5436.9231944444455
decision_type=8 8 2 10 2 8
left_child=3 -2 -3 -1 -5 -4
right_child=1 2 5 4 -6 -7
leaf_value=0.046838151492581505 -0.041515635226874251 -0.023198753379266492 0.0085137299995264488 -0.012466247253566879 0.021852321480174169 -0.013945624008101905
leaf_weight=821.48848706483841 950.34130761027336 1850.2177277803421 1869.9264400154352 363.67062264680862 1846.1590979546309 870.34219881892204
leaf_count=604 4802 8673 6984 901 5058 4043
internal_value=-0.000510372 -0.014235 -0.00854824 0.0245585 0.0161891 0.00136796
internal_weight=8572.15 5540.83 4590.49 3031.32 2209.83 2740.27
internal_count=31065 24502 19700 6563 5959 11027
is_linear=0
shrinkage=0.05


Tree=17
num_leaves=7
num_cat=0
split_feature=35 28 16 2 21 25
split_gain=1007.87 292.026 237.029 209.024 178.409 191.246
threshold=2846.2472222222227 2.5000000000000004 558.50000000000011 332.50000000000006 0.6002056202878685 0.38300148723707778
decision_type=8 2 10 8 10 10
left_child=1 2 -1 -2 5 -5
right_child=3 -3 -4 4 -6 -7
leaf_value=0.0038792722972175197 -0.036383748307567985 0.061795028005613623 0.028536630130930753 0.062631299239818555 -0.027941698222840223 -0.0056886286931303823
leaf_weight=2860.0853511095047 1169.8820669800043 315.45793901383877 1475.0050419270992 104.29602828621864 994.22957201302052 1626.6699576824903
leaf_count=8434 6050 157 3729 420 4890 7323
internal_value=5.62686e-06 0.0157128 0.0122921 -0.0187441 -0.0111189 -0.00140361
internal_weight=8545.63 4650.55 4335.09 3895.08 2725.2 1730.97
internal_count=31003 12320 12163 18683 12633 7743
is_linear=0
shrinkage=0.05


Tree=18
num_leaves=7
num_cat=0
split_feature=35 16 0 4 36 36
split_gain=907.625 290.198 196.96 153.815 146.204 219.575
threshold=2665.1501388888896 558.50000000000011 19.500000000000004 41151.000000000007 5118.1291666666675 3806.3420833333334
decision_type=8 10 8 10 10 10
left_child=1 -1 -2 -3 5 -4
right_child=2 3 4 -5 -6 -7
leaf_value=0.0056746061900691336 -0.028816513019693252 0.050293224003084482 -0.0043976080100884473 0.018838184267347093 -0.031986508142074044 0.070348861229727097
leaf_weight=2929.6690367907286 1975.2328070700169 671.95309023559093 1467.8890836685896 936.70180556178093 436.28415763378143 100.27475702762604
leaf_count=8078 10065 1355 6759 2391 2101 321
internal_value=-0.000212434 0.0150637 -0.01763 0.0320924 -0.00656218 0.000590384
internal_weight=8518 4538.32 3979.68 1608.65 2004.45 1568.16
internal_count=31070 11824 19246 3746 9181 7080
is_linear=0
shrinkage=0.05


Tree=19
num_leaves=7
num_cat=0
split_feature=35 0 36 29 36 4
split_gain=864.557 351.871 196.919 192.127 154.784 145.801
threshold=1244.207916666667 33.500000000000007 4824.6498611111119 2.5000000000000004 3970.1341666666672 2304.5000000000005
decision_type=8 10 10 2 10 10
left_child=3 5 4 -1 -3 -2
right_child=1 2 -4 -5 -6 -7
leaf_value=0.015691513580090282 -0.039653831580789833 0.0065741209712638846 -0.034282242041609796 0.049755567259711073 0.079033206770685011 -0.015916475888734679
leaf_weight=2444.3803680986166 882.71793527901173 1807.2998414635658 291.61700442433357 496.00366589426994 71.920701757073402 2440.4251697957516
leaf_count=5995 4663 7146 1428 390 165 11224
internal_value=-0.000347999 -0.0120566 0.00359626 0.0215124 0.00954961 -0.0222719
internal_weight=8434.36 5493.98 2170.84 2940.38 1879.22 3323.14
internal_count=31011 24626 8739 6385 7311 15887
is_linear=0
shrinkage=0.05


Tree=20
num_leaves=7
num_cat=0
split_feature=36 34 19 24 23 29
split_gain=732.388 333.169 233.196 178.702 136.396 119.688
threshold=3012.6204166666671 37.387361111111119 74.500000000000014 831.50000000000011 5.0353701788701182 2.5000000000000004
decision_type=8 10 8 10 10 2
left_child=1 5 4 -3 -2 -1
right_child=2 3 -4 -5 -6 -7
leaf_value=0.02017981755805312 -0.028578361182780412 -0.0029251728589045284 0.044828259740551622 0.027326266219250512 0.0053773573079558346 0.049486566177156244
leaf_weight=1495.3155280202627 2281.8963160961866 3191.7357264608145 123.85883186757565 571.18634247779846 338.01750220358372 456.02357263863087
leaf_count=861 11604 14158 479 2304 1569 254
internal_value=0.000206767 0.0104007 -0.0210038 0.00169696 -0.0241955 0.0271377
internal_weight=8458.03 5714.26 2743.77 3762.92 2619.91 1951.34
internal_count=31229 17577 13652 16462 13173 1115
is_linear=0
shrinkage=0.05


Tree=21
num_leaves=7
num_cat=0
split_feature=36 16 4 24 4 21
split_gain=712.737 294.672 238.047 173.757 159.412 156.166
threshold=2701.1322222222229 686.50000000000011 151889.50000000003 143.50000000000003 113834.50000000001 0.6250428375599727
decision_type=8 10 8 10 10 10
left_child=1 3 5 -1 -3 -2
right_child=2 4 -4 -5 -6 -7
leaf_value=-0.0067121478734123684 -0.01626032842649228 0.042166937781678876 0.040233390197007862 0.013459831074636866 0.0058808023404704314 -0.042385517913742565
leaf_weight=2162.2546902298927 1804.697011962533 896.94152674078941 145.02655707299709 2099.3501290977001 458.29253892600536 840.89760909974575
leaf_count=7690 8736 1996 545 6248 1294 4566
internal_value=-0.000559895 0.00970037 -0.0211917 0.00322909 0.029963 -0.0246285
internal_weight=8407.46 5616.84 2790.62 4261.6 1355.23 2645.59
internal_count=31075 17228 13847 13938 3290 13302
is_linear=0
shrinkage=0.05


Tree=22
num_leaves=7
num_cat=0
split_feature=35 16 29 4 3 24
split_gain=650.397 331.09 147.781 142.345 135.39 116.952
threshold=1187.8637500000002 288.50000000000006 2.5000000000000004 2535.5000000000005 5621.5000000000009 758.50000000000011
decision_type=8 8 2 10 10 8
left_child=2 3 4 -2 -1 -3
right_child=1 5 -4 -5 -6 -7
leaf_value=0.0305835475347217 -0.035014078701862551 0.0023985191642106663 0.045164679530916019 -0.012385586162457133 0.0056349762672110266 0.03574363745674497
leaf_weight=840.78108811378479 904.86846859753132 1325.3451888263226 469.51556150615215 2993.0096474885941 1531.3631584197283 323.30456794798374
leaf_count=2028 4953 5159 368 13888 3665 1058
internal_value=0.000225307 -0.0097387 0.0196566 -0.0176768 0.0145235 0.00902589
internal_weight=8388.19 5546.53 2841.66 3897.88 2372.14 1648.65
internal_count=31119 25058 6061 18841 5693 6217
is_linear=0
shrinkage=0.05


Tree=23
num_leaves=7
num_cat=0
split_feature=34 36 30 24 19 36
split_gain=613.53 363.35 198.671 142.288 118.366 140.3
threshold=63.217361111111117 3493.0963888888896 2.5000000000000004 831.50000000000011 50.500000000000007 1241.6665277777781
decision_type=8 8 2 10 8 10
left_child=2 3 4 -2 5 -1
right_child=1 -3 -4 -5 -6 -7
leaf_value=0.015153756143469485 -0.0032343686894124057 -0.024849248688541672 0.040806203220525722 0.023101724721403739 0.029988206995210345 -0.024204700104084938
leaf_weight=590.61175499856472 3299.6196082681417 2117.8779374957085 871.75793413817883 602.09227657318115 508.270408898592 360.28920571506023
leaf_count=439 14899 11888 624 2437 455 340
internal_value=0.000231926 -0.00820228 0.0219841 0.000854048 0.0106382 0.00019253
internal_weight=8350.52 6019.59 2330.93 3901.71 1459.17 950.901
internal_count=31082 29224 1858 17336 1234 779
is_linear=0
shrinkage=0.05


Tree=24
num_leaves=7
num_cat=0
split_feature=35 29 23 21 16 19
split_gain=517.087 222.573 171.758 147.207 141.013 172.952
threshold=5436.9231944444455 2.5000000000000004 5.0353701788701182 0.24332721976480745 717.50000000000011 16.500000000000004
decision_type=8 2 8 10 10 10
left_child=1 4 -2 -4 -1 -6
right_child=2 -3 3 -5 5 -7
leaf_value=0.00076057963557449901 -0.024628063400142911 0.042212330463330394 0.086600606815986969 -0.001154760399426701 0.066498093618348922 0.012121489691103118
leaf_weight=4271.4471144080162 2177.9273161590099 425.97129432857037 52.454353168606758 283.30248825252056 170.01316122710705 912.17219114303589
leaf_count=14199 12036 366 196 1368 468 2493
internal_value=-0.000592676 0.00764104 -0.0195017 0.0136246 0.0048535 0.0209307
internal_weight=8293.29 5779.6 2513.68 335.757 5353.63 1082.19
internal_count=31126 17526 13600 1564 17160 2961
is_linear=0
shrinkage=0.05


Tree=25
num_leaves=7
num_cat=0
split_feature=38 36 16 38 1 24
split_gain=492.453 308.196 163.721 176.803 159.254 100.634
threshold=1.0000000180025095e-35 3493.0963888888896 366.50000000000006 1.5000000000000002 2010.5000000000002 729.50000000000011
decision_type=2 8 8 2 10 10
left_child=1 5 3 -2 -4 -1
right_child=2 -3 4 -5 -6 -7
leaf_value=-0.003207497165094979 0.017862010355056145 -0.023081176500575881 0.049843240725909718 -0.027021039151159568 0.012952967430409851 0.0171623548074572
leaf_weight=3203.4684783667326 807.56294240057468 2090.9465963542461 622.88586775958538 295.73232306540012 556.54844607412815 742.61725363135338
leaf_count=14545 562 12019 486 281 347 3009
internal_value=-0.000105673 -0.00758639 0.0196516 0.00576372 0.0325637 0.00064279
internal_weight=8319.76 6037.03 2282.73 1103.3 1179.43 3946.09
internal_count=31249 29573 1676 843 833 17554
is_linear=0
shrinkage=0.05


Tree=26
num_leaves=7
num_cat=0
split_feature=15 36 38 3 27 21
split_gain=447.949 262.505 144.655 134.984 119.831 102.678
threshold=108.50000000000001 3493.0963888888896 1.0000000180025095e-35 48009.000000000007 2.5000000000000004 0.6002056202878685
decision_type=8 8 2 10 2 8
left_child=1 4 -2 5 -1 -3
right_child=2 3 -4 -5 -6 -7
leaf_value=-0.00077524974102014498 0.0078947945713801048 -0.015346149908696727 0.03379692661557053 0.047044348162401432 0.065834896196802259 -0.039167076443702063
leaf_weight=3899.7746911346912 1232.7763380259275 1250.450949177146 958.51487664878368 64.530597686767578 63.707505106925964 714.74072307348251
leaf_count=13763 5326 6644 687 266 26 4245
internal_value=-4.31589e-05 -0.00711701 0.0192761 -0.0217157 0.000377015 -0.0240872
internal_weight=8184.5 5993.2 2191.29 2029.72 3963.48 1965.19
internal_count=30957 24944 6013 11155 13789 10889
is_linear=0
shrinkage=0.05


Tree=27
num_leaves=7
num_cat=0
split_feature=34 37 4 12 22 37
split_gain=543.736 250.714 170.358 151.199 141.191 112.014
threshold=85.895277777777792 0.25833333333333336 2039.5000000000002 51.500000000000007 6.1578001033898904 0.39047619047619053
decision_type=8 2 10 10 8 2
left_child=4 -2 3 -3 5 -1
right_child=1 2 -4 -5 -6 -7
leaf_value=-0.0095811736351060234 -0.02780611432740894 -0.039308295801123778 0.001456278811155301 0.031616840767299745 0.056678530219222992 0.021938789207388718
leaf_weight=332.44405062496662 1180.4205544739962 463.70391221344471 4111.2345054000616 85.593565300107002 246.70008628070354 1760.6720934212208
leaf_count=345 6669 2812 18997 453 213 1602
internal_value=0.000884751 -0.00727464 -0.0020502 -0.028071 0.0212254 0.0169217
internal_weight=8180.77 5840.95 4660.53 549.297 2339.82 2093.12
internal_count=31091 28931 22262 3265 2160 1947
is_linear=0
shrinkage=0.05


Tree=28
num_leaves=7
num_cat=0
split_feature=38 36 20 25 15 34
split_gain=425.159 251.028 126.066 125.485 101.869 93.1539
threshold=1.0000000180025095e-35 3513.7331944444445 0.28897569444444449 0.26386813186813191 172.50000000000003 983.55236111111128
decision_type=2 8 10 10 8 8
left_child=1 -1 4 -4 -2 -3
right_child=2 5 3 -5 -6 -7
leaf_value=0.00050752809022713147 0.018633177905100093 0.0041186879322236587 0.028048621495609383 -0.015525869016834122 0.047446024252676341 -0.02584784666682486
leaf_weight=3953.653328448534 1141.4536989182234 304.91146659851074 260.34112553298473 432.89516018331051 421.75888021290302 1683.379450827837
leaf_count=17657 782 1652 195 371 309 10148
internal_value=0.000231419 -0.00678591 0.0186844 0.000921966 0.0265334 -0.0212536
internal_weight=8198.39 5941.94 2256.45 693.236 1563.21 1988.29
internal_count=31114 29457 1657 566 1091 11800
is_linear=0
shrinkage=0.05


Tree=29
num_leaves=7
num_cat=0
split_feature=35 16 24 23 21 36
split_gain=390.488 185.845 170.077 134.6 128.84 124.824
threshold=5507.604444444446 728.50000000000011 147.50000000000003 5.2701905684159831 0.24332721976480745 1.7748611111111112
decision_type=8 10 10 8 10 10
left_child=1 2 5 -2 -5 -1
right_child=3 -3 -4 4 -6 -7
leaf_value=-0.060901152751026068 -0.021791661809983445 0.024251581756249113 0.012131976885289317 0.085584909834127282 -0.00078588369687910588 -0.0047307682224603693
leaf_weight=98.667497500777245 2052.5333320647478 1218.8312596678734 2216.7972500175238 46.757123574614525 259.93677701056004 2188.7762359380722
leaf_count=412 11910 3058 6576 176 1350 7578
internal_value=-8.31837e-05 0.00697319 0.00227601 -0.0171793 0.0135435 -0.00728119
internal_weight=8082.3 5723.07 4504.24 2359.23 306.694 2287.44
internal_count=31060 17624 14566 13436 1526 7990
is_linear=0
shrinkage=0.05


Tree=30
num_leaves=7
num_cat=0
split_feature=38 37 36 15 4 21
split_gain=380.222 234.036 145.215 134.827 105.984 107.871
threshold=1.0000000180025095e-35 0.25833333333333336 1.7748611111111112 150.50000000000003 138948.50000000003 0.6250428375599727
decision_type=2 2 10 8 10 10
left_child=1 -1 4 -2 5 -3
right_child=3 2 -4 -5 -6 -7
leaf_value=-0.02633341307488234 0.0095403512338764224 -0.0092862137905466661 0.0033969485608076611 0.036339288582138522 0.045135250851278168 -0.043231613679567689
leaf_weight=1169.0321593433619 1470.3528601527214 676.09957756102085 3647.3918130248785 688.22236549854279 59.41530866920948 356.05760206282139
leaf_count=6806 1091 3776 16397 533 295 2258
internal_value=0.000214428 -0.00634802 -0.00139536 0.0181489 -0.0173509 -0.0211481
internal_weight=8066.57 5908 4738.96 2158.58 1091.57 1032.16
internal_count=31156 29532 22726 1624 6329 6034
is_linear=0
shrinkage=0.05


Tree=31
num_leaves=7
num_cat=0
split_feature=29 37 15 3 24 34
split_gain=327.736 278.649 155.053 108.364 107.796 99.7824
threshold=2.5000000000000004 0.25833333333333336 108.50000000000001 10066.500000000002 27.500000000000004 7621.4972222222232
decision_type=2 2 8 10 10 8
left_child=1 4 5 -4 -1 -3
right_child=-2 2 3 -5 -6 -7
leaf_value=-0.045687517757182418 0.041475239942371595 7.7491166195011536e-05 0.030991719869031976 0.0052784866727103698 -0.01393008329403353 -0.020888928158822415
leaf_weight=384.73936235904694 447.18966516852379 3891.855617672205 629.20596562325954 1165.1916650533676 873.83514986932278 659.33378884196281
leaf_count=2362 379 14514 1683 3568 4450 4086
internal_value=0.000119524 -0.0023382 0.00193001 0.0143559 -0.0237805 -0.00297952
internal_weight=8051.35 7604.16 6345.59 1794.4 1258.57 4551.19
internal_count=31042 30663 23851 5251 6812 18600
is_linear=0
shrinkage=0.05


Tree=32
num_leaves=7
num_cat=0
split_feature=37 27 24 8 0 19
split_gain=357.593 251.893 126.144 110.132 168.662 113.573
threshold=0.25833333333333336 1.0000000180025095e-35 831.50000000000011 14.500000000000002 40.500000000000007 48.500000000000007
decision_type=2 2 10 10 10 10
left_child=-1 2 3 4 -2 -5
right_child=1 -3 -4 5 -6 -7
leaf_value=-0.023552645060042961 -0.0019945485885022075 0.020514152343756583 0.019793808355683031 -0.021037027941839693 0.037252375864724352 0.00072352865230107901
leaf_weight=1289.286716029048 1479.0308478176594 1905.1611772626638 633.54556384682655 1300.4240774512291 330.7951332628727 1108.4272553473711
leaf_count=6882 7875 982 2573 6533 1524 4793
internal_value=0.000525762 0.00513386 -0.000919909 -0.00405037 0.00526177 -0.0110432
internal_weight=8046.67 6757.38 4852.22 4218.68 1809.83 2408.85
internal_count=31162 24280 23298 20725 9399 11326
is_linear=0
shrinkage=0.05


Tree=33
num_leaves=7
num_cat=0
split_feature=37 34 22 24 12 18
split_gain=327.2 266.521 147.956 157.005 141.895 138.078
threshold=0.37797619047619052 5389.8062500000005 24.457002346748819 85.500000000000014 349.50000000000006 5.5000000000000009
decision_type=2 8 8 10 10 10
left_child=-1 2 3 -2 -5 -6
right_child=1 -3 -4 4 5 -7
leaf_value=-0.01624011010337004 -0.0044229057781194755 -0.021491595178887057 0.063740209503057615 0.023495188133797348 -0.015444642793142309 0.016318256616802414
leaf_weight=2242.7031702101231 1502.2320488393307 748.10925549268723 121.91841612756252 1998.0161332041025 595.12787909805775 791.1533264964819
leaf_count=11147 5310 4605 113 5864 1823 2144
internal_value=-6.00544e-05 0.00625217 0.0104135 0.00901926 0.0149837 0.002676
internal_weight=7999.26 5756.56 5008.45 4886.53 3384.3 1386.28
internal_count=31006 19859 15254 15141 9831 3967
is_linear=0
shrinkage=0.05


Tree=34
num_leaves=7
num_cat=0
split_feature=15 34 4 36 19 30
split_gain=305.091 211.867 130.842 103.88 104.39 91.1846
threshold=1.0000000180025095e-35 14.850416666666669 1925.5000000000002 4917.4005555555568 18.500000000000004 2.5000000000000004
decision_type=10 8 10 10 10 2
left_child=-1 5 -3 -4 -5 -2
right_child=1 2 3 4 -6 -7
leaf_value=-0.030509643695374046 0.0093222701262396842 -0.026753084949530159 0.0031337233813126166 -0.0039398136079018976 -0.051420699029929386 0.031786454823318371
leaf_weight=727.17396458983421 1291.1719719320536 476.283701390028 4275.2027703076601 327.8977217823267 174.71627478301525 695.33334948122501
leaf_count=4200 631 2977 19640 2047 1107 366
internal_value=0.000249658 0.00335774 -0.00190442 0.000598033 -0.0207888 0.0172454
internal_weight=7967.78 7240.61 5254.1 4777.82 502.614 1986.51
internal_count=30968 26768 25771 22794 3154 997
is_linear=0
shrinkage=0.05


Tree=35
num_leaves=7
num_cat=0
split_feature=37 35 12 34 19 36
split_gain=271.989 180.341 126.792 114.938 130.796 114.119
threshold=0.25833333333333336 228.41652777777782 105.50000000000001 6301.748611111112 4.5000000000000009 20.552777777777781
decision_type=2 8 10 8 10 10
left_child=-1 2 -2 -3 -5 -4
right_child=1 3 5 4 -6 -7
leaf_value=-0.021426584175766174 0.043178265375956905 0.0034989048461426969 0.039996248285845498 0.0079892167886091488 -0.034180206913206154 -0.011582013944427656
leaf_weight=1238.7862761169672 454.15761964023113 4998.81787802279 157.9950994849205 304.01588668674231 454.24744308739901 309.11422426998615
leaf_count=6813 457 18355 209 1913 2866 401
internal_value=4.2433e-05 0.00403783 0.0245143 0.000742701 -0.0173313 0.00610265
internal_weight=7917.13 6678.35 921.267 5757.08 758.263 467.109
internal_count=31014 24201 1067 23134 4779 610
is_linear=0
shrinkage=0.05


Tree=36
num_leaves=7
num_cat=0
split_feature=35 24 25 12 36 21
split_gain=284.114 205.667 153.101 124.168 116.826 102.174
threshold=228.41652777777782 14.500000000000002 0.18910678971654585 3928.5000000000005 4917.4005555555568 0.65814529803052058
decision_type=8 8 10 8 10 10
left_child=5 2 -2 4 -3 -1
right_child=1 3 -4 -5 -6 -7
leaf_value=0.037009659625774509 -0.0016104619723443254 0.00075332497532011545 -0.042484423709622382 0.026403665037368435 -0.02259935691539134 0.0035401641724120214
leaf_weight=646.43519622087479 401.30777122825384 4982.5836836472154 530.15220011770725 415.98868212103844 595.02053851634264 352.58773508667946
leaf_count=685 1998 19534 3439 1441 3553 437
internal_value=0.00041596 -0.00318571 -0.024977 0.000218858 -0.00175596 0.0252736
internal_weight=7924.08 6925.05 931.46 5993.59 5577.6 999.023
internal_count=31087 29965 5437 24528 23087 1122
is_linear=0
shrinkage=0.05


Tree=37
num_leaves=7
num_cat=0
split_feature=15 29 4 36 36 24
split_gain=242.351 171.844 132.837 101.689 124.099 100.395
threshold=1.0000000180025095e-35 4.5000000000000009 2364.5000000000005 5118.1291666666675 6841.5052777777792 62.500000000000007
decision_type=8 2 8 10 10 8
left_child=-1 2 -2 -4 -5 -6
right_child=1 -3 3 4 5 -7
leaf_value=-0.028298813973734339 -0.020323769612298703 0.051467802375406428 0.0054377981179186147 -0.035765999161387084 -0.021353416658763783 0.055285789602247309
leaf_weight=688.94930574297905 633.39930848032236 170.8383214622736 5852.7031287997961 326.53759258985519 81.476104781031609 80.439810022711754
leaf_count=4196 3603 123 20290 1947 492 390
internal_value=-8.80597e-05 0.00264987 0.00141808 0.00360412 -0.0181997 0.0172365
internal_weight=7834.34 7145.39 6974.56 6341.16 488.454 161.916
internal_count=31041 26845 26722 23119 2829 882
is_linear=0
shrinkage=0.05


Tree=38
num_leaves=7
num_cat=0
split_feature=28 37 34 11 23 37
split_gain=217.902 195.001 115.398 121.873 85.6378 105.787
threshold=2.5000000000000004 0.25833333333333336 6301.748611111112 206.50000000000003 5.0353701788701182 0.37797619047619052
decision_type=2 2 8 10 8 2
left_child=1 -1 4 -4 5 -3
right_child=-2 2 3 -5 -6 -7
leaf_value=-0.019943368739088217 0.048058458978504859 -0.013173340847847534 -0.021030011907507872 0.069606489919718031 0.030569097417453728 0.0061215454415308986
leaf_weight=1175.7011909112334 225.71043311059475 836.2242089137435 703.74884564429522 34.317277774214745 295.20521861314774 4567.4308386743069
leaf_count=6810 161 3772 4562 191 780 14705
internal_value=0.000185862 -0.00126415 0.00216043 -0.0163757 0.00457333 0.00312621
internal_weight=7838.34 7612.63 6436.93 738.066 5698.86 5403.66
internal_count=30981 30820 24010 4753 19257 18477
is_linear=0
shrinkage=0.05


Tree=39
num_leaves=7
num_cat=0
split_feature=15 23 24 27 24 22
split_gain=202.481 172.441 150.005 112.124 114.72 123.356
threshold=1.0000000180025095e-35 12.99467867376177 14.500000000000002 2.5000000000000004 872.50000000000011 0.6284855873322498
decision_type=8 8 10 2 10 10
left_child=-1 2 -2 4 -4 -6
right_child=1 -3 3 -5 5 -7
leaf_value=-0.026373522319344631 -0.023537519679066712 0.045699181357245607 -0.00030174681902918874 0.060841355139050618 0.039646354622809771 0.00038463327589977238
leaf_weight=673.79557427763939 574.81807814538479 215.78412839025259 5522.5114669650793 77.769295781850815 393.88289302587509 401.56293335556984
leaf_count=4204 3104 625 20939 39 1110 1194
internal_value=-0.00026974 0.00219441 0.000815856 0.0030213 0.00226203 0.0199522
internal_weight=7860.12 7186.33 6970.54 6395.73 6317.96 795.446
internal_count=31215 27011 26386 23282 23243 2304
is_linear=0
shrinkage=0.05


Tree=40
num_leaves=7
num_cat=0
split_feature=37 34 23 24 4 22
split_gain=214.389 157.159 102.125 100.641 95.0816 88.3473
threshold=0.25833333333333336 52.826111111111125 2.5905326821396195 27.500000000000004 2183.5000000000005 0.70502090568459186
decision_type=2 8 8 10 10 10
left_child=3 2 5 -1 -3 -2
right_child=1 4 -4 -5 -6 -7
leaf_value=-0.041464875119307631 0.02813099078285072 -0.020909833003017853 0.040088549323661585 -0.0095699419645178165 0.001618205620521 0.0027391262617628806
leaf_weight=344.13597100228071 488.91456301510334 523.05375007539988 353.24167028069496 863.84478009492159 4139.629433400929 1122.0810011029243
leaf_count=2362 326 3443 257 4465 19344 837
internal_value=0.000537837 0.00407246 0.0159163 -0.0187898 -0.000928652 0.0105084
internal_weight=7834.9 6626.92 1964.24 1207.98 4662.68 1611
internal_count=31034 24207 1420 6827 22787 1163
is_linear=0
shrinkage=0.05


Tree=41
num_leaves=7
num_cat=0
split_feature=15 21 3 35 8 40
split_gain=208.017 119.799 94.1927 109.17 97.5324 131.541
threshold=82.500000000000014 0.6002056202878685 15097.500000000002 11481.93652777778 72.500000000000014 20.500000000000004
decision_type=10 10 10 10 10 2
left_child=1 2 3 -1 5 -4
right_child=-2 -3 4 -5 -6 -7
leaf_value=-0.0031123044826659339 0.012294581337885599 -0.017791267560503043 0.058567424022499426 -0.044749697184089339 -0.010245169964872611 0.0099587716100876175
leaf_weight=2555.8350293636322 2530.5083264037967 1375.6440901830792 176.6764543056488 162.8435712903738 354.69989149272442 607.68154715001583
leaf_count=10925 7646 6946 57 1210 1213 3032
internal_value=0.000538719 -0.00515193 -0.000627627 -0.00568387 0.0114126 0.0212095
internal_weight=7763.89 5233.38 3857.74 2718.68 1139.06 784.358
internal_count=31029 23383 16437 12135 4302 3089
is_linear=0
shrinkage=0.05


Tree=42
num_leaves=7
num_cat=0
split_feature=14 22 12 24 24 12
split_gain=180.849 133.384 89.3261 84.9971 110.982 102.805
threshold=1.0000000180025095e-35 35.665644235385699 26.500000000000004 872.50000000000011 1098.5000000000002 74.500000000000014
decision_type=8 8 10 10 10 10
left_child=2 3 -1 5 -5 -2
right_child=1 -3 -4 4 -6 -7
leaf_value=-0.025180291370688737 0.006358356559757976 0.053723232511817876 -0.00051790406238755294 0.040640007086209601 0.0018182946483528005 -0.0074789522822692953
leaf_weight=990.15060000866652 2739.0872218608856 121.33140590786934 582.14632371068001 302.41628839075565 460.15305352210999 2622.693040587008
leaf_count=5819 10925 250 2622 850 1321 9212
internal_value=-0.000951128 0.00286715 -0.0160796 0.00181662 0.0173785 -0.000410769
internal_weight=7817.98 6245.68 1572.3 6124.35 762.569 5361.78
internal_count=30999 22558 8441 22308 2171 20137
is_linear=0
shrinkage=0.05


Tree=43
num_leaves=7
num_cat=0
split_feature=15 22 24 36 36 4
split_gain=178.922 121.406 104.282 98.8424 92.1939 84.8276
threshold=1.0000000180025095e-35 24.457002346748819 16.500000000000004 5118.1291666666675 1.7748611111111112 141674.50000000003
decision_type=8 8 10 10 8 10
left_child=5 2 -2 4 -4 -1
right_child=1 -3 3 -5 -6 -7
leaf_value=-0.030425728700534123 -0.017917661597962969 0.045041337652807899 -0.026980322022735148 -0.018862317908017196 0.005963727093045706 0.037075443045946663
leaf_weight=604.17025085538626 658.96142625063658 154.5681509822607 215.85103841125965 476.29324655234814 5593.9234076663852 46.216838374733925
leaf_count=4052 3616 377 809 2920 19125 201
internal_value=-0.000385755 0.00192045 0.000929043 0.00291739 0.00471761 -0.0253828
internal_weight=7749.98 7099.6 6945.03 6286.07 5809.77 650.387
internal_count=31100 26847 26470 22854 19934 4253
is_linear=0
shrinkage=0.05


Tree=44
num_leaves=7
num_cat=0
split_feature=15 38 16 31 20 4
split_gain=180.917 149.799 72.0332 130.258 80.5965 71.6795
threshold=1.0000000180025095e-35 1.0000000180025095e-35 1163.5000000000002 1.5000000000000002 0.28897569444444449 2246.5000000000005
decision_type=8 2 8 2 10 10
left_child=-1 5 3 4 -3 -2
right_child=1 2 -4 -5 -6 -7
leaf_value=-0.025394291202714078 -0.01995773654268555 0.025237301281696736 0.035804287635748132 -0.01607750977513887 -0.0013634508323430658 -0.00027740012790394749
leaf_weight=637.20735999196768 510.35038357228041 921.12321637570858 310.25449246168137 376.73150683939457 410.46396371722221 4527.4331556856632
leaf_count=4224 3408 753 312 116 414 21812
internal_value=1.37209e-05 0.00232449 0.0138154 0.00972913 0.0170631 -0.00228892
internal_weight=7693.56 7056.36 2018.57 1708.32 1331.59 5037.78
internal_count=31039 26815 1595 1283 1167 25220
is_linear=0
shrinkage=0.05


Tree=45
num_leaves=7
num_cat=0
split_feature=34 35 24 4 31 12
split_gain=161.994 111.235 98.3664 109.532 100.851 97.1442
threshold=5507.9051388888902 228.41652777777782 872.50000000000011 28825.500000000004 1.5000000000000002 745.50000000000011
decision_type=8 8 8 10 2 10
left_child=1 5 4 -4 -3 -1
right_child=-2 2 3 -5 -6 -7
leaf_value=0.029305293164763865 -0.018161052273184233 -0.00052107008296770876 0.043764618791767018 0.0024300822543395243 -0.033205781785957539 -0.0065828175197416502
leaf_weight=650.54376102983952 1059.0353648662567 4860.4958471804857 253.40220920741558 423.69915063679218 243.06617344915867 262.45992903411388
leaf_count=709 7419 20448 786 1372 75 395
internal_value=-3.81024e-05 0.00284063 0.00027277 0.0181068 -0.00210871 0.0190089
internal_weight=7752.7 6693.67 5780.66 677.101 5103.56 913.004
internal_count=31204 23785 22681 2158 20523 1104
is_linear=0
shrinkage=0.05


Tree=46
num_leaves=7
num_cat=0
split_feature=37 23 34 24 35 24
split_gain=152.168 146.147 133.937 122.94 101.744 84.8657
threshold=0.73385416666666681 5.0353701788701182 10765.585138888891 28.500000000000004 3563.5772222222226 14.500000000000002
decision_type=2 8 8 10 10 10
left_child=1 2 5 -2 -5 -1
right_child=3 -3 -4 4 -6 -7
leaf_value=-0.02279838299028672 -0.036768338679942614 0.022089218584325103 -0.030746760579295675 0.014945711846879279 0.071379752796242771 -0.0014017695946829782
leaf_weight=508.68527446687222 103.60541074723005 505.23760525882244 488.34018287062645 1241.028812289238 80.958488002419472 4745.6592078730464
leaf_count=2938 512 1897 3687 3348 366 18243
internal_value=-0.00019576 -0.00356128 -0.00583524 0.0145151 0.0186577 -0.00349293
internal_weight=7673.51 6247.92 5742.68 1425.59 1321.99 5254.34
internal_count=30991 26765 24868 4226 3714 21181
is_linear=0
shrinkage=0.05


Tree=47
num_leaves=7
num_cat=0
split_feature=37 32 21 21 0 23
split_gain=159.019 133.713 103.66 90.0384 103.815 84.0773
threshold=0.25833333333333336 2.5000000000000004 0.06277844413982181 0.6002056202878685 28.500000000000004 1.1596068525254337
decision_type=2 2 10 10 10 10
left_child=-1 2 -2 -4 -5 -6
right_child=1 -3 3 4 5 -7
leaf_value=-0.017002659508267844 0.06792284555233781 0.03239862239361322 0.004697792664072116 -0.024056697834457214 0.014478691309831412 -0.01279834053559388
leaf_weight=1145.9511530846357 53.010925322771072 363.84652747958899 4291.6089283302426 673.73879850655794 554.99023938179016 565.13036122918129
leaf_count=6815 123 261 16126 3742 1902 2046
internal_value=0.000129189 0.0031592 0.00140113 0.000766372 -0.00862603 0.000720992
internal_weight=7648.28 6502.33 6138.48 6085.47 1793.86 1120.12
internal_count=31015 24200 23939 23816 7690 3948
is_linear=0
shrinkage=0.05


Tree=48
num_leaves=7
num_cat=0
split_feature=38 8 24 8 2 13
split_gain=156.741 106.054 96.5454 69.8206 121.091 84.4313
threshold=1.0000000180025095e-35 1.5000000000000002 16.500000000000004 12.500000000000002 3417.5000000000005 7.5000000000000009
decision_type=2 8 10 10 10 10
left_child=2 -2 -1 -3 -5 -6
right_child=1 3 -4 4 5 -7
leaf_value=-0.019705022858091618 -0.013045652473120837 0.035617850135938503 -0.0013835802738993328 0.030718016805687361 -0.019184237151627922 0.012600876930490477
leaf_weight=843.57519061118364 353.28417068719864 382.42366129159927 4716.487781971693 508.99944315850735 339.8126570135355 525.16129734367132
leaf_count=6002 347 283 23360 438 232 349
internal_value=0.000224889 0.0118125 -0.00417852 0.0168354 0.0114974 7.53235e-05
internal_weight=7669.74 2109.68 5560.06 1756.4 1373.97 864.974
internal_count=31011 1649 29362 1302 1019 581
is_linear=0
shrinkage=0.05


Tree=49
num_leaves=7
num_cat=0
split_feature=35 21 28 37 24 8
split_gain=114.065 112.904 90.6905 104.147 90.1126 91.2686
threshold=15925.140833333337 0.06277844413982181 2.5000000000000004 0.56385869565217395 14.500000000000002 14.500000000000002
decision_type=10 10 2 2 10 10
left_child=1 -1 3 -3 -5 -6
right_child=-2 2 -4 4 5 -7
leaf_value=0.069550393528934107 -0.040860230993452706 -0.0053573271683986555 0.03424334904011038 -0.034261524851691171 0.027256067752015785 0.0042672508127358016
leaf_weight=54.434180587530136 162.0869575291872 4392.2751525714993 187.36100635677576 121.981569185853 534.92135172337294 2168.503733843565
leaf_count=122 1389 20612 145 521 1743 6637
internal_value=-3.10248e-06 0.000911457 0.000360306 -0.000542348 0.00693909 0.00885792
internal_weight=7621.56 7459.48 7405.04 7217.68 2825.41 2703.43
internal_count=31169 29780 29658 29513 8901 8380
is_linear=0
shrinkage=0.05


Tree=50
num_leaves=7
num_cat=0
split_feature=27 35 15 21 11 31
split_gain=122.845 114.778 102.189 119.176 93.1677 76.347
threshold=2.5000000000000004 15925.140833333337 150.50000000000003 0.6002056202878685 225.50000000000003 1.5000000000000002
decision_type=2 10 8 10 10 2
left_child=1 2 3 5 -5 -1
right_child=-2 -3 -4 4 -6 -7
leaf_value=0.0034257953706401043 0.057949835954812547 -0.041748881636322656 0.012277138077585318 -0.02277011441856339 0.0032515057547986958 -0.025849419396017342
leaf_weight=4136.8278969079256 86.431969955563545 158.84479602426291 1482.4318057522178 1044.2045555412769 510.08010518550873 230.38360674679279
leaf_count=17688 52 1402 4236 5685 1907 71
internal_value=0.000340772 -0.000355472 0.000560163 -0.00238104 -0.0142474 0.00185364
internal_weight=7649.2 7562.77 7403.93 5921.5 1554.28 4367.21
internal_count=31041 30989 29587 25351 7592 17759
is_linear=0
shrinkage=0.05


Tree=51
num_leaves=7
num_cat=0
split_feature=30 37 1 24 23 21
split_gain=116.739 98.0609 83.3037 73.7467 73.3371 71.0902
threshold=2.5000000000000004 0.25833333333333336 1704.5000000000002 27.500000000000004 1.5314546612659938 0.6002056202878685
decision_type=2 2 10 10 10 10
left_child=1 3 -2 -1 -4 -3
right_child=2 5 4 -5 -6 -7
leaf_value=-0.03798140444296829 0.028399066583020216 0.0031901673849778975 -0.021869635115698824 -0.0086785319255687637 0.019916131574990479 -0.0092907826803460235
leaf_weight=294.96613955497742 541.30858570337296 3959.5636501833797 209.18044608831406 771.45874855667353 201.01741126179695 1596.9270827621222
leaf_count=2385 956 15375 377 4404 327 7313
internal_value=-0.000716877 -0.00307294 0.0156127 -0.0169229 -0.00139928 -0.000401967
internal_weight=7574.42 6622.92 951.506 1066.42 410.198 5556.49
internal_count=31137 29477 1660 6789 704 22688
is_linear=0
shrinkage=0.05


Tree=52
num_leaves=7
num_cat=0
split_feature=14 35 27 24 21 6
split_gain=119.308 87.5981 74.012 69.3912 66.9512 64.2302
threshold=27.500000000000004 15925.140833333337 2.5000000000000004 1.5000000000000002 0.6002056202878685 9.5000000000000018
decision_type=8 10 2 10 10 8
left_child=1 2 4 -2 -1 -5
right_child=3 -3 -4 5 -6 -7
leaf_value=-0.00048412355879005707 0.051574218279086814 -0.043880908559386353 0.055608027667719287 0.016159461543567646 -0.01403712772011804 0.00017731465523448744
leaf_weight=3522.1262752115726 86.22574745118618 132.12225736677647 47.683862447738647 1109.8622608929873 1224.4367963820696 1441.7261547073722
leaf_count=15089 190 1259 26 3634 6312 4527
internal_value=0.000122109 -0.00447193 -0.00334129 0.00869414 -0.00399139 0.00714706
internal_weight=7564.18 4926.37 4794.25 2637.81 4746.56 2551.59
internal_count=31037 22686 21427 8351 21401 8161
is_linear=0
shrinkage=0.05


Tree=53
num_leaves=7
num_cat=0
split_feature=35 4 2 12 34 35
split_gain=140.327 127.625 118.542 118.195 98.0966 120.574
threshold=1187.8637500000002 2364.5000000000005 2606.5000000000005 20.500000000000004 1884.196388888889 7162.311111111112
decision_type=8 8 10 10 10 10
left_child=2 3 -1 -2 -5 -6
right_child=1 -3 -4 4 5 -7
leaf_value=0.023748451970064057 -0.03956970448963109 -0.00093099656221341592 0.0017086274550661255 -0.018257126785952597 0.099131973508073318 -0.024707940388228242
leaf_weight=996.79349704831839 434.35368873924017 4292.2171436026692 1562.5058521404862 149.94413452595472 43.764025203883648 30.157921634614468
leaf_count=2348 3368 20222 3663 904 284 251
internal_value=0.00082772 -0.00408627 0.0103222 -0.0244995 0.00496605 0.0502445
internal_weight=7509.74 4950.44 2559.3 658.22 223.866 73.9219
internal_count=31040 25029 6011 4807 1439 535
is_linear=0
shrinkage=0.05


Tree=54
num_leaves=7
num_cat=0
split_feature=37 34 11 8 23 16
split_gain=114.526 91.3762 117.702 82.6923 80.5226 71.441
threshold=0.37797619047619052 5507.9051388888902 363.50000000000006 6.5000000000000009 5.0353701788701182 958.50000000000011
decision_type=2 8 10 10 10 10
left_child=4 5 3 -3 -1 -2
right_child=1 2 -4 -5 -6 -7
leaf_value=-0.012430365713958013 0.0036598615896714527 0.0083990460148980796 0.074867596570077494 -0.030198258489713983 0.031800393015081058 0.020598592122197671
leaf_weight=1914.2412483170629 4093.9381884410977 198.89348598569632 30.962007999420166 440.481819011271 104.01692816615105 729.88240000605583
leaf_count=10826 13366 1377 181 3122 363 1881
internal_value=9.32667e-05 0.00383535 -0.0133976 -0.0182196 -0.0100778 0.0062415
internal_weight=7512.42 5494.16 670.337 639.375 2018.26 4823.82
internal_count=31116 19927 4680 4499 11189 15247
is_linear=0
shrinkage=0.05


Tree=55
num_leaves=7
num_cat=0
split_feature=34 23 2 16 2 24
split_gain=106.026 103.311 123.253 126.082 98.1684 78.987
threshold=63.217361111111117 1.5825191150864963 3761.5000000000005 199.50000000000003 6527.5000000000009 13.500000000000002
decision_type=8 10 10 10 10 10
left_child=1 2 3 -1 -4 -2
right_child=5 -3 4 -5 -6 -7
leaf_value=-0.010159241544421729 -0.019882932172906514 0.02576290678651726 -0.040040001703722745 0.034239955381262274 -0.00016459041885584237 -0.0012189541543221924
leaf_weight=254.56626209616661 637.68088120222092 679.19054336845875 215.51395012438297 416.66416250169277 514.54095794260502 4813.0039907097816
leaf_count=224 4926 606 191 341 502 24334
internal_value=0.000246983 0.00983594 0.00205213 0.0174508 -0.0121282 -0.00341869
internal_weight=7531.16 2080.48 1401.29 671.23 730.055 5450.68
internal_count=31124 1864 1258 565 693 29260
is_linear=0
shrinkage=0.05


Tree=56
num_leaves=7
num_cat=0
split_feature=23 24 24 24 8 25
split_gain=99.4584 107.075 108.669 82.1891 95.2256 201.172
threshold=5.936436594464511 872.50000000000011 1098.5000000000002 14.500000000000002 12.500000000000002 0.77772430756068889
decision_type=10 10 10 10 10 10
left_child=1 3 -3 -1 5 -5
right_child=-2 2 -4 4 -6 -7
leaf_value=-0.019412143607948129 0.022976529536022167 0.039887851018714712 0.001100394719780807 0.01477371846219127 -0.0065181402746665486 -0.021207104756049071
leaf_weight=700.83558498322964 446.6688641756773 296.05498391389847 451.96584598720074 1730.8668834045529 3449.9558369442821 495.77334223687649
leaf_count=4770 1691 883 1368 7443 12651 2272
internal_value=0.00022339 -0.00121803 0.0166148 -0.00332106 -0.00131911 0.00673283
internal_weight=7572.12 7125.45 748.021 6377.43 5676.6 2226.64
internal_count=31078 29387 2251 27136 22366 9715
is_linear=0
shrinkage=0.05


Tree=57
num_leaves=7
num_cat=0
split_feature=23 37 36 36 37 34
split_gain=115.051 122.261 103.062 80.05 89.1208 96.584
threshold=5.936436594464511 0.56125000000000014 5.0402777777777787 1.7748611111111112 0.53708791208791218 9805.7581944444464
decision_type=8 2 10 8 2 8
left_child=1 3 -3 -1 5 -5
right_child=-2 2 -4 4 -6 -7
leaf_value=-0.039662026215464052 0.024223435907018233 0.051826541610768939 0.0038211544169501734 -0.00061888256974351166 -0.031627135599049019 -0.024321802712468778
leaf_weight=181.24125863611698 437.44962080568075 111.4802712649107 2824.8801584616303 3132.9712972790003 309.52616010606289 493.15693948417902
leaf_count=754 1654 277 8739 14216 1314 4054
internal_value=-0.000510232 -0.00206031 0.0057287 -0.007616 -0.0060918 -0.00387155
internal_weight=7490.71 7053.26 2936.36 4116.9 3935.65 3626.13
internal_count=31008 29354 9016 20338 19584 18270
is_linear=0
shrinkage=0.05


Tree=58
num_leaves=7
num_cat=0
split_feature=35 16 8 4 36 23
split_gain=108.784 86.6378 106.834 90.8884 81.4281 71.1196
threshold=15925.140833333337 958.50000000000011 32.500000000000007 220095.00000000003 960.37930555555567 5.0353701788701182
decision_type=10 8 10 10 8 10
left_child=1 5 -3 4 -4 -1
right_child=-2 2 3 -5 -6 -7
leaf_value=-0.0029353790085207905 -0.043870918179044927 0.052881588660117676 0.025149019601420478 -0.042023275289513849 -0.017520337062460214 0.018357875751416657
leaf_weight=6093.8913107290864 136.84159483760595 151.87815054506063 415.91009727120399 78.444190695881844 148.23003762960434 414.12093031406403
leaf_count=25803 1383 410 1033 264 561 1703
internal_value=-0.000502518 0.000339627 0.0158734 0.00678558 0.0138821 -0.00156738
internal_weight=7439.32 7302.47 794.462 642.584 564.14 6508.01
internal_count=31157 29774 2268 1858 1594 27506
is_linear=0
shrinkage=0.05


Tree=59
num_leaves=7
num_cat=0
split_feature=28 24 21 11 34 37
split_gain=81.9032 76.6204 84.7402 74.5709 67.5664 65.7089
threshold=2.5000000000000004 14.500000000000002 0.39146178768820289 232.50000000000003 328.91430555555559 0.7386128364389235
decision_type=2 8 8 8 10 2
left_child=1 2 4 5 -1 -3
right_child=-2 3 -4 -5 -6 -7
leaf_value=0.072102473690268037 0.031931454560315618 -0.0043587902452990046 -0.020930076470681267 0.013858525507700262 -0.020429701297062189 0.0095541642109960995
leaf_weight=41.955263465642929 183.52670710533857 4535.1402787938714 742.69075431674719 880.61384420841932 30.957191191613674 1038.8602200075984
leaf_count=171 157 19383 4966 2774 296 3206
internal_value=-0.000606175 -0.00144892 -0.0158398 0.000380362 0.0340253 -0.00175951
internal_weight=7453.74 7270.22 815.603 6454.61 72.9125 5574
internal_count=30953 30796 5433 25363 467 22589
is_linear=0
shrinkage=0.05


Tree=60
num_leaves=7
num_cat=0
split_feature=21 4 12 4 8 35
split_gain=96.5449 104.588 103.888 104.305 116.277 77.5133
threshold=0.06277844413982181 2364.5000000000005 25.500000000000004 1075.0000000000002 1.5000000000000002 1262.8493055555557
decision_type=10 10 10 10 10 8
left_child=-1 2 5 4 -4 -2
right_child=1 -3 3 -5 -6 -7
leaf_value=0.061390790793972222 0.028805657433549903 0.002110551186944767 -0.0005963783250281814 -0.024918151935403598 0.090162504898325016 -0.038357616600717542
leaf_weight=59.845094226300716 44.108097188174725 6621.1053864136338 87.4115279763937 130.26769730448723 54.110950872302055 424.35069573670626
leaf_count=168 91 25876 503 700 280 3483
internal_value=0.000648408 0.00011326 -0.0176457 0.00687834 0.0359977 -0.0317964
internal_weight=7421.2 7361.35 740.249 271.79 141.522 468.459
internal_count=31101 30933 5057 1483 783 3574
is_linear=0
shrinkage=0.05


Tree=61
num_leaves=7
num_cat=0
split_feature=29 15 9 36 24 12
split_gain=121.042 84.9651 79.086 60.0581 56.185 53.8991
threshold=2.5000000000000004 1.0000000180025095e-35 1386.0000000000002 1.7748611111111112 131.50000000000003 13.500000000000002
decision_type=2 8 8 8 10 10
left_child=1 4 3 -3 5 -1
right_child=-2 2 -4 -5 -6 -7
leaf_value=-0.034385053163623697 0.02967882007030517 -0.027779837971075624 0.048803471379821578 0.0002351599260385549 0.039398086774438477 -8.9753018286656456e-05
leaf_weight=373.09992826730013 318.32271374017 192.21656729280949 77.002302452921867 6381.798395127058 32.927810147404671 164.40697006136179
leaf_count=3000 382 784 174 25651 100 1097
internal_value=-0.000251936 -0.00159091 3.79683e-06 -0.000604456 -0.020023 -0.0239927
internal_weight=7539.77 7221.45 6651.02 6574.01 570.435 537.507
internal_count=31188 30806 26609 26435 4197 4097
is_linear=0
shrinkage=0.05


Tree=62
num_leaves=7
num_cat=0
split_feature=35 21 29 4 12 4
split_gain=95.6289 81.6642 75.1034 55.4462 101.903 127.09
threshold=15925.140833333337 0.06277844413982181 2.5000000000000004 2364.5000000000005 25.500000000000004 1075.0000000000002
decision_type=10 10 2 10 10 10
left_child=1 -1 3 4 -3 -6
right_child=-2 2 -4 -5 5 -7
leaf_value=0.05752989791431911 -0.042634428119264101 -0.029786736979627571 0.023129836651152008 -0.00047751109430267647 0.042085959632531283 -0.027361585788053835
leaf_weight=55.301827400922775 131.64767403900623 439.66797568649054 306.22421327233315 6221.6769990175962 135.72711572796106 119.19898246228695
leaf_count=127 1406 3357 359 24371 672 667
internal_value=-0.00119393 -0.00041556 -0.000898734 -0.00197856 -0.0153244 0.00971182
internal_weight=7409.44 7277.8 7222.5 6916.27 694.594 254.926
internal_count=30959 29553 29426 29067 4696 1339
is_linear=0
shrinkage=0.05


Tree=63
num_leaves=7
num_cat=0
split_feature=15 21 22 40 21 23
split_gain=84.862 117.531 79.8775 91.2982 79.1538 73.9365
threshold=148.50000000000003 0.6002056202878685 1.274442071831497 10.500000000000002 0.98679487179487191 5.0353701788701182
decision_type=8 10 10 2 10 8
left_child=1 2 -1 -4 -3 -2
right_child=5 4 3 -5 -6 -7
leaf_value=-0.0022727673975645834 0.0071643500978241584 -0.017870941364739566 0.059312668574153599 0.008686334171376188 0.017890035048916727 0.041633186179738213
leaf_weight=3094.525837212801 1343.0886925756931 1375.0724470838904 91.35926365852356 1223.8295718804002 170.23085925728083 171.54570104181767
leaf_count=13234 3945 7395 29 5381 689 392
internal_value=0.000645499 -0.0020442 0.00211675 0.0124144 -0.0138865 0.0111924
internal_weight=7469.65 5955.02 4409.71 1315.19 1545.3 1514.63
internal_count=31065 26728 18644 5410 8084 4337
is_linear=0
shrinkage=0.05


Tree=64
num_leaves=7
num_cat=0
split_feature=15 28 24 24 8 18
split_gain=78.2967 61.9706 56.7166 63.7712 57.6594 89.8115
threshold=1.0000000180025095e-35 2.5000000000000004 872.50000000000011 1076.5000000000002 12.500000000000002 29.500000000000004
decision_type=10 2 10 10 10 10
left_child=-1 2 4 -4 -2 -6
right_child=1 -3 3 -5 5 -7
leaf_value=-0.018101279192856146 0.0047317006020794056 0.029890188107661305 0.032555480333154009 0.0022133265605008686 -0.0096144749131661517 0.0093412368599754825
leaf_weight=565.89385665208101 2399.2167881429195 177.82326032221317 269.20558422803879 472.15051889419556 2736.4882196784019 805.00482861697674
leaf_count=4220 10920 166 824 1430 11161 2326
internal_value=-0.000309764 0.00117003 0.00038395 0.0133756 -0.0012472 -0.00529862
internal_weight=7425.78 6859.89 6682.07 741.356 5940.71 3541.49
internal_count=31047 26827 26661 2254 24407 13487
is_linear=0
shrinkage=0.05


Tree=65
num_leaves=7
num_cat=0
split_feature=35 21 27 15 31 4
split_gain=88.4413 85.164 73.1074 61.2582 94.7902 58.4862
threshold=15925.140833333337 0.06277844413982181 2.5000000000000004 164.50000000000003 1.5000000000000002 202207.00000000003
decision_type=10 10 2 10 2 10
left_child=1 -1 3 4 5 -3
right_child=-2 2 -4 -5 -6 -7
leaf_value=0.059251337944528318 -0.041547623303011788 -0.0033542326637663426 0.046145146887133871 0.0084454782581001361 -0.030631799908888535 0.017989657232610225
leaf_weight=54.441852994263172 127.66070395708084 5260.625645853579 76.859923399984837 1296.5439170897007 301.12040500342846 336.84254437685013
leaf_count=122 1428 24476 54 3808 96 1176
internal_value=-0.00108722 -0.000354353 -0.000840996 -0.00137461 -0.00353844 -0.0020549
internal_weight=7454.09 7326.43 7271.99 7195.13 5898.59 5597.47
internal_count=31160 29732 29610 29556 25748 25652
is_linear=0
shrinkage=0.05


Tree=66
num_leaves=7
num_cat=0
split_feature=37 21 24 31 19 19
split_gain=95.6148 67.4168 65.0201 72.3758 58.2075 84.1357
threshold=0.25833333333333336 0.06277844413982181 27.500000000000004 1.5000000000000002 19.500000000000004 3.5000000000000004
decision_type=2 10 10 2 10 10
left_child=2 -2 -1 4 5 -4
right_child=1 -3 3 -5 -6 -7
leaf_value=-0.035075029726559605 0.05487750725810308 0.0018546707101573428 -0.010912759476396283 -0.06748902750668484 -0.029385674024932047 0.027191107479454874
leaf_weight=264.54303868114948 55.534324906766415 6302.9975406080484 356.91075693815947 40.97333225607872 157.23609818518162 236.75361377745867
leaf_count=2422 130 24092 2181 14 1003 1272
internal_value=4.32607e-05 0.00236052 -0.0138496 -0.00658324 -0.00283544 0.00438326
internal_weight=7414.95 6358.53 1056.42 791.874 750.9 593.664
internal_count=31114 24222 6892 4470 4456 3453
is_linear=0
shrinkage=0.05


Tree=67
num_leaves=7
num_cat=0
split_feature=27 35 21 36 4 36
split_gain=79.4748 60.8133 64.3868 59.6616 55.947 84.9234
threshold=2.5000000000000004 15925.140833333337 0.06277844413982181 1.4283333333333335 2364.5000000000005 133.43680555555559
decision_type=2 10 10 8 10 8
left_child=1 2 -1 -4 5 -5
right_child=-2 -3 3 4 -6 -7
leaf_value=0.053198914984956769 0.053412547871399207 -0.034187899688690626 -0.035975453844287415 0.049173255831244315 0.0024643839057676667 -0.017514447838233565
leaf_weight=53.288238510489464 66.007646292448044 120.9250378832221 105.77529814094305 46.814987316727638 6363.6324378177524 631.79673442989588
leaf_count=122 52 1397 441 119 24407 4538
internal_value=0.000769999 0.000259319 0.000861079 0.000433989 0.001006 -0.0125879
internal_weight=7388.24 7322.23 7201.31 7148.02 7042.24 678.612
internal_count=31076 31024 29627 29505 29064 4657
is_linear=0
shrinkage=0.05


Tree=68
num_leaves=7
num_cat=0
split_feature=15 12 4 19 36 27
split_gain=60.3357 60.6999 76.879 69.9183 63.0174 52.7095
threshold=1.0000000180025095e-35 13.500000000000002 134456.00000000003 4.5000000000000009 5778.1483333333344 2.5000000000000004
decision_type=8 10 10 10 8 2
left_child=1 2 -1 4 -3 -2
right_child=5 3 -4 -5 -6 -7
leaf_value=-0.036524505818636602 2.2967499707201683e-05 0.0035482233146285945 0.028269140997542526 -0.040010145997905082 0.079695376892665815 0.043145995165738443
leaf_weight=327.39613626152277 6699.7175999209285 84.383608132600784 49.317602925002575 48.538322024047375 35.426997303962708 66.619098551571369
leaf_count=2883 26849 589 212 328 219 51
internal_value=-0.000815169 -0.0167402 -0.0277828 0.00805844 0.0283549 0.000479088
internal_weight=7311.4 545.063 376.714 168.349 119.811 6766.34
internal_count=31131 4231 3095 1136 808 26900
is_linear=0
shrinkage=0.05


Tree=69
num_leaves=7
num_cat=0
split_feature=28 4 30 21 36 36
split_gain=110.715 72.1064 93.5467 71.7122 59.3971 132.441
threshold=2.5000000000000004 2183.5000000000005 2.5000000000000004 0.41688948306595369 47.087083333333339 237.7490277777778
decision_type=2 8 2 10 8 8
left_child=1 2 3 -1 -3 -6
right_child=-2 4 -4 -5 5 -7
leaf_value=-0.0076020959983995971 0.040223110743451682 -0.011213168150557151 0.060183275008852705 -0.042375655983712214 0.025427768890632998 -6.8821971771476002e-05
leaf_weight=382.73472671955824 161.55178610235453 909.74912294745445 32.619083940982819 239.94430641084909 562.33475226908922 4981.4087594226003
leaf_count=2401 160 3162 53 2253 1492 21348
internal_value=-7.39972e-05 -0.0010174 -0.0167549 -0.0212326 0.000592344 0.00253803
internal_weight=7270.34 7108.79 655.298 622.679 6453.49 5543.74
internal_count=30869 30709 4707 4654 26002 22840
is_linear=0
shrinkage=0.05


Tree=70
num_leaves=7
num_cat=0
split_feature=37 23 36 37 38 3
split_gain=72.7489 91.7948 76.0917 101.241 77.6306 69.0261
threshold=0.73385416666666681 5.0353701788701182 1414.2820833333335 0.76123407109322605 1.5000000000000002 480.50000000000006
decision_type=2 8 10 2 2 10
left_child=1 -1 3 -2 5 -5
right_child=2 -3 -4 4 -6 -7
leaf_value=-0.0042129299106760205 0.030968593276212226 0.018302781840490563 0.044466342639539254 -0.050770661466070323 0.037664980186228512 -0.0023070667738088581
leaf_weight=5455.6091051250696 307.67197854816914 488.65793797373772 141.31388565152884 76.388824671506882 104.98469811677933 761.44460895657539
leaf_count=24736 778 1928 383 488 145 2501
internal_value=6.28482e-05 -0.00234816 0.0103316 0.00631242 -0.00185461 -0.00700068
internal_weight=7336.07 5944.27 1391.8 1250.49 942.818 837.833
internal_count=30959 26664 4295 3912 3134 2989
is_linear=0
shrinkage=0.05


Tree=71
num_leaves=7
num_cat=0
split_feature=37 14 16 0 8 34
split_gain=65.7224 54.9386 74.4115 88.3175 63.9443 86.8415
threshold=0.93933823529411775 1.0000000180025095e-35 42.500000000000007 28.500000000000004 2.5000000000000004 6167.0768055555573
decision_type=2 8 10 8 10 8
left_child=1 -1 3 -3 5 -4
right_child=-2 2 4 -5 -6 -7
leaf_value=-0.0091335279841429536 0.054603937177727081 0.0056672945082012014 -0.018236184853682509 0.046126952347357343 0.002324092266896755 0.033019975213016271
leaf_weight=1394.1442034766078 50.07181204855442 447.03050760924816 750.9121035784483 189.23278519511223 4443.308684438467 88.164006218314171
leaf_count=8425 121 2345 3327 713 15565 625
internal_value=0.000187133 -0.000222522 0.00188241 0.0179663 -7.00535e-05 -0.0126869
internal_weight=7362.86 7312.79 5918.65 636.263 5282.38 839.076
internal_count=31121 31000 22575 3058 19517 3952
is_linear=0
shrinkage=0.05


Tree=72
num_leaves=7
num_cat=0
split_feature=21 23 16 16 12 23
split_gain=82.3381 108.587 85.2851 87.5941 200.268 82.8436
threshold=0.57933578253010642 1.2306355165679366 540.50000000000011 42.500000000000007 61.500000000000007 2.5905326821396195
decision_type=10 10 8 10 10 10
left_child=-1 2 3 4 -2 -3
right_child=1 5 -4 -5 -6 -7
leaf_value=0.0042550177407399215 -0.024374949541340007 -0.031037550485996535 0.022747765010175849 -0.015806560477279127 0.05827853161344846 -0.0018481993117521859
leaf_weight=5066.805503886193 141.77699489146471 604.18930763751268 365.53187276422977 642.38447095453739 142.23547269403934 405.58466487377882
leaf_count=20268 1451 2827 1080 3101 634 1802
internal_value=0.000693411 -0.00713909 0.00246647 -0.00561515 0.0173106 -0.0193803
internal_weight=7368.51 2301.7 1291.93 926.397 284.012 1009.77
internal_count=31163 10895 6266 5186 2085 4629
is_linear=0
shrinkage=0.05


Tree=73
num_leaves=7
num_cat=0
split_feature=38 35 8 36 36 25
split_gain=70.096 64.2064 77.2614 76.2572 195.411 68.5487
threshold=1.0000000180025095e-35 15925.140833333337 12.500000000000002 5118.1291666666675 3317.0227777777786 0.80859615516179806
decision_type=2 10 10 10 10 10
left_child=1 2 5 4 -4 -1
right_child=-2 -3 3 -5 -6 -7
leaf_value=0.010474897721431705 0.0089472941435065536 -0.038436096598029573 -0.0064286868584553852 -0.036971048993149437 0.071849660546562638 -0.011801291209213501
leaf_weight=1730.3876253031194 1985.432994812727 113.46903897821903 2851.2138701416552 184.77990053594112 77.031877972185612 426.72259048372507
leaf_count=10590 1663 1401 13614 1309 409 2247
internal_value=0.000929548 -0.00203289 -0.00121342 -0.00624886 -0.00425049 0.00605109
internal_weight=7369.04 5383.6 5270.14 3113.03 2928.25 2157.11
internal_count=31233 29570 28169 15332 14023 12837
is_linear=0
shrinkage=0.05


Tree=74
num_leaves=7
num_cat=0
split_feature=4 8 19 20 16 34
split_gain=56.3684 70.2349 93.4538 83.6822 117.4 101.849
threshold=2364.5000000000005 12.500000000000002 6.5000000000000009 0.73653699466056455 41.500000000000007 7261.373611111112
decision_type=8 10 8 10 10 8
left_child=-1 2 3 4 -2 -6
right_child=1 -3 -4 -5 5 -7
leaf_value=-0.014004812631333638 0.021552161190146149 -0.0030592340226012144 0.03292528194872868 -0.037992856647237207 -0.0072533112132983765 0.050918577458278727
leaf_weight=703.09910842776299 758.56460107117891 4196.329371906817 312.69680789113045 108.38103584572673 1141.2641301378608 75.550226993858814
leaf_count=5073 3525 15061 999 1029 4907 445
internal_value=-0.000599009 0.000840206 0.00766049 0.00379943 0.00618253 -0.00344791
internal_weight=7295.89 6592.79 2396.46 2083.76 1975.38 1216.81
internal_count=31039 25966 10905 9906 8877 5352
is_linear=0
shrinkage=0.05


end of trees

feature_importances:
n_dying_ch=52
ev_h_since_prev=46
ev_gap_last=35
ev_relapse_rate=33
n_rows_28d=28
n_alarm_28d=26
act_share_7d=25
ev_h_since_inc=21
n_undef_28d=19
rate_28d=19
n_alarm_7d=17
ev_open_ch=14
n_bad_28d=13
ev_inc_168h=13
n_ch_bad_28d=10
ev_inc_24h=8
ev_inc_672h=8
n_rows_3d=7
rate_7d=7
ev_inc_72h=7
n_active_ch=6
n_rows_7d=6
dying_share=5
ev_fail_3h=5
n_undef_7d=4
n_alarm_3d=3
act_share_1d=3
n_rows_1d=2
n_ch_bad_7d=2
hour=2
n_bad_3d=1
n_undef_1d=1
n_alarm_1d=1
ev_fail_24h=1

parameters:
[boosting: gbdt]
[objective: binary]
[metric: average_precision]
[tree_learner: serial]
[device_type: cpu]
[data_sample_strategy: bagging]
[data: ]
[valid: ]
[num_iterations: 2000]
[learning_rate: 0.05]
[num_leaves: 7]
[num_threads: 6]
[seed: 62]
[deterministic: 1]
[force_col_wise: 1]
[force_row_wise: 0]
[histogram_pool_size: -1]
[max_depth: -1]
[min_data_in_leaf: 200]
[min_sum_hessian_in_leaf: 0.001]
[bagging_fraction: 0.8]
[pos_bagging_fraction: 1]
[neg_bagging_fraction: 1]
[bagging_freq: 1]
[bagging_seed: 18760]
[bagging_by_query: 0]
[feature_fraction: 0.8]
[feature_fraction_bynode: 1]
[feature_fraction_seed: 19802]
[extra_trees: 0]
[extra_seed: 25878]
[early_stopping_round: 0]
[early_stopping_min_delta: 0]
[first_metric_only: 1]
[max_delta_step: 0]
[lambda_l1: 0]
[lambda_l2: 5]
[linear_lambda: 0]
[min_gain_to_split: 0]
[drop_rate: 0.1]
[max_drop: 50]
[skip_drop: 0.5]
[xgboost_dart_mode: 0]
[uniform_drop: 0]
[drop_seed: 14704]
[top_rate: 0.2]
[other_rate: 0.1]
[min_data_per_group: 100]
[max_cat_threshold: 32]
[cat_l2: 10]
[cat_smooth: 10]
[max_cat_to_onehot: 4]
[top_k: 20]
[monotone_constraints: ]
[monotone_constraints_method: basic]
[monotone_penalty: 0]
[feature_contri: ]
[forcedsplits_filename: ]
[refit_decay_rate: 0.9]
[cegb_tradeoff: 1]
[cegb_penalty_split: 0]
[cegb_penalty_feature_lazy: ]
[cegb_penalty_feature_coupled: ]
[path_smooth: 0]
[interaction_constraints: ]
[verbosity: -1]
[saved_feature_importance_type: 0]
[use_quantized_grad: 0]
[num_grad_quant_bins: 4]
[quant_train_renew_leaf: 0]
[stochastic_rounding: 1]
[linear_tree: 0]
[max_bin: 255]
[max_bin_by_feature: ]
[min_data_in_bin: 3]
[bin_construct_sample_cnt: 200000]
[data_random_seed: 241]
[is_enable_sparse: 1]
[enable_bundle: 1]
[use_missing: 1]
[zero_as_missing: 0]
[feature_pre_filter: 1]
[pre_partition: 0]
[two_round: 0]
[header: 0]
[label_column: ]
[weight_column: ]
[group_column: ]
[ignore_column: ]
[categorical_feature: ]
[forcedbins_filename: ]
[precise_float_parser: 0]
[parser_config_file: ]
[objective_seed: 25766]
[num_class: 1]
[is_unbalance: 0]
[scale_pos_weight: 1]
[sigmoid: 1]
[boost_from_average: 1]
[reg_sqrt: 0]
[alpha: 0.9]
[fair_c: 1]
[poisson_max_delta_step: 0.7]
[tweedie_variance_power: 1.5]
[lambdarank_truncation_level: 30]
[lambdarank_norm: 1]
[label_gain: ]
[lambdarank_position_bias_regularization: 0]
[eval_at: ]
[multi_error_top_k: 1]
[auc_mu_weights: ]
[num_machines: 1]
[local_listen_port: 12400]
[time_out: 120]
[machine_list_filename: ]
[machines: ]
[gpu_platform_id: -1]
[gpu_device_id: -1]
[gpu_use_dp: 0]
[num_gpu: 1]

end of parameters

pandas_categorical:[]
