tree
version=v4
num_class=1
num_tree_per_iteration=1
label_index=0
max_feature_idx=41
objective=binary sigmoid:1
feature_names=n_active_ch n_rows_1d n_rows_3d n_rows_7d n_rows_28d n_bad_1d n_bad_3d n_bad_7d n_bad_28d n_undef_1d n_undef_3d n_undef_7d n_undef_28d n_alarm_1d n_alarm_3d n_alarm_7d n_alarm_28d n_ch_bad_1d n_ch_bad_7d n_ch_bad_28d act_share_1d act_share_7d rate_7d rate_28d n_dying_ch dying_share ev_inc_6h ev_inc_24h ev_inc_72h ev_inc_168h ev_inc_672h ev_fail_3h ev_fail_24h ev_fail_168h ev_h_since_inc ev_h_since_prev ev_gap_last ev_relapse_rate ev_open_ch is_rearm hour dow
feature_infos=[0:1459] [0:200094] [0:575548] [0:1039472] [0:3446064] [0:32012] [0:32027] [0:32027] [0:32057] [0:37262] [0:71955] [0:122355] [0:165289] [0:32013] [0:32065] [0:32176] [0:33059] [0:383] [0:947] [0:1109] [0:1] [0.0054644808743169399:1] [0:52] [0:13] [0:1420] [0:1] [0:3] [0:7] [0:11] [0:18] [0:25] [0:191] [0:561] [0:1165] [1:22977.983611111111] [2.0238888888888891:28233.218888888889] [1.0238888888888888:21790.846388888887] [0.090909090909090912:0.96551724137931039] [0:195] [0:1] [0:23] [0:6]
tree_sizes=888 901 898 906 903 904 898 896 903 903 899 897 902 901 895 900 906 900 899 900 902 903 904 895 905 905 902 902 904 907 909 900 905 905 895 909 904 905 911 908 908 905 904 908 914 902 905 906 903 906 902 902 911 901 902 898 901 907 911 911 892 900

Tree=0
num_leaves=7
num_cat=0
split_feature=35 35 24 16 24 30
split_gain=5037.69 1139.34 484.875 404.419 364.398 281.066
threshold=2440.2983333333336 205.22361111111113 120.50000000000001 706.50000000000011 872.50000000000011 2.5000000000000004
decision_type=8 10 10 10 10 2
left_child=1 5 -2 4 -3 -1
right_child=2 3 -4 -5 -6 -7
leaf_value=-0.50331185012648161 -0.58714482201197493 -0.53583813015418258 -0.55160858162376591 -0.4850496431644139 -0.48279294742638557 -0.44190329743367163
leaf_weight=259.13644111156464 3618.6137113571167 2103.0723007917404 1309.3943268060684 716.05323934555054 378.13002920150757 756.95730078220367
leaf_count=303 14758 6697 5200 2227 1193 709
internal_value=-0.543415 -0.503298 -0.57772 -0.518032 -0.527648 -0.457291
internal_weight=9141.36 4213.35 4928.01 3197.26 2481.2 1016.09
internal_count=31087 11129 19958 10117 7890 1012
is_linear=0
shrinkage=1


Tree=1
num_leaves=7
num_cat=0
split_feature=35 35 24 16 35 12
split_gain=4512.15 1026.98 464.456 383.913 246.027 239.138
threshold=2629.6495833333338 228.41652777777782 102.50000000000001 346.50000000000006 1187.8637500000002 21.500000000000004
decision_type=8 10 10 10 10 10
left_child=1 -1 5 4 -3 -2
right_child=2 3 -4 -5 -6 -7
leaf_value=0.079020332677767147 -0.055234805617603522 0.027653072980333884 -0.010004005345186853 0.040638649895056944 -0.010301871895933462 -0.027683426836087523
leaf_weight=1084.1178225725889 1913.7691481113434 763.40631709992886 1475.7247373908758 1592.6771445572376 956.60275407135487 1367.699667930603
leaf_count=1113 8054 2167 5841 4970 3533 5564
internal_value=0.000385996 0.0368786 -0.0333454 0.0229889 0.00657532 -0.0438111
internal_weight=9154 4396.8 4757.19 3312.69 1720.01 3281.47
internal_count=31242 11783 19459 10670 5700 13618
is_linear=0
shrinkage=0.05


Tree=2
num_leaves=7
num_cat=0
split_feature=35 16 35 36 16 36
split_gain=4180.09 820.106 500.48 316.462 302.724 264.658
threshold=1309.4962500000004 288.50000000000006 110.55194444444446 3493.0963888888896 706.50000000000011 4824.6498611111119
decision_type=8 10 10 8 10 10
left_child=2 3 -1 -2 -4 -3
right_child=1 5 4 -5 -6 -7
leaf_value=0.081102474534135771 -0.019437928502278604 0.014954503827179558 0.023459397373034922 -0.046095035569401678 0.065397085096799534 -0.051328155048934371
leaf_weight=844.11569941043854 1993.0049841403961 1376.000260040164 1519.3967718183994 2552.5007048398256 601.49835060536861 164.11918430030346
leaf_count=614 8054 5202 4391 10545 1611 691
internal_value=-5.11867e-05 -0.0237666 0.0485823 -0.0344413 0.035479 0.00774801
internal_weight=9050.64 6085.63 2965.01 4545.51 2120.9 1540.12
internal_count=31108 24492 6616 18599 6002 5893
is_linear=0
shrinkage=0.05


Tree=3
num_leaves=7
num_cat=0
split_feature=30 24 36 27 24 4
split_gain=3169.31 1323.28 720.757 335.853 231.17 182.619
threshold=1.5000000000000002 706.50000000000011 3012.6204166666671 1.0000000180025095e-35 101.50000000000001 2183.5000000000005
decision_type=2 8 8 2 10 10
left_child=1 2 5 -2 -4 -1
right_child=3 -3 4 -5 -6 -7
leaf_value=-0.042278750538795484 0.026537568233277065 0.046161628502179371 -0.046786281600569531 0.07000753145032472 -0.013887800689357806 -0.0017765760042004822
leaf_weight=304.3257635384798 676.53586603701115 770.71270972490311 2499.7082468420267 1341.2798154205084 685.46332983672619 2780.9909791648388
leaf_count=1306 2826 2578 10598 643 2605 10395
internal_value=0.000368684 -0.0154685 -0.0230743 0.0555345 -0.0397392 -0.00583352
internal_weight=9059.02 7041.2 6270.49 2017.82 3185.17 3085.32
internal_count=30951 27482 24904 3469 13203 11701
is_linear=0
shrinkage=0.05


Tree=4
num_leaves=7
num_cat=0
split_feature=35 30 24 24 16 12
split_gain=3513.56 795.004 378.42 297.903 258.146 209.183
threshold=2665.1501388888896 2.5000000000000004 106.50000000000001 729.50000000000011 728.50000000000011 21.500000000000004
decision_type=8 2 10 10 10 10
left_child=1 3 5 4 -1 -2
right_child=2 -3 -4 -5 -6 -7
leaf_value=0.0035675428740429317 -0.050559648745701714 0.067393183932162967 -0.0081725339281248557 0.045181699762899583 0.046877750908441013 -0.024524457360188434
leaf_weight=2067.2799999415874 1832.3358552902937 1175.9398604035378 1381.2894687205553 841.56477385759354 407.99156004190445 1359.5650855153799
leaf_count=6572 8059 1664 5528 2462 1190 5678
internal_value=0.000760649 0.0321469 -0.0300752 0.0195682 0.0107863 -0.0395259
internal_weight=9065.97 4492.78 4573.19 3316.84 2475.27 3191.9
internal_count=31153 11888 19265 10224 7762 13737
is_linear=0
shrinkage=0.05


Tree=5
num_leaves=7
num_cat=0
split_feature=35 35 37 24 16 24
split_gain=3017.55 797.641 326.907 320.586 203.679 187.631
threshold=2818.6045833333342 205.22361111111113 0.25833333333333336 102.50000000000001 706.50000000000011 879.50000000000011
decision_type=8 10 2 8 10 10
left_child=1 -1 -3 -2 5 -4
right_child=3 2 4 -5 -6 -7
leaf_value=0.066011772036638022 -0.039066993260138454 -0.036826229294857772 0.0078143764628654643 -0.0099267066205587333 0.043322051033077118 0.044875857999826956
leaf_weight=1056.6215252280235 3017.1953395158052 261.08773079514503 2094.6151248067617 1378.6442266702652 766.96772922575474 403.84112766385078
leaf_count=991 13247 840 6843 5579 2313 1277
internal_value=-0.000370115 0.0280022 0.0165364 -0.0299495 0.0208528 0.0138825
internal_weight=8978.97 4583.13 3526.51 4395.84 3265.42 2498.46
internal_count=31090 12264 11273 18826 10433 8120
is_linear=0
shrinkage=0.05


Tree=6
num_leaves=7
num_cat=0
split_feature=35 24 29 0 2 37
split_gain=2631.24 611.583 404.341 285.203 243.278 241.867
threshold=1309.4962500000004 192.50000000000003 2.5000000000000004 21.500000000000004 3761.5000000000005 0.39047619047619053
decision_type=8 8 2 10 10 2
left_child=2 3 4 -2 5 -1
right_child=1 -3 -4 -5 -6 -7
leaf_value=-0.014356737407222701 -0.040454926433132365 0.0081598535641219713 0.076445613463231379 -0.014977058759433571 0.013949834826293656 0.053146064494039226
leaf_weight=149.23421014845371 2433.2526568770409 1477.2243991047144 537.28956572711468 2015.3687524944544 1337.3304294198751 1071.1702661961317
leaf_count=347 10666 5562 361 8241 3325 2568
internal_value=-0.000182023 -0.0196943 0.0371484 -0.0289424 0.0287604 0.0448667
internal_weight=9020.87 5925.85 3095.02 4448.62 2557.73 1220.4
internal_count=31070 24469 6601 18907 6240 2915
is_linear=0
shrinkage=0.05


Tree=7
num_leaves=7
num_cat=0
split_feature=35 30 24 24 35 16
split_gain=2719.45 745.16 274.718 273.64 199.432 189.85
threshold=2846.2472222222227 2.5000000000000004 102.50000000000001 747.50000000000011 205.22361111111113 706.50000000000011
decision_type=8 2 8 10 10 10
left_child=1 3 -2 5 -3 -1
right_child=2 4 -4 -5 -6 -7
leaf_value=0.00082458039484219854 -0.036648817287114693 0.074797988852047803 -0.0094980417759487987 0.039501988921090643 0.030533459611715271 0.036274375024498755
leaf_weight=2158.769562587142 2959.4346386045218 814.80283446609974 1365.0881989896297 859.5240822583437 384.08613581955433 452.83105403184891
leaf_count=6895 13298 713 5510 2451 948 1336
internal_value=0.000453993 0.0268966 -0.0280992 0.0151152 0.0608027 0.00702887
internal_weight=8994.54 4670.01 4324.52 3471.12 1198.89 2611.6
internal_count=31151 12343 18808 10682 1661 8231
is_linear=0
shrinkage=0.05


Tree=8
num_leaves=7
num_cat=0
split_feature=35 30 37 16 38 12
split_gain=2259.15 577.072 289.145 249.986 158.501 150.196
threshold=2818.6045833333342 2.5000000000000004 0.44949494949494956 288.50000000000006 1.0000000180025095e-35 206.50000000000003
decision_type=8 2 2 8 2 10
left_child=1 2 5 -2 -4 -1
right_child=3 -3 4 -5 -6 -7
leaf_value=-0.027725080701998514 -0.032576831824425105 0.054280325903572874 0.012665537308984716 -0.0017352192863116147 0.038730031533381941 0.017760106149616463
leaf_weight=543.33923222124577 3496.8134994804859 1145.0378212481737 1759.8323910683393 809.48739697039127 873.71326126158237 267.15133295953274
leaf_count=1762 15591 1650 7353 3379 683 788
internal_value=-0.000792219 0.0236044 0.0133416 -0.026788 0.0213698 -0.0127154
internal_weight=8895.37 4589.07 3444.04 4306.3 2633.55 810.491
internal_count=31206 12236 10586 18970 8036 2550
is_linear=0
shrinkage=0.05


Tree=9
num_leaves=7
num_cat=0
split_feature=36 38 24 4 15 24
split_gain=1861.52 861.024 285.327 279.026 228.919 162.154
threshold=2701.1322222222229 1.0000000180025095e-35 729.50000000000011 151889.50000000003 192.50000000000003 101.50000000000001
decision_type=8 2 10 8 10 10
left_child=1 2 -1 5 -3 -2
right_child=3 4 -4 -5 -6 -7
leaf_value=-0.0042457473707852361 -0.040523144116100543 0.03213782499354554 0.031067774008933804 0.03611504224204868 0.069092633044529159 -0.013522014128687469
leaf_weight=2970.1925442814827 2273.0324499458075 1482.7516843676567 703.19599160552025 145.40285685658455 591.44794063270092 744.41028283536434
leaf_count=12910 10443 971 2874 545 381 2915
internal_value=0.000154636 0.0171042 0.00254735 -0.0306248 0.0428161 -0.0338953
internal_weight=8910.43 5747.59 3673.39 3162.85 2074.2 3017.44
internal_count=31039 17136 15784 13903 1352 13358
is_linear=0
shrinkage=0.05


Tree=10
num_leaves=7
num_cat=0
split_feature=35 35 4 16 37 4
split_gain=1834.28 484.082 264.43 252.874 209.626 151.151
threshold=2818.6045833333342 110.55194444444446 2535.5000000000005 525.50000000000011 0.55363984674329514 120754.50000000001
decision_type=8 10 8 10 2 10
left_child=1 -1 -2 -3 -4 -5
right_child=2 3 4 5 -6 -7
leaf_value=0.054894207925392569 -0.047149643691934029 0.0039394334632534963 -0.022914888445080227 0.042919302468831647 0.012562571935423504 0.0065629003804537666
leaf_weight=852.85364320874214 985.87714971601963 2496.604851692915 2755.1224034279585 876.18833287060261 487.04027910530567 426.20408476889133
leaf_count=603 4671 8015 12319 2459 1980 1248
internal_value=-0.000696696 0.0209575 -0.0245181 0.0132768 -0.0175743 0.0310924
internal_weight=8879.89 4651.85 4228.04 3799 3242.16 1302.39
internal_count=31295 12325 18970 11722 14299 3707
is_linear=0
shrinkage=0.05


Tree=11
num_leaves=7
num_cat=0
split_feature=36 38 24 29 4 37
split_gain=1543.81 696.88 267.44 217.18 213.325 183.277
threshold=2701.1322222222229 1.0000000180025095e-35 747.50000000000011 2.5000000000000004 236708.50000000003 0.68857758620689669
decision_type=8 2 10 2 8 2
left_child=1 2 -1 5 -2 -3
right_child=4 3 -4 -5 -6 -7
leaf_value=-0.0040113770215956203 -0.030329055056178555 0.015922039532976662 0.030233189569800506 0.069710729255187301 0.069817375834015788 0.050642731466984559
leaf_weight=3017.1126984506845 3012.2392043173313 945.04268482327461 697.75308211147785 443.61340162158012 49.55120088160038 638.96637903153896
leaf_count=13137 13622 621 2837 188 159 522
internal_value=4.92938e-05 0.0153346 0.00245268 0.038872 -0.0285971 0.0300431
internal_weight=8804.28 5742.49 3714.87 2027.62 3061.79 1584.01
internal_count=31086 17305 15974 1331 13781 1143
is_linear=0
shrinkage=0.05


Tree=12
num_leaves=7
num_cat=0
split_feature=35 29 16 4 1 36
split_gain=1596.08 476.763 239.799 214.405 192.102 191.399
threshold=2818.6045833333342 2.5000000000000004 558.50000000000011 2364.5000000000005 2369.5000000000005 5118.1291666666675
decision_type=8 2 10 8 10 10
left_child=1 2 -1 -2 -4 -5
right_child=3 -3 4 5 -6 -7
leaf_value=0.0056733700273972057 -0.043791049974554262 0.063879707122158888 0.048403397252276457 -0.0095438875390755351 0.010876621628981989 -0.037948744205742936
leaf_weight=2787.0255207121372 925.6703045964241 540.41777344048023 740.14557296037674 2438.4084311723709 635.59732626378536 781.06936293840408
leaf_count=8294 4517 373 1894 10900 1727 3570
internal_value=-2.12978e-05 0.019905 0.0141263 -0.0226269 0.0311681 -0.0164833
internal_weight=8848.33 4703.19 4162.77 4145.15 1375.74 3219.48
internal_count=31275 12288 11915 18987 3621 14470
is_linear=0
shrinkage=0.05


Tree=13
num_leaves=7
num_cat=0
split_feature=34 37 36 34 23 24
split_gain=1287.94 428.011 300.597 289.97 168.771 161.264
threshold=1340.0883333333336 0.44949494949494956 3513.7331944444445 37.387361111111119 2.0450418871813123 716.50000000000011
decision_type=8 2 8 10 10 10
left_child=1 4 5 -3 -1 -2
right_child=2 3 -4 -5 -6 -7
leaf_value=-0.017405170810448452 -0.012429884529373367 0.038705259667082818 -0.036706354059706701 0.011260530713243093 0.026652491133806411 0.041788263184770358
leaf_weight=1071.996709227562 1476.4776347875595 1822.4580730050802 1910.3831481486559 2045.7381152510643 267.62485885620117 146.25261516869068
leaf_count=3525 6791 1062 9686 8614 750 610
internal_value=-6.32124e-06 0.0157967 -0.0232895 0.0242241 -0.00853711 -0.00742999
internal_weight=8740.93 5207.82 3533.11 3868.2 1339.62 1622.73
internal_count=31038 13951 17087 9676 4275 7401
is_linear=0
shrinkage=0.05


Tree=14
num_leaves=7
num_cat=0
split_feature=35 16 29 21 37 3
split_gain=1364.8 429.13 224.575 189.548 187.194 207.413
threshold=1332.7075000000002 288.50000000000006 2.5000000000000004 0.6002056202878685 0.28991596638655465 5296.5000000000009
decision_type=8 10 2 10 2 10
left_child=2 3 4 -2 -1 -6
right_child=1 -3 -4 -5 5 -7
leaf_value=-0.038002403934723962 -0.015862010456788572 0.0078874791581294793 0.057435625452764073 -0.039168529013521698 0.043651950429664813 0.01320238953404119
leaf_weight=124.96810978651047 2763.6332748830318 1516.3628055006266 492.44312556087971 1279.3647518754005 850.65057282149792 1634.9717521816492
leaf_count=257 12352 5872 364 6153 2078 3991
internal_value=4.74385e-05 -0.0147767 0.0265873 -0.0232764 0.0206696 0.0236898
internal_weight=8662.39 5559.36 3103.03 4043 2610.59 2485.62
internal_count=31067 24377 6690 18505 6326 6069
is_linear=0
shrinkage=0.05


Tree=15
num_leaves=7
num_cat=0
split_feature=35 29 4 16 36 36
split_gain=1226.08 318.107 212.826 207.655 180.076 187.156
threshold=2665.1501388888896 2.5000000000000004 2364.5000000000005 728.50000000000011 4917.4005555555568 3806.3420833333334
decision_type=8 2 8 10 10 10
left_child=1 3 -2 -1 5 -4
right_child=2 -3 4 -5 -6 -7
leaf_value=0.0057276190017842834 -0.042579244687631655 0.053840655269134313 -0.011670721073816987 0.032481390802673926 -0.035423857571201763 0.046021449810939183
leaf_weight=3122.9206481277943 885.27134081721306 506.1114147156477 2308.6855288743973 940.9282018840313 802.8025092035532 144.78306721150875
leaf_count=9168 4538 375 10477 2353 3804 503
internal_value=-0.00120146 0.016647 -0.0208925 0.0119544 -0.0149404 -0.00817954
internal_weight=8711.5 4569.96 4141.54 4063.85 3256.27 2453.47
internal_count=31218 11896 19322 11521 14784 10980
is_linear=0
shrinkage=0.05


Tree=16
num_leaves=7
num_cat=0
split_feature=35 38 14 24 24 29
split_gain=1207.74 399.991 226.96 161.384 138.412 134.201
threshold=2846.2472222222227 1.0000000180025095e-35 1.0000000180025095e-35 706.50000000000011 837.50000000000011 2.5000000000000004
decision_type=8 2 8 8 10 2
left_child=1 4 -2 -4 -1 -3
right_child=2 5 3 -5 -6 -7
leaf_value=-0.00056424580380778282 -0.036215605592008163 0.027159365226122025 -0.013863366470671715 0.043157691715806509 0.02828479044312622 0.057463599571222594
leaf_weight=2135.4565610289574 1365.2983968704939 1514.6044041663408 2456.7243409603834 125.88129734992981 511.23194268345833 487.33534656465054
leaf_count=8982 6884 1118 11345 499 2056 202
internal_value=0.000563991 0.0178262 -0.019759 -0.011006 0.00505103 0.0346612
internal_weight=8596.53 4648.63 3947.9 2582.61 2646.69 2001.94
internal_count=31086 12358 18728 11844 11038 1320
is_linear=0
shrinkage=0.05


Tree=17
num_leaves=7
num_cat=0
split_feature=35 24 29 4 23 15
split_gain=1131.84 373.744 254.956 241.223 197.065 147.158
threshold=1332.7075000000002 706.50000000000011 2.5000000000000004 2304.5000000000005 0.61974210158596021 143.50000000000003
decision_type=8 8 2 10 10 10
left_child=2 3 4 -2 -1 -5
right_child=1 -3 -4 5 -6 -7
leaf_value=0.045975461615519103 -0.040666886654239676 0.029571360338694543 0.056734659006966205 -0.015743642259790622 0.011151806921363194 0.012734701182605139
leaf_weight=502.21274283528328 903.44244708120823 459.40441954135895 507.35002160072327 3599.1551439911127 2070.286418274045 515.12882871925831
leaf_count=1155 4698 1604 381 16090 5228 2012
internal_value=0.000257094 -0.0133761 0.0244844 -0.0173337 0.0180262 -0.0121669
internal_weight=8556.98 5477.13 3079.85 5017.73 2572.5 4114.28
internal_count=31168 24404 6764 22800 6383 18102
is_linear=0
shrinkage=0.05


Tree=18
num_leaves=7
num_cat=0
split_feature=35 16 4 22 2 24
split_gain=907.667 383.124 167.826 163.581 174.909 152.852
threshold=1187.8637500000002 288.50000000000006 2535.5000000000005 18.288115100924731 2606.5000000000005 797.50000000000011
decision_type=8 8 10 10 10 8
left_child=3 2 -2 4 -1 -3
right_child=1 5 -4 -5 -6 -7
leaf_value=0.035567936844039062 -0.038837149178049479 0.00093961268189275736 -0.014687801158806246 0.077149632952271063 0.0096911040677274268 0.039899073878051222
leaf_weight=1063.8717785477638 938.30501879751682 1318.3927860558033 3090.3199946284294 125.67168517410755 1692.7930759042501 306.2563356757164
leaf_count=2318 4937 5155 13908 83 3654 1001
internal_value=-0.000454778 -0.0120949 -0.0203536 0.022357 0.019724 0.00838359
internal_weight=8535.61 5653.27 4028.63 2882.34 2756.66 1624.65
internal_count=31056 25001 18845 6055 5972 6156
is_linear=0
shrinkage=0.05


Tree=19
num_leaves=7
num_cat=0
split_feature=35 16 21 29 37 36
split_gain=846.1 348.408 182.398 159.82 147.059 122.407
threshold=1187.8637500000002 288.50000000000006 0.52539302382706965 2.5000000000000004 0.37797619047619052 4824.6498611111119
decision_type=8 10 8 2 2 10
left_child=3 2 4 -1 -2 -3
right_child=1 5 -4 -5 -6 -7
leaf_value=0.017045505307440451 -0.023459434737640863 0.012762284698279709 -0.031663113197958712 0.049129798458760615 0.0017238638431441022 -0.034634286036790404
leaf_weight=2302.7969719469547 1081.074445515871 1464.2791277766228 1679.7736536860466 465.17319640517235 1242.0099395960569 145.33406284451485
leaf_count=5594 5241 5491 8423 361 5287 695
internal_value=-8.25801e-05 -0.0112381 -0.019131 0.0225163 -0.0100207 0.00838879
internal_weight=8380.44 5612.47 4002.86 2767.97 2323.08 1609.61
internal_count=31092 25137 18951 5955 10528 6186
is_linear=0
shrinkage=0.05


Tree=20
num_leaves=7
num_cat=0
split_feature=35 0 16 24 4 4
split_gain=718.617 349.642 186.173 142.704 113.176 109.064
threshold=1332.7075000000002 31.500000000000004 686.50000000000011 14.500000000000002 126946.50000000001 2183.5000000000005
decision_type=8 8 10 10 10 10
left_child=2 3 -1 -2 -4 -5
right_child=1 -3 4 5 -6 -7
leaf_value=0.010955974621046896 -0.038845704666440189 0.0044227395407705899 0.047431228233694125 -0.035977099217530999 0.0084641756677355084 -0.0093703295453561094
leaf_weight=2112.9560857564211 859.74183139204979 2200.8763630241156 720.61273168027401 484.37825946509838 254.0761391222477 1838.9521066993475
leaf_count=4768 4699 8934 1398 2538 565 8201
internal_value=0.000129003 -0.0108964 0.0193407 -0.0214789 0.0373686 -0.0149828
internal_weight=8471.59 5383.95 3087.64 3183.07 974.689 2323.33
internal_count=31103 24372 6731 15438 1963 10739
is_linear=0
shrinkage=0.05


Tree=21
num_leaves=7
num_cat=0
split_feature=36 38 0 24 15 24
split_gain=703.461 320.313 181.052 133.652 124.444 130.617
threshold=3474.7206944444447 1.0000000180025095e-35 124.50000000000001 207.50000000000003 151.50000000000003 92.500000000000014
decision_type=8 2 8 10 10 10
left_child=1 -1 3 -2 5 -3
right_child=2 4 -4 -5 -6 -7
leaf_value=0.00041394209005239061 -0.029562559767855691 -0.0065351625282108394 0.037678224094251991 0.018868887681546726 0.041594366341990555 0.026924915821460411
leaf_weight=3952.6732986420393 2143.5159429907799 439.68069183826447 111.61471819877625 149.26332831382751 715.91194239258766 851.7675306648016
leaf_count=17427 11241 359 417 610 489 548
internal_value=-0.000528658 0.00868167 -0.0233299 -0.0263754 0.0249201 0.015552
internal_weight=8364.43 5960.03 2404.39 2292.78 2007.36 1291.45
internal_count=31091 18823 12268 11851 1396 907
is_linear=0
shrinkage=0.05


Tree=22
num_leaves=7
num_cat=0
split_feature=35 37 28 23 21 24
split_gain=619.574 376.139 175.037 144.336 137.63 135.474
threshold=5436.9231944444455 0.37797619047619052 2.5000000000000004 5.0353701788701182 0.24511625690870978 85.500000000000014
decision_type=8 2 2 8 10 10
left_child=1 -1 5 -2 -5 -3
right_child=3 2 -4 4 -6 -7
leaf_value=-0.018303709381356763 -0.026346036195647828 -0.002425318340818358 0.053489680326935664 0.082201349930194859 -0.0049740628586540814 0.017115238568748397
leaf_weight=1112.7308894097805 2233.7862983644009 1233.877276211977 260.14755058288574 48.801658377051353 282.76010608673096 3139.8324153870344
leaf_count=4046 11942 4149 145 206 1376 9215
internal_value=-0.00137647 0.00774463 0.0140126 -0.0217838 0.00888762 0.0116061
internal_weight=8311.94 5746.59 4633.86 2565.35 331.562 4373.71
internal_count=31079 17555 13509 13524 1582 13364
is_linear=0
shrinkage=0.05


Tree=23
num_leaves=7
num_cat=0
split_feature=38 37 34 29 9 16
split_gain=742.594 342.958 201.396 162.885 124.189 119.71
threshold=1.0000000180025095e-35 0.25833333333333336 6301.748611111112 2.5000000000000004 17.500000000000004 366.50000000000006
decision_type=2 2 8 2 10 8
left_child=1 -1 -3 5 -4 -2
right_child=3 2 4 -5 -6 -7
leaf_value=-0.031474144563247576 0.0059514385579690693 0.0027241990385577898 -0.028187450762426298 0.05248082820044301 0.0602068809556114 0.030907176084826678
leaf_weight=1238.0115568190813 949.06887185573578 3970.2872176021338 814.67571195960045 435.11688330769539 37.164521485567093 974.55833432078362
leaf_count=6712 770 17856 4599 196 197 704
internal_value=0.00120989 -0.00805575 -0.00201704 0.024982 -0.0240021 0.018642
internal_weight=8418.88 6060.14 4822.13 2358.74 851.84 1923.63
internal_count=31034 29364 22652 1670 4796 1474
is_linear=0
shrinkage=0.05


Tree=24
num_leaves=7
num_cat=0
split_feature=38 35 15 37 36 20
split_gain=594.238 321.825 182.313 153.821 151.068 184.204
threshold=1.0000000180025095e-35 5575.9002777777787 99.500000000000014 0.37797619047619052 1241.6665277777781 0.12010928961748635
decision_type=2 8 8 2 10 10
left_child=1 3 4 -1 5 -2
right_child=2 -3 -4 -5 -6 -7
leaf_value=-0.017516502042660656 0.043103826437229396 -0.022205794627787045 0.03867490381773904 0.0069806589586536216 -0.019108519303174615 -0.0025817308374532152
leaf_weight=820.16500295698643 439.35318765044212 2333.0558782964945 980.46581517159939 2863.4969873428345 328.29471126198769 437.18437229096889
leaf_count=3933 328 13162 685 12210 244 387
internal_value=0.000415176 -0.00769687 0.0227164 0.00151003 0.00962361 0.0204322
internal_weight=8202.02 6016.72 2185.3 3683.66 1204.83 876.538
internal_count=30949 29305 1644 16143 959 715
is_linear=0
shrinkage=0.05


Tree=25
num_leaves=7
num_cat=0
split_feature=35 37 23 28 24 21
split_gain=456.595 273.512 202.909 178.349 164.803 145.028
threshold=5436.9231944444455 0.37797619047619052 5.0353701788701182 2.5000000000000004 447.50000000000006 0.24332721976480745
decision_type=8 2 8 2 10 10
left_child=1 -1 4 -3 -2 -4
right_child=2 3 5 -5 -6 -7
leaf_value=-0.015614488371421542 -0.025957644166794115 0.0098707456630476049 0.088419538664220657 0.052702663332732672 0.075239397699446292 0.0024148575063449281
leaf_weight=1081.3027380257845 2135.5748278647661 4441.9951235800982 54.619553908705711 252.54542192816734 36.296201467514038 277.33517403900623
leaf_count=4054 11840 13350 199 145 150 1378
internal_value=-0.000723918 0.00700701 -0.0185361 0.0122285 -0.0240975 0.017668
internal_weight=8279.67 5775.84 2503.83 4694.54 2171.87 331.955
internal_count=31116 17549 13567 13495 11990 1577
is_linear=0
shrinkage=0.05


Tree=26
num_leaves=7
num_cat=0
split_feature=35 24 37 28 4 12
split_gain=606.507 260.052 190.686 157.407 133.721 190.973
threshold=1187.8637500000002 706.50000000000011 0.25833333333333336 2.5000000000000004 2304.5000000000005 51.500000000000007
decision_type=8 8 2 2 10 10
left_child=3 2 -2 -1 5 -4
right_child=1 -3 4 -5 -6 -7
leaf_value=0.015123507565108052 -0.03030112571467606 0.023555963898969745 -0.040075348455420781 0.054008461912941723 -0.0031277734596000979 0.038478306502675287
leaf_weight=2522.529857173562 1202.1966531872749 534.00719574093819 522.60351960361004 286.64078266918659 3075.1401705443859 86.576784253120422
leaf_count=5846 6538 1779 2993 164 13294 456
internal_value=0.000344815 -0.00942522 -0.0130499 0.0191801 -0.00738731 -0.0286889
internal_weight=8229.69 5420.52 4886.52 2809.17 3684.32 609.18
internal_count=31070 25060 23281 6010 16743 3449
is_linear=0
shrinkage=0.05


Tree=27
num_leaves=7
num_cat=0
split_feature=35 4 37 23 3 37
split_gain=420.039 249.69 176.018 163.065 133.354 135.755
threshold=1118.3027777777781 2364.5000000000005 0.37797619047619052 11.426794385836724 5296.5000000000009 0.58957219251336912
decision_type=8 10 2 10 10 2
left_child=3 -2 -3 4 5 -1
right_child=1 2 -4 -5 -6 -7
leaf_value=-0.00019504923572798936 -0.034076143517290873 -0.01667406585183167 0.0034273866822171887 0.068929068845053829 0.0043959437919462536 0.042216525867539108
leaf_weight=278.17440383136272 818.3726322054863 1747.2397283911705 2873.8341502994299 130.68459686636925 1686.4510865658522 581.17133845388889
leaf_count=633 4824 8799 11665 145 3648 1272
internal_value=-0.000730018 -0.00870749 -0.00418283 0.0154687 0.0125947 0.028566
internal_weight=8115.93 5439.45 4621.07 2676.48 2545.8 859.346
internal_count=30986 25288 20464 5698 5553 1905
is_linear=0
shrinkage=0.05


Tree=28
num_leaves=7
num_cat=0
split_feature=38 36 16 31 21 35
split_gain=403.436 252.586 135.118 151.047 111.733 99.8809
threshold=1.0000000180025095e-35 3513.7331944444445 566.50000000000011 1.5000000000000002 0.6002056202878685 15925.140833333337
decision_type=2 8 8 2 10 10
left_child=1 -1 3 4 -2 -3
right_child=2 5 -4 -5 -6 -7
leaf_value=0.00065037477786027208 0.027779588920716237 -0.017184917603220648 0.035399794143208201 -0.020366032839089113 -0.0083579890624610187 -0.053171417881628984
leaf_weight=3971.0957589000463 801.04710032045841 1767.8920487761497 762.53309100866318 325.69491046667099 288.50848633050919 213.52425895631313
leaf_count=17724 619 10384 605 98 328 1380
internal_value=0.000107407 -0.00663033 0.0184966 0.00929665 0.0182161 -0.021187
internal_weight=8130.3 5952.51 2177.78 1415.25 1089.56 1981.42
internal_count=31138 29488 1650 1045 947 11764
is_linear=0
shrinkage=0.05


Tree=29
num_leaves=7
num_cat=0
split_feature=38 37 8 4 12 37
split_gain=435.336 262.864 149.954 144.456 166.795 98.8916
threshold=1.0000000180025095e-35 0.25833333333333336 1.5000000000000002 2039.5000000000002 25.500000000000004 0.44949494949494956
decision_type=2 2 8 10 10 2
left_child=1 -1 -2 4 -3 -4
right_child=2 3 5 -5 -6 -7
leaf_value=-0.027954583378208022 -0.011812428254048258 -0.044442473424472814 -0.00063380255601955054 0.0017161649590683122 0.014876888275219949 0.030123676260981475
leaf_weight=1151.9492027759552 322.65049949288368 367.62618283927441 313.92596279084682 4241.2116282880306 170.76556785404682 1548.9544746875763
leaf_count=6722 327 2346 192 19515 928 1127
internal_value=0.000460217 -0.00656954 0.0195105 -0.00139163 -0.025664 0.0249527
internal_weight=8117.08 5931.55 2185.53 4779.6 538.392 1862.88
internal_count=31157 29511 1646 22789 3274 1319
is_linear=0
shrinkage=0.05


Tree=30
num_leaves=7
num_cat=0
split_feature=35 37 16 21 25 21
split_gain=344.304 216.408 141.901 140.943 128.211 118.329
threshold=5436.9231944444455 0.37797619047619052 558.50000000000011 0.32231329690346094 0.6207423811030266 0.42425280910544799
decision_type=8 2 10 8 10 10
left_child=1 5 -3 4 -2 -1
right_child=3 2 -4 -5 -6 -7
leaf_value=-0.033889792602353634 0.088838572830601023 0.0048614729952274963 0.023342465231387236 -0.02167461861766809 0.0004845076155965025 -0.00023962923217858017
leaf_weight=423.72746297717094 40.894866183400154 2966.1419725269079 1596.3748417049646 1970.2996023446321 390.23744928836823 668.95628121495247
leaf_count=1715 169 9259 4220 11458 1986 2323
internal_value=-0.000175145 0.0065604 0.0113462 -0.0160175 0.00978769 -0.0133836
internal_weight=8056.63 5655.2 4562.52 2401.43 431.132 1092.68
internal_count=31130 17517 13479 13613 2155 4038
is_linear=0
shrinkage=0.05


Tree=31
num_leaves=7
num_cat=0
split_feature=38 24 33 20 31 37
split_gain=419.093 210.108 117.162 111.922 141.247 106.905
threshold=1.0000000180025095e-35 19.500000000000004 6.5000000000000009 0.3330653804930333 1.5000000000000002 0.56125000000000014
decision_type=2 10 2 10 2 2
left_child=1 -1 3 4 -2 -3
right_child=2 5 -4 -5 -6 -7
leaf_value=-0.025731206405399987 0.030068664124779033 -0.0074536706222239797 0.048836062222418916 -0.0073427689440477249 -0.0074092744622810541 0.0080514268713481
leaf_weight=1115.3533744812012 1102.7955382466316 2965.0812306702137 290.4124411791563 433.6647647768259 322.97245921194553 1771.8696956038475
leaf_count=6754 976 15149 165 408 96 7455
internal_value=0.000677638 -0.0062588 0.0195307 0.014835 0.0215827 -0.00165157
internal_weight=8002.15 5852.3 2149.85 1859.43 1425.77 4736.95
internal_count=31003 29358 1645 1480 1072 22604
is_linear=0
shrinkage=0.05


Tree=32
num_leaves=7
num_cat=0
split_feature=34 14 36 19 1 36
split_gain=330.019 192.441 152.228 126.615 167.557 104.488
threshold=52.826111111111125 1.0000000180025095e-35 20.552777777777781 6.5000000000000009 2010.5000000000002 5118.1291666666675
decision_type=8 10 10 10 10 10
left_child=2 -2 -1 -4 -5 -3
right_child=1 5 3 4 -6 -7
leaf_value=0.045324691025674962 -0.021558315801591683 0.0018717404352324241 -0.01203560737123522 0.034418288766117175 -0.0011320133185031894 -0.024241141104435739
leaf_weight=384.12529189884663 1456.478142246604 3999.4326370954514 451.50610835850239 734.25617755949497 600.27649500966072 418.61389058828354
leaf_count=256 8475 18560 312 523 457 2538
internal_value=0.000325575 -0.00583051 0.0169649 0.010756 0.0184831 -0.000627085
internal_weight=8044.69 5874.52 2170.16 1786.04 1334.53 4418.05
internal_count=31121 29573 1548 1292 980 21098
is_linear=0
shrinkage=0.05


Tree=33
num_leaves=7
num_cat=0
split_feature=37 15 21 8 25 35
split_gain=321.281 216.52 144.355 110.017 191.916 137.601
threshold=0.25833333333333336 134.50000000000003 0.6002056202878685 14.500000000000002 0.77145966112233799 1244.207916666667
decision_type=2 8 10 10 10 10
left_child=-1 2 3 4 -2 -6
right_child=1 -3 -4 -5 5 -7
leaf_value=-0.022765005708626468 0.025753389459680878 0.020055750687110015 -0.014427914996956549 -0.003394492545674593 0.032930798776902435 -0.02495353919243512
leaf_weight=1257.9632366150618 1128.6473106592894 1709.1933977156878 1356.6831965595484 1947.3681187927723 132.42066067457199 403.54320856928825
leaf_count=6857 4388 4518 5895 7096 430 1784
internal_value=0.000362753 0.00473329 -0.000552413 0.00467206 0.0140907 -0.0104799
internal_weight=7935.82 6677.86 4968.66 3611.98 1664.61 535.964
internal_count=30968 24111 19593 13698 6602 2214
is_linear=0
shrinkage=0.05


Tree=34
num_leaves=7
num_cat=0
split_feature=34 37 23 23 24 36
split_gain=311.7 211.287 176.978 123.047 145.111 110.85
threshold=5507.9051388888902 0.37797619047619052 5.0353701788701182 12.99467867376177 77.500000000000014 1.7748611111111112
decision_type=8 2 10 8 10 8
left_child=1 2 5 4 -3 -1
right_child=-2 3 -4 -5 -6 -7
leaf_value=-0.070356919650749139 -0.023644109065735705 -0.0061716294300847227 0.055299657699354958 0.052405426445203178 0.013309324221616832 -0.011221592010886629
leaf_weight=78.590005859732628 1173.8080303370953 1306.0639188885689 92.0837292522192 156.83881251513958 3535.540359005332 1633.033472135663
leaf_count=358 7447 4854 295 205 10228 7756
internal_value=9.35205e-05 0.00420415 -0.010446 0.00949587 0.00805323 -0.0141338
internal_weight=7975.96 6802.15 1803.71 4998.44 4841.6 1711.62
internal_count=31143 23696 8409 15287 15082 8114
is_linear=0
shrinkage=0.05


Tree=35
num_leaves=7
num_cat=0
split_feature=37 34 24 4 24 19
split_gain=286.271 196.562 121.964 116.665 77.117 87.0865
threshold=0.25833333333333336 52.826111111111125 27.500000000000004 2039.5000000000002 863.50000000000011 11.500000000000002
decision_type=2 8 10 10 10 10
left_child=2 -2 -1 -3 5 -5
right_child=1 3 -4 4 -6 -7
leaf_value=-0.045934644688346335 0.017382093339117843 -0.023713114600284767 -0.011610141912141388 0.0075011270619955613 0.018934140956081234 -0.0079697324004455398
leaf_weight=369.36517604440451 1971.0291055440903 515.888258703053 855.41883140802383 1607.7755516767502 539.22957961261272 2081.5163391977549
leaf_count=2415 1403 3296 4404 8045 2189 9367
internal_value=7.33649e-05 0.00413199 -0.0221063 -0.00138516 0.00136368 -0.00122658
internal_weight=7940.22 6715.44 1224.78 4744.41 4228.52 3689.29
internal_count=31119 24300 6819 22897 19601 17412
is_linear=0
shrinkage=0.05


Tree=36
num_leaves=7
num_cat=0
split_feature=15 27 24 23 25 23
split_gain=266.394 203.87 117.65 111.357 97.0047 90.9426
threshold=1.0000000180025095e-35 1.0000000180025095e-35 837.50000000000011 2.4279530176561734 0.44557490212239853 1.034571996991797
decision_type=8 2 10 8 10 10
left_child=-1 2 -2 4 -3 -6
right_child=1 3 -4 -5 5 -7
leaf_value=-0.028606282316180828 -0.004426735288661927 -0.0080117232426873356 0.018716491553659172 0.041199036833182046 0.0079362783244531915 0.037358001420315472
leaf_weight=706.29242151230574 4619.3225080519915 459.72845302522182 618.17160524427891 383.90144570171833 691.84112419188023 422.00939360260963
leaf_count=4217 23241 307 2511 216 326 203
internal_value=0.000585249 0.0034687 -0.00167994 0.0172137 0.0112502 0.0192005
internal_weight=7901.27 7194.97 5237.49 1957.48 1573.58 1113.85
internal_count=31021 26804 25752 1052 836 529
is_linear=0
shrinkage=0.05


Tree=37
num_leaves=7
num_cat=0
split_feature=34 23 24 14 36 19
split_gain=241.644 177.617 153.965 99.312 99.1885 96.4984
threshold=5507.9051388888902 12.99467867376177 14.500000000000002 39.500000000000007 1.7748611111111112 4.5000000000000009
decision_type=8 8 10 10 8 10
left_child=1 2 -1 4 -4 -2
right_child=5 -3 3 -5 -6 -7
leaf_value=-0.023427508072130208 -0.0057338447984333222 0.057234316761143128 -0.037188300994601207 0.014421957327778862 0.0021201250168035916 -0.034826667081655112
leaf_weight=518.94112444669008 546.29699128121138 147.11596256494522 162.1098241508007 1861.4182955175638 4042.8593457564712 596.37159974873066
leaf_count=2538 3656 210 597 5364 15020 3815
internal_value=0.00020452 0.00381695 0.00258109 0.00482342 0.000562341 -0.0210033
internal_weight=7875.11 6732.44 6585.33 6066.39 4204.97 1142.67
internal_count=31200 23729 23519 20981 15617 7471
is_linear=0
shrinkage=0.05


Tree=38
num_leaves=7
num_cat=0
split_feature=15 15 30 27 4 16
split_gain=239.037 141.384 99.4096 94.1299 79.6539 106.073
threshold=113.50000000000001 1.0000000180025095e-35 2.5000000000000004 2.5000000000000004 2183.5000000000005 44.500000000000007
decision_type=8 8 2 2 10 10
left_child=1 -1 -2 4 -3 -6
right_child=2 3 -4 -5 5 -7
leaf_value=-0.02680053586096573 0.0077863412369168512 -0.020559647887210371 0.032775466353559157 0.053187663273601075 0.015461599951985261 -0.0046491615692242916
leaf_weight=675.85729332268238 1480.7017582207918 589.98913153260946 541.76005607843399 69.661457896232605 791.78319922089577 3697.7754965424538
leaf_count=4150 4870 3292 902 29 3320 14417
internal_value=-0.000243972 -0.00538661 0.0145445 -0.00255266 -0.00336864 -0.00108915
internal_weight=7847.53 5825.07 2022.46 5149.21 5079.55 4489.56
internal_count=30980 25208 5772 21058 21029 17737
is_linear=0
shrinkage=0.05


Tree=39
num_leaves=7
num_cat=0
split_feature=14 37 12 29 23 33
split_gain=214.785 142.178 128.518 115.558 79.1399 113.498
threshold=1.0000000180025095e-35 0.37797619047619052 26.500000000000004 2.5000000000000004 5.0353701788701182 2.5000000000000004
decision_type=8 2 10 2 10 2
left_child=2 4 -1 -3 5 -2
right_child=1 3 -4 -5 -6 -7
leaf_value=-0.026478748792884851 -0.0082056139565792798 0.0064558628614367593 0.0027821622577969747 0.03589145234125482 0.037118092266426463 -0.068828108996157752
leaf_weight=1037.6585319712758 1345.8441722169518 4356.1114449724555 584.87809041142464 356.53897699713707 83.253933608531952 77.097906708717346
leaf_count=5888 6770 15041 2618 329 247 153
internal_value=0.000217222 0.00444606 -0.0159549 0.00871851 -0.00890641 -0.0117198
internal_weight=7841.38 6218.85 1622.54 4712.65 1506.2 1422.94
internal_count=31046 22540 8506 15370 7170 6923
is_linear=0
shrinkage=0.05


Tree=40
num_leaves=7
num_cat=0
split_feature=35 37 4 35 25 21
split_gain=195.855 115.813 116.915 144.978 113.23 110.135
threshold=5507.604444444446 0.37797619047619052 25782.500000000004 1501.2641666666671 0.022935478215131064 0.37936578334626903
decision_type=8 2 10 10 10 10
left_child=1 5 3 -3 -2 -1
right_child=4 2 -4 -5 -6 -7
leaf_value=-0.034218128219165346 0.034730360006219804 0.031737082646210502 0.0024172654046113254 0.00061091389200303517 -0.01539373558786182 0.00085331200339895099
leaf_weight=321.52163567394018 114.40461707860231 938.20104804635048 2895.3950643241405 620.35112769901752 2098.721501506865 711.15719836950302
leaf_count=1439 528 2167 8814 2468 12895 2658
internal_value=-0.000190987 0.0048739 0.00837137 0.0193895 -0.0127302 -0.0101783
internal_weight=7699.75 5486.63 4453.95 1558.55 2213.13 1032.68
internal_count=30969 17546 13449 4635 13423 4097
is_linear=0
shrinkage=0.05


Tree=41
num_leaves=7
num_cat=0
split_feature=34 37 16 23 19 35
split_gain=209.606 137.548 112.1 110.781 97.7877 143.287
threshold=5507.9051388888902 0.39047619047619053 958.50000000000011 5.6123587603356873 4.5000000000000009 14711.324027777779
decision_type=8 2 8 10 10 10
left_child=1 3 -3 -1 5 -2
right_child=4 2 -4 -5 -6 -7
leaf_value=-0.01122882590875883 0.0085680769589728794 0.0043947353226987534 0.025303257200845242 0.053269371066106699 -0.03442994539165458 -0.055493483889615516
leaf_weight=1676.1024720147252 421.94736516475677 4107.7779196798801 755.37794373929501 64.418313905596733 571.34518231451511 104.75848518311977
leaf_count=8160 2784 13266 1863 241 3804 840
internal_value=-1.82469e-05 0.00334949 0.00766504 -0.00869594 -0.0201952 -0.00457539
internal_weight=7701.73 6603.68 4863.16 1740.52 1098.05 526.706
internal_count=30958 23530 15129 8401 7428 3624
is_linear=0
shrinkage=0.05


Tree=42
num_leaves=7
num_cat=0
split_feature=37 21 29 10 36 4
split_gain=205.729 124.95 146.485 133.891 122.03 109.85
threshold=0.25833333333333336 0.6002056202878685 2.5000000000000004 151.50000000000003 1.2390277777777781 138948.50000000003
decision_type=2 10 2 8 10 10
left_child=-1 2 3 -2 5 -3
right_child=1 4 -4 -5 -6 -7
leaf_value=-0.019128437306339532 0.0037651798465506594 -0.040846054625804866 0.052884492472917134 0.037972922278289849 -0.00075675000978899041 0.037318433180698891
leaf_weight=1193.2327900528908 4112.0609059333801 357.85005671530962 169.43934454023838 302.5945198982954 1578.6217429339886 47.343552783131599
leaf_count=6793 15431 2421 163 827 5237 205
internal_value=-7.46145e-05 0.00339893 0.00793335 0.00615019 -0.00707256 -0.0313696
internal_weight=7761.14 6567.91 4584.09 4414.66 1983.82 405.194
internal_count=31077 24284 16421 16258 7863 2626
is_linear=0
shrinkage=0.05


Tree=43
num_leaves=7
num_cat=0
split_feature=15 15 28 4 36 12
split_gain=180.964 125.086 104.681 92.4676 92.42 90.6341
threshold=150.50000000000003 1.0000000180025095e-35 2.5000000000000004 141674.50000000003 5118.1291666666675 16.500000000000004
decision_type=8 10 2 10 10 10
left_child=1 3 4 5 -3 -1
right_child=-2 2 -4 -5 -6 -7
leaf_value=-0.041515248438266886 0.015832507731213905 5.3372728188026128e-06 0.041155047260327794 0.040088576757575996 -0.022264818076105898 0.0013622887414609566
leaf_weight=431.7299971356988 1514.1915635466576 4945.2725936844945 138.60372042655945 47.625952422618866 509.31480703502893 171.26684867590666
leaf_count=3040 4284 19310 80 179 3081 991
internal_value=0.00035512 -0.00340798 -0.000985084 -0.0240704 -0.00209259 -0.0294259
internal_weight=7758.01 6243.81 5593.19 650.623 5454.59 602.997
internal_count=30965 26681 22471 4210 22391 4031
is_linear=0
shrinkage=0.05


Tree=44
num_leaves=7
num_cat=0
split_feature=15 22 34 24 36 20
split_gain=172.621 146.082 105.231 72.5947 74.5777 79.0187
threshold=1.0000000180025095e-35 35.665644235385699 10765.585138888891 14.500000000000002 1.7748611111111112 0.0042441032121259591
decision_type=8 8 8 10 8 10
left_child=-1 2 3 -2 -5 -6
right_child=1 -3 -4 4 5 -7
leaf_value=-0.02493074638473175 -0.015624872154995873 0.055075724723853116 -0.021653003139303531 -0.024505706049373289 0.031063387774716757 0.0039074358768855051
leaf_weight=647.10114682465792 497.79889243096113 122.06520480662584 473.61546807736158 213.99774862825871 276.64793533831835 5553.1671482622623
leaf_count=4211 2299 275 3187 825 986 19343
internal_value=-0.000305334 0.00194321 0.000980139 0.00263407 0.00414965 0.00522161
internal_weight=7784.39 7137.29 7015.23 6541.61 6043.81 5829.82
internal_count=31126 26915 26640 23453 21154 20329
is_linear=0
shrinkage=0.05


Tree=45
num_leaves=7
num_cat=0
split_feature=28 24 23 36 19 8
split_gain=170.177 134.105 125.351 103.823 100.047 110.476
threshold=2.5000000000000004 14.500000000000002 8.6504657122865201 5118.1291666666675 13.500000000000002 3.5000000000000004
decision_type=2 8 10 10 10 10
left_child=1 2 -1 -3 5 -5
right_child=-2 3 -4 4 -6 -7
leaf_value=-0.026864988877372955 0.04288954781444812 0.0027725915012885693 0.028411358563617956 -0.023209122715249088 -0.044886923463361164 0.036536771248169918
leaf_weight=782.58695191144943 215.80545574426651 5966.9200567528605 113.75640942156315 211.91299469023943 226.87485175579786 115.28925827145576
leaf_count=4957 151 22026 512 1292 1434 650
internal_value=-0.000367114 -0.0016537 -0.0197311 0.000844341 -0.0197603 -0.00192467
internal_weight=7633.15 7417.34 896.343 6521 554.077 327.202
internal_count=31022 30871 5469 25402 3376 1942
is_linear=0
shrinkage=0.05


Tree=46
num_leaves=7
num_cat=0
split_feature=34 4 12 34 24 8
split_gain=157.412 127.21 119.761 102.417 99.7902 152.839
threshold=63.217361111111117 1925.5000000000002 32.500000000000007 2709.8979166666672 12.500000000000002 12.500000000000002
decision_type=8 10 10 10 10 10
left_child=-1 2 -2 -4 -3 -6
right_child=1 4 3 -5 5 -7
leaf_value=0.011902757133003329 -0.039564730380596214 -0.023304488663454716 -0.01111455887671052 0.081581837506887481 0.013001644461688493 -0.0060344389592524965
leaf_weight=2177.7120976373553 425.15575581789017 464.27753992378712 118.90409721434116 34.364825747907162 1655.4352143108845 2884.2318912744522
leaf_count=1870 3227 3150 725 250 8664 13369
internal_value=0.000516779 -0.00393163 -0.0260268 0.0115899 -0.00135413 0.000913927
internal_weight=7760.08 5582.37 578.425 153.269 5003.94 4539.67
internal_count=31255 29385 4202 975 25183 22033
is_linear=0
shrinkage=0.05


Tree=47
num_leaves=7
num_cat=0
split_feature=15 36 27 22 19 37
split_gain=155.545 113.736 103.991 91.0905 90.149 85.144
threshold=1.0000000180025095e-35 5118.1291666666675 2.5000000000000004 35.665644235385699 19.500000000000004 0.93933823529411775
decision_type=10 10 2 10 10 2
left_child=-1 2 3 5 -3 -2
right_child=1 4 -4 -5 -6 -7
leaf_value=-0.024195087492587402 0.0015400381038175245 -0.0060581988594812118 0.052905823761773045 0.048525303149877082 -0.04991016588478548 0.060792778852112817
leaf_weight=616.74768730252981 6395.4946838244796 366.56412976235151 100.51905775815248 102.44987519085407 168.4502252265811 56.21473303437233
leaf_count=4130 23234 2265 55 255 1104 98
internal_value=-0.000201774 0.00187181 0.00366009 0.00286507 -0.0201993 0.00210299
internal_weight=7806.44 7189.69 6654.68 6554.16 535.014 6451.71
internal_count=31141 27011 23642 23587 3369 23332
is_linear=0
shrinkage=0.05


Tree=48
num_leaves=7
num_cat=0
split_feature=37 21 36 24 21 23
split_gain=140.29 103.089 98.0014 96.7276 95.604 86.6957
threshold=0.25833333333333336 0.06277844413982181 5397.7402777777779 27.500000000000004 0.46963109354413707 12.99467867376177
decision_type=2 10 8 10 10 10
left_child=3 -2 5 -1 -4 -3
right_child=1 2 4 -5 -6 -7
leaf_value=-0.03975109895123502 0.068069385819272965 0.0045219590422443832 0.0071167927744442616 -0.006928640291498471 -0.022297798451164925 0.053146139642357065
leaf_weight=305.00605589151382 55.542474776506424 5213.7507654353976 453.27200987935066 824.08967116475105 694.65156420320272 88.373627372086048
leaf_count=2359 117 17154 2388 4455 4511 116
internal_value=0.00029788 0.00312464 0.0025131 -0.0159312 -0.0107026 0.00538171
internal_weight=7634.69 6505.59 6450.05 1129.1 1147.92 5302.12
internal_count=31100 24286 24169 6814 6899 17270
is_linear=0
shrinkage=0.05


Tree=49
num_leaves=7
num_cat=0
split_feature=37 22 24 11 37 4
split_gain=117.014 120.611 96.972 92.8146 84.6661 133.308
threshold=0.73385416666666681 6.1578001033898904 14.500000000000002 240.50000000000003 0.75204918032786894 1925.5000000000002
decision_type=2 10 10 10 2 10
left_child=1 2 -1 -4 -2 -6
right_child=4 -3 3 -5 5 -7
leaf_value=-0.024271497059276691 0.03674069234082121 0.020852220655803097 -0.0064453605524929158 0.014725948959406389 -0.05920431327412206 0.0096958837112218598
leaf_weight=664.19532652944326 260.46325968205929 432.79543968290091 4500.9183822348714 580.10411268472672 69.72309548407793 1164.4634425491095
leaf_count=4455 575 1645 18751 1955 449 3301
internal_value=-0.00141593 -0.00445405 -0.00637688 -0.00401612 0.0111148 0.00558032
internal_weight=7672.66 6178.01 5745.22 5081.02 1494.65 1234.19
internal_count=31131 26806 25161 20706 4325 3750
is_linear=0
shrinkage=0.05


Tree=50
num_leaves=7
num_cat=0
split_feature=37 22 37 24 24 24
split_gain=106.568 88.8585 89.9633 91.275 110.121 82.1754
threshold=0.25833333333333336 35.665644235385699 0.94281045751633996 872.50000000000011 1098.5000000000002 1151.5000000000002
decision_type=2 8 2 10 10 10
left_child=-1 2 3 -2 -5 -6
right_child=1 -3 -4 4 5 -7
leaf_value=-0.014276623950350099 -0.001288469829898812 0.044197531979988568 0.062708953035764972 0.039674698927520624 -0.04436594765747081 0.010877279206511986
leaf_weight=1125.9839894548059 5561.8062953874469 119.43701773136854 54.540153846144676 312.08039903640747 76.221807181835175 388.32704828679562
leaf_count=6886 21576 318 110 900 204 1146
internal_value=-0.000108704 0.00234998 0.00153423 0.000958826 0.0169581 0.00143722
internal_weight=7638.4 6512.41 6392.98 6338.44 776.629 464.549
internal_count=31140 24254 23936 23826 2250 1350
is_linear=0
shrinkage=0.05


Tree=51
num_leaves=7
num_cat=0
split_feature=35 14 22 16 2 19
split_gain=131.361 106.502 76.9915 72.1087 72.6087 114.273
threshold=15925.140833333337 27.500000000000004 24.457002346748819 325.50000000000006 4016.5000000000005 10.500000000000002
decision_type=10 8 8 10 10 10
left_child=1 -1 3 -3 -5 -6
right_child=-2 2 -4 4 5 -7
leaf_value=-0.0027724835570671364 -0.044774413009174972 -0.0061770248830353459 0.053017714571315502 0.026880756407983476 0.039325389304488222 -0.00078727306251574921
leaf_weight=4797.2698932513595 150.49399824440479 658.00517270714045 94.061397410929203 624.17871455103159 208.87899641692638 1044.2164882421494
leaf_count=21582 1383 2623 166 1636 620 3084
internal_value=0.000709288 0.00166048 0.0097384 0.0080315 0.0130149 0.00602884
internal_weight=7577.1 7426.61 2629.34 2535.28 1877.27 1253.1
internal_count=31094 29711 8129 7963 5340 3704
is_linear=0
shrinkage=0.05


Tree=52
num_leaves=7
num_cat=0
split_feature=35 28 21 23 16 14
split_gain=115.83 110.409 95.6463 103.821 99.5134 95.8151
threshold=15925.140833333337 4.5000000000000009 0.6002056202878685 1.1977845800728264 518.50000000000011 30.500000000000004
decision_type=10 2 10 10 10 8
left_child=1 2 5 4 -4 -1
right_child=-2 -3 3 -5 -6 -7
leaf_value=-0.00069027310313296987 -0.043697796984207948 0.058566451061800077 -0.0079603279580467892 -0.020683861659975305 0.023480070208288604 0.014141665381442179
leaf_weight=3668.0525515526533 145.17274484038353 76.400723822414875 870.29532133042812 989.28193352371454 348.26138740032911 1543.3181445077062
leaf_count=15560 1380 48 4350 4234 972 4637
internal_value=-0.000218827 0.000651829 1.64007e-05 -0.00869409 0.00108451 0.00371147
internal_weight=7640.78 7495.61 7419.21 2207.84 1218.56 5211.37
internal_count=31181 29801 29753 9556 5322 20197
is_linear=0
shrinkage=0.05


Tree=53
num_leaves=7
num_cat=0
split_feature=27 37 36 3 23 36
split_gain=102.457 107.554 74.301 169.249 127.451 110.897
threshold=2.5000000000000004 0.25833333333333336 47.087083333333339 42235.500000000007 5.0353701788701182 237.7490277777778
decision_type=2 2 10 8 10 10
left_child=1 -1 3 4 -3 -4
right_child=-2 2 5 -5 -6 -7
leaf_value=-0.015550014037685859 0.051242645602745662 -0.017962756121450828 0.023775676843962815 0.035144713927400532 0.015924814903824577 0.0016727610048384905
leaf_weight=1092.0730513706803 89.769382514059544 1464.8623537868261 661.71290201693773 212.15976963937283 337.90938552469015 3819.737176053226
leaf_count=6854 52 6920 1921 677 1529 13256
internal_value=-0.000424801 -0.00106935 0.001375 -0.00658933 -0.0115844 0.00495925
internal_weight=7678.22 7588.45 6496.38 2014.93 1802.77 4481.45
internal_count=31209 31157 24303 9126 8449 15177
is_linear=0
shrinkage=0.05


Tree=54
num_leaves=7
num_cat=0
split_feature=34 10 27 8 12 35
split_gain=92.7636 82.9261 76.1218 78.755 70.4903 127.299
threshold=5507.9051388888902 151.50000000000003 2.5000000000000004 1.0000000180025095e-35 74.500000000000014 205.22361111111113
decision_type=8 10 2 8 10 10
left_child=2 -2 3 -1 5 -5
right_child=1 -3 -4 4 -6 -7
leaf_value=-0.010731887338320258 -0.016898094939297646 0.053692284732538953 0.049419706927960237 0.034625963848115879 -0.0012205125841138467 0.0050478422192332421
leaf_weight=1062.1461117491126 971.54088822007179 38.667761534452438 79.610128857195377 436.40541043877602 2872.5124405026436 2082.6533187776804
leaf_count=4992 7250 228 47 891 9710 8092
internal_value=0.00011685 -0.013945 0.00230015 0.00168109 0.00413414 0.0102304
internal_weight=7543.54 1010.21 6533.33 6453.72 5391.57 2519.06
internal_count=31210 7478 23732 23685 18693 8983
is_linear=0
shrinkage=0.05


Tree=55
num_leaves=7
num_cat=0
split_feature=27 34 19 35 21 4
split_gain=111.848 88.4284 105.732 134.75 75.4605 89.4909
threshold=2.5000000000000004 5507.9051388888902 4.5000000000000009 14711.324027777779 0.68895663956639575 2364.5000000000005
decision_type=2 8 10 10 10 10
left_child=1 -1 3 4 5 -3
right_child=-2 2 -4 -5 -6 -7
leaf_value=0.001816338431030725 0.057341082474622287 -0.0064363728349070577 -0.029569537353426885 -0.053034197707421696 -0.021052667503301356 0.050131045465228334
leaf_weight=6430.9785842746496 80.02855022251606 112.29103250056505 521.9381422996521 82.875960610806942 100.83655052632093 175.88178984820843
leaf_count=23588 47 875 3857 855 804 1055
internal_value=0.000320715 -0.000332056 -0.0141737 0.00298665 0.0154431 0.0283548
internal_weight=7504.83 7424.8 993.823 471.885 389.009 288.173
internal_count=31081 31034 7446 3589 2734 1930
is_linear=0
shrinkage=0.05


Tree=56
num_leaves=7
num_cat=0
split_feature=27 37 37 24 22 4
split_gain=98.5655 106.265 71.0064 73.136 113.91 104.398
threshold=2.5000000000000004 0.25833333333333336 0.93541666666666679 872.50000000000011 0.6284855873322498 97375.000000000015
decision_type=2 2 2 10 10 10
left_child=1 -1 3 -3 -5 -6
right_child=-2 2 -4 4 5 -7
leaf_value=-0.015555481583676088 0.056153586941597326 -0.0010772455475261112 0.056907230207841532 0.034567042748562968 -0.016754459713018293 0.046223241269744426
leaf_weight=1070.4479180723429 71.160765923559666 5546.0002796053886 52.174116238951683 381.01920369267464 311.65014185011387 78.094709485769272
leaf_count=6844 48 21861 122 1080 943 225
internal_value=-0.000439014 -0.0010177 0.001436 0.000933182 0.0153128 -0.00370973
internal_weight=7510.55 7439.39 6368.94 6316.76 770.764 389.745
internal_count=31123 31075 24231 24109 2248 1168
is_linear=0
shrinkage=0.05


Tree=57
num_leaves=7
num_cat=0
split_feature=40 24 35 8 25 24
split_gain=118.319 104.818 83.8569 102.766 100.489 173.38
threshold=12.500000000000002 863.50000000000011 15925.140833333337 15.500000000000002 0.82672356147670778 135.50000000000003
decision_type=2 8 10 10 10 10
left_child=-1 2 3 4 5 -2
right_child=1 -3 -4 -5 -6 -7
leaf_value=0.015731170795759891 0.0024268776798587383 0.01733002894918596 -0.042345778531984464 -0.0091520697887179283 -0.020503831269943967 0.04077190563211823
leaf_weight=1177.5223170518875 1942.2135188356042 657.71121297776699 131.87837973982096 2934.1941639780998 345.37485966831446 342.7082042247057
leaf_count=375 10646 2325 1384 13203 1813 1382
internal_value=0.00120873 -0.00149279 -0.00367939 -0.00272581 0.00444669 0.00825459
internal_weight=7531.6 6354.08 5696.37 5564.49 2630.3 2284.92
internal_count=31128 30753 28428 27044 13841 12028
is_linear=0
shrinkage=0.05


Tree=58
num_leaves=7
num_cat=0
split_feature=29 24 25 12 36 12
split_gain=90.5656 73.4953 94.5916 67.0339 62.3827 74.6835
threshold=2.5000000000000004 14.500000000000002 0.18910678971654585 3928.5000000000005 1.7748611111111112 74.500000000000014
decision_type=2 8 10 8 8 10
left_child=1 2 -1 4 -3 -6
right_child=-2 3 -4 -5 5 -7
leaf_value=0.0017035774230425606 0.024958720992717842 -0.029580638158035112 -0.03169959398820462 0.018189462879488107 0.0045655400331159404 -0.0070321894254359923
leaf_weight=406.85116978734732 324.56634094566107 185.6477170586586 436.3081129938364 464.45019420981407 3174.1576120331883 2458.9104214534163
leaf_count=2054 375 794 3467 1522 13778 9125
internal_value=-0.000667212 -0.00185102 -0.0156665 1.39074e-05 -0.00145124 -0.000498773
internal_weight=7450.89 7126.33 843.159 6283.17 5818.72 5633.07
internal_count=31115 30740 5521 25219 23697 22903
is_linear=0
shrinkage=0.05


Tree=59
num_leaves=7
num_cat=0
split_feature=37 21 40 15 19 19
split_gain=94.4583 71.5399 61.5253 60.6765 57.9667 96.103
threshold=0.25833333333333336 0.081574453837783556 10.500000000000002 113.50000000000001 19.500000000000004 3.5000000000000004
decision_type=2 10 2 10 10 10
left_child=4 -2 -3 -4 5 -1
right_child=1 2 3 -5 -6 -7
leaf_value=-0.021519464039262942 0.04881727893836528 0.017474077961956228 -0.0032608796199444286 0.0081605150143104401 -0.041476376077509113 0.011772349947136483
leaf_weight=573.64519940316677 75.406865514814854 536.83250105381012 4248.0893061682582 1595.4214038997889 158.66235540807247 342.56897557526827
leaf_count=3944 228 173 18682 5193 1018 1853
internal_value=-0.000340228 0.00194787 0.00135615 -0.000138249 -0.014028 -0.00907545
internal_weight=7530.63 6455.75 6380.34 5843.51 1074.88 916.214
internal_count=31091 24276 24048 23875 6815 5797
is_linear=0
shrinkage=0.05


Tree=60
num_leaves=7
num_cat=0
split_feature=4 12 4 35 8 37
split_gain=91.7535 100.124 115.666 94.5741 77.7984 77.303
threshold=2364.5000000000005 26.500000000000004 1075.0000000000002 1187.8637500000002 1.5000000000000002 0.73385416666666681
decision_type=8 10 10 8 10 2
left_child=1 3 4 -1 -3 -2
right_child=5 2 -4 -5 -6 -7
leaf_value=0.03224437536792079 0.00014650645235631142 0.008407069547951453 -0.026840031259912574 -0.035883881639456564 0.081683698821517992 0.013611161500839962
leaf_weight=53.463021770119667 5387.6902200356126 90.993646949529648 118.56675183027983 449.50854220986366 56.659387119114399 1323.9327742382884
leaf_count=88 22143 477 706 3581 280 3772
internal_value=0.000932565 -0.0153675 0.00931738 -0.0283961 0.0382802 0.0028107
internal_weight=7480.81 769.191 266.22 502.972 147.653 6711.62
internal_count=31047 5132 1463 3669 757 25915
is_linear=0
shrinkage=0.05


Tree=61
num_leaves=7
num_cat=0
split_feature=23 24 30 36 36 35
split_gain=111.038 126.646 71.0528 102.995 104.914 89.029
threshold=5.0353701788701182 77.500000000000014 2.5000000000000004 47.087083333333339 23.345000000000002 372.73694444444453
decision_type=8 10 2 10 10 8
left_child=1 -1 5 4 -4 -3
right_child=-2 2 3 -5 -6 -7
leaf_value=-0.010262809851028485 0.02244698821701524 -0.023885134778485854 0.022149382938201557 0.040203639189222158 -0.036678767615173517 0.0035637660539928544
leaf_weight=2518.270890802145 523.33224632591009 317.89650133252144 189.70853807032108 299.62641653418541 119.09048046171665 3466.3741970211267
leaf_count=13885 2009 501 315 535 256 13608
internal_value=0.000353613 -0.00133442 0.00378994 0.0195758 -0.000761035 0.00122946
internal_weight=7434.3 6910.97 4392.7 608.425 308.799 3784.27
internal_count=31109 29100 15215 1106 571 14109
is_linear=0
shrinkage=0.05


end of trees

feature_importances:
n_dying_ch=45
ev_h_since_prev=42
ev_relapse_rate=37
ev_gap_last=28
n_rows_28d=25
n_alarm_28d=22
rate_28d=17
act_share_7d=15
n_alarm_7d=13
ev_h_since_inc=13
n_undef_28d=12
ev_inc_168h=12
n_ch_bad_28d=10
ev_open_ch=10
ev_inc_24h=8
n_bad_28d=7
rate_7d=7
ev_inc_672h=7
n_alarm_3d=6
dying_share=6
ev_inc_72h=6
n_active_ch=3
n_rows_3d=3
n_rows_7d=3
act_share_1d=3
n_rows_1d=2
n_undef_3d=2
ev_fail_3h=2
ev_fail_168h=2
hour=2
n_undef_1d=1
n_undef_7d=1

parameters:
[boosting: gbdt]
[objective: binary]
[metric: average_precision]
[tree_learner: serial]
[device_type: cpu]
[data_sample_strategy: bagging]
[data: ]
[valid: ]
[num_iterations: 2000]
[learning_rate: 0.05]
[num_leaves: 7]
[num_threads: 6]
[seed: 48]
[deterministic: 1]
[force_col_wise: 1]
[force_row_wise: 0]
[histogram_pool_size: -1]
[max_depth: -1]
[min_data_in_leaf: 200]
[min_sum_hessian_in_leaf: 0.001]
[bagging_fraction: 0.8]
[pos_bagging_fraction: 1]
[neg_bagging_fraction: 1]
[bagging_freq: 1]
[bagging_seed: 32123]
[bagging_by_query: 0]
[feature_fraction: 0.8]
[feature_fraction_bynode: 1]
[feature_fraction_seed: 10596]
[extra_trees: 0]
[extra_seed: 3672]
[early_stopping_round: 0]
[early_stopping_min_delta: 0]
[first_metric_only: 1]
[max_delta_step: 0]
[lambda_l1: 0]
[lambda_l2: 5]
[linear_lambda: 0]
[min_gain_to_split: 0]
[drop_rate: 0.1]
[max_drop: 50]
[skip_drop: 0.5]
[xgboost_dart_mode: 0]
[uniform_drop: 0]
[drop_seed: 26750]
[top_rate: 0.2]
[other_rate: 0.1]
[min_data_per_group: 100]
[max_cat_threshold: 32]
[cat_l2: 10]
[cat_smooth: 10]
[max_cat_to_onehot: 4]
[top_k: 20]
[monotone_constraints: ]
[monotone_constraints_method: basic]
[monotone_penalty: 0]
[feature_contri: ]
[forcedsplits_filename: ]
[refit_decay_rate: 0.9]
[cegb_tradeoff: 1]
[cegb_penalty_split: 0]
[cegb_penalty_feature_lazy: ]
[cegb_penalty_feature_coupled: ]
[path_smooth: 0]
[interaction_constraints: ]
[verbosity: -1]
[saved_feature_importance_type: 0]
[use_quantized_grad: 0]
[num_grad_quant_bins: 4]
[quant_train_renew_leaf: 0]
[stochastic_rounding: 1]
[linear_tree: 0]
[max_bin: 255]
[max_bin_by_feature: ]
[min_data_in_bin: 3]
[bin_construct_sample_cnt: 200000]
[data_random_seed: 195]
[is_enable_sparse: 1]
[enable_bundle: 1]
[use_missing: 1]
[zero_as_missing: 0]
[feature_pre_filter: 1]
[pre_partition: 0]
[two_round: 0]
[header: 0]
[label_column: ]
[weight_column: ]
[group_column: ]
[ignore_column: ]
[categorical_feature: ]
[forcedbins_filename: ]
[precise_float_parser: 0]
[parser_config_file: ]
[objective_seed: 12434]
[num_class: 1]
[is_unbalance: 0]
[scale_pos_weight: 1]
[sigmoid: 1]
[boost_from_average: 1]
[reg_sqrt: 0]
[alpha: 0.9]
[fair_c: 1]
[poisson_max_delta_step: 0.7]
[tweedie_variance_power: 1.5]
[lambdarank_truncation_level: 30]
[lambdarank_norm: 1]
[label_gain: ]
[lambdarank_position_bias_regularization: 0]
[eval_at: ]
[multi_error_top_k: 1]
[auc_mu_weights: ]
[num_machines: 1]
[local_listen_port: 12400]
[time_out: 120]
[machine_list_filename: ]
[machines: ]
[gpu_platform_id: -1]
[gpu_device_id: -1]
[gpu_use_dp: 0]
[num_gpu: 1]

end of parameters

pandas_categorical:[]
