tree
version=v4
num_class=1
num_tree_per_iteration=1
label_index=0
max_feature_idx=41
objective=binary sigmoid:1
feature_names=n_active_ch n_rows_1d n_rows_3d n_rows_7d n_rows_28d n_bad_1d n_bad_3d n_bad_7d n_bad_28d n_undef_1d n_undef_3d n_undef_7d n_undef_28d n_alarm_1d n_alarm_3d n_alarm_7d n_alarm_28d n_ch_bad_1d n_ch_bad_7d n_ch_bad_28d act_share_1d act_share_7d rate_7d rate_28d n_dying_ch dying_share ev_inc_6h ev_inc_24h ev_inc_72h ev_inc_168h ev_inc_672h ev_fail_3h ev_fail_24h ev_fail_168h ev_h_since_inc ev_h_since_prev ev_gap_last ev_relapse_rate ev_open_ch is_rearm hour dow
feature_infos=[0:1459] [0:200094] [0:575548] [0:1039472] [0:3446064] [0:32012] [0:32027] [0:32027] [0:32057] [0:37262] [0:71955] [0:122355] [0:165289] [0:32013] [0:32065] [0:32176] [0:33059] [0:383] [0:947] [0:1109] [0:1] [0.0054644808743169399:1] [0:52] [0:13] [0:1420] [0:1] [0:3] [0:7] [0:11] [0:18] [0:25] [0:191] [0:561] [0:1165] [1:22977.983611111111] [2.0238888888888891:28233.218888888889] [1.0238888888888888:21790.846388888887] [0.090909090909090912:0.96551724137931039] [0:195] [0:1] [0:23] [0:6]
tree_sizes=887 899 899 900 899 902 900 900 898 902 901 901 905 901 900 902 902 900 901 908 906 904 897 909 899 904 902 905 903 903 902 902 899 900 912 900 901 908 903 907 906 901 910 902 902 908 912 899 906 895 910 909 900 909 898 910 914 900 897 905 899 909 897 896 910 903 907 900 908 905 897 903 907 899 903 898 902 905 898 907 916 912 901 907 897 909

Tree=0
num_leaves=7
num_cat=0
split_feature=35 35 24 16 24 30
split_gain=5113.47 1154.03 500.363 469.206 389.617 262.281
threshold=2440.2983333333336 205.22361111111113 102.50000000000001 706.50000000000011 843.50000000000011 2.5000000000000004
decision_type=8 10 8 10 10 2
left_child=1 5 -2 4 -3 -1
right_child=2 3 -4 -5 -6 -7
leaf_value=-0.50057382388388105 -0.58817396949669187 -0.53759618315898539 -0.55388458832288057 -0.48228417113049227 -0.48576339703310961 -0.44131666204604736
leaf_weight=260.99571597576141 3373.654247045517 1961.3025888204575 1558.3047504425049 729.9978015422821 440.18332850933075 762.76753509044647
leaf_count=311 13816 6507 6131 2203 1376 692
internal_value=-0.54295 -0.502114 -0.577361 -0.517259 -0.527995 -0.456141
internal_weight=9087.21 4155.25 4931.96 3131.48 2401.49 1023.76
internal_count=31036 11089 19947 10086 7883 1003
is_linear=0
shrinkage=1


Tree=1
num_leaves=7
num_cat=0
split_feature=35 24 30 36 24 34
split_gain=4316.37 684.769 680.823 288.056 219.936 197.198
threshold=1645.4013888888892 145.50000000000003 2.5000000000000004 3493.0963888888896 872.50000000000011 63.217361111111117
decision_type=8 8 2 8 10 10
left_child=2 3 4 -2 -1 -4
right_child=1 -3 5 -5 -6 -7
leaf_value=0.020149116606209962 -0.020867022336859928 0.0028146570601290731 0.086369242970720364 -0.047727706114595869 0.059986447022730538 0.034433457473024058
leaf_weight=1838.6612897217274 1619.5976906120777 1389.9513109028339 882.37786801159382 2650.112858325243 425.31204137206078 242.07101081311703
leaf_count=5306 6540 5407 607 10902 1202 1029
internal_value=-0.000948401 -0.0276621 0.0436464 -0.0375752 0.0277487 0.0753905
internal_weight=9048.08 5659.66 3388.42 4269.71 2263.97 1124.45
internal_count=30993 22849 8144 17442 6508 1636
is_linear=0
shrinkage=0.05


Tree=2
num_leaves=7
num_cat=0
split_feature=35 29 16 24 24 35
split_gain=4101.92 1011.3 523.135 414.455 207.868 271.808
threshold=2665.1501388888896 2.5000000000000004 558.50000000000011 102.50000000000001 747.50000000000011 997.54763888888908
decision_type=8 2 10 8 10 10
left_child=1 2 4 -2 5 -1
right_child=3 -3 -4 -5 -6 -7
leaf_value=0.025756534762723157 -0.042987800457069979 0.096093745799876576 0.051222336323015705 -0.010726457556675751 0.038773977378860437 -0.010959815352478398
leaf_weight=874.21269924938679 3190.8265321850777 570.20506007969379 1273.1446339190006 1451.9501570612192 568.82432162761688 1176.7776343524456
leaf_count=2164 13465 380 3444 5794 1558 4233
internal_value=-3.55007e-05 0.034172 0.0249906 -0.032921 0.0121696 0.00471471
internal_weight=9105.94 4463.16 3892.96 4642.78 2619.81 2050.99
internal_count=31038 11779 11399 19259 7955 6397
is_linear=0
shrinkage=0.05


Tree=3
num_leaves=7
num_cat=0
split_feature=35 30 24 24 35 16
split_gain=3597.28 845.878 333.179 308.459 230.67 182.38
threshold=2818.6045833333342 2.5000000000000004 102.50000000000001 729.50000000000011 997.54763888888908 558.50000000000011
decision_type=8 2 8 10 10 10
left_child=1 3 -2 4 -1 -3
right_child=2 5 -4 -5 -6 -7
leaf_value=0.028325455888364229 -0.041311513198210421 0.043577079845532905 -0.011853394125277032 0.044162292709846007 -0.0023995291144747145 0.084742626711127145
leaf_weight=992.21070994436741 3107.4646053016186 482.19720460474491 1395.3794005066156 853.20032472908497 1574.9447216689587 667.60827769339085
leaf_count=2483 13243 683 5540 2501 5632 961
internal_value=-0.000506194 0.0307278 -0.0322061 0.0182041 0.00950772 0.0677423
internal_weight=9073.01 4570.16 4502.84 3420.36 2567.16 1149.81
internal_count=31043 12260 18783 10616 8115 1644
is_linear=0
shrinkage=0.05


Tree=4
num_leaves=7
num_cat=0
split_feature=34 37 30 34 8 37
split_gain=2828.34 1013.69 485.874 344.567 332.113 303.722
threshold=80.389305555555566 0.56125000000000014 2.5000000000000004 3059.6743055555557 1.0000000180025095e-35 0.37797619047619052
decision_type=8 2 2 8 8 2
left_child=2 3 4 5 -1 -2
right_child=1 -3 -4 -5 -6 -7
leaf_value=-0.027463219553830701 -0.031366197907951712 0.015373905677367905 0.076163126027995937 -0.042017419967666267 0.039617302933700763 0.0037220745704855847
leaf_weight=212.95074300467968 1314.0377974957228 1889.056711986661 927.12289582192898 2258.9602067917585 1240.6376261413097 1156.501162096858
leaf_count=130 5813 8045 665 10157 1187 5008
internal_value=0.00125494 -0.0155591 0.047934 -0.0279176 0.0297295 -0.0149664
internal_weight=8999.27 6618.56 2380.71 4729.5 1453.59 2470.54
internal_count=31005 29023 1982 20978 1317 10821
is_linear=0
shrinkage=0.05


Tree=5
num_leaves=7
num_cat=0
split_feature=35 35 24 16 1 11
split_gain=3243.78 811.616 365.313 296.596 187.277 182.879
threshold=2665.1501388888896 205.22361111111113 102.50000000000001 346.50000000000006 2255.5000000000005 6.5000000000000009
decision_type=8 10 8 10 10 10
left_child=1 -1 5 -3 -5 -2
right_child=2 3 -4 4 -6 -7
leaf_value=0.068236043837005433 -0.046545901076611627 0.0045551400678982452 -0.0082397389041543711 0.049654589549686518 0.016142535885752603 -0.019536149447590922
leaf_weight=1089.1344958394766 2190.4257177859545 1782.6636639237404 1439.7299733459949 882.37988603115082 799.54633043706417 892.35234086215496
leaf_count=981 9652 5826 5753 2565 2483 3819
internal_value=0.000906187 0.030678 -0.0290719 0.0187898 0.0338188 -0.0387719
internal_weight=9076.23 4553.72 4522.51 3464.59 1681.93 3082.78
internal_count=31079 11855 19224 10874 5048 13471
is_linear=0
shrinkage=0.05


Tree=6
num_leaves=7
num_cat=0
split_feature=35 30 24 37 12 16
split_gain=2729.32 588.844 320.994 276.296 232.743 182.084
threshold=2818.6045833333342 2.5000000000000004 68.500000000000014 0.44949494949494956 21.500000000000004 728.50000000000011
decision_type=8 2 8 2 10 10
left_child=1 3 4 -1 -2 -5
right_child=2 -3 -4 5 -6 -7
leaf_value=-0.0089445456980416765 -0.052421286155151896 0.057222289849406444 -0.012420763292984001 0.016985307027467481 -0.021665723318851485 0.048833122499434757
leaf_weight=835.36876747012138 1524.8186908215284 1158.1602336913347 1805.0504486858845 2054.6063211858273 1047.603683963418 573.49076351523399
leaf_count=2597 6838 1630 7499 6350 4518 1676
internal_value=-0.0003563 0.0264284 -0.0286329 0.0160635 -0.0399626 0.0240145
internal_weight=8999.1 4621.63 4377.47 3463.47 2572.42 2628.1
internal_count=31108 12253 18855 10623 11356 8026
is_linear=0
shrinkage=0.05


Tree=7
num_leaves=7
num_cat=0
split_feature=35 35 16 24 24 4
split_gain=2652.52 612.786 317.618 303.398 277.477 245.358
threshold=2818.6045833333342 110.55194444444446 695.50000000000011 872.50000000000011 141.50000000000003 113834.50000000001
decision_type=8 10 10 10 8 10
left_child=1 -1 3 -3 -2 -4
right_child=4 2 5 -5 -6 -7
leaf_value=0.063315453575263178 -0.034528410646107767 0.001945843803806643 0.061001996006364162 0.046745971269391451 -0.0035393092798492358 0.0069290213264747227
leaf_weight=890.62408250570297 3453.3498729914427 2411.2603827565908 611.34877792000771 443.26225538551807 914.61409109830856 320.17105852067471
leaf_count=613 15247 7736 1630 1279 3655 935
internal_value=-4.98955e-05 0.0261049 0.0172796 0.00897217 -0.028051 0.0425529
internal_weight=9044.63 4676.67 3786.04 2854.52 4367.96 931.52
internal_count=31095 12193 11580 9015 18902 2565
is_linear=0
shrinkage=0.05


Tree=8
num_leaves=7
num_cat=0
split_feature=35 34 24 16 12 30
split_gain=2449.76 560.494 284.039 236.058 187.436 163.794
threshold=2665.1501388888896 14.850416666666669 102.50000000000001 518.50000000000011 21.500000000000004 2.5000000000000004
decision_type=8 10 8 10 10 2
left_child=1 5 4 -3 -2 -1
right_child=2 3 -4 -5 -6 -7
leaf_value=0.03309169977133835 -0.04613970889425574 0.00025390143354629458 -0.0080212233923726284 0.031742219578451462 -0.020527524673525789 0.062675663581530469
leaf_weight=1077.7923036664724 1685.2047646194696 1755.0728315263987 1426.1377514898777 895.68573725223541 1260.8293965905905 857.5400622934103
leaf_count=489 7906 7408 5829 3659 5588 370
internal_value=0.000388138 0.0259042 -0.0263753 0.0109335 -0.0352317 0.046328
internal_weight=8958.26 4586.09 4372.17 2650.76 2946.03 1935.33
internal_count=31249 11926 19323 11067 13494 859
is_linear=0
shrinkage=0.05


Tree=9
num_leaves=7
num_cat=0
split_feature=35 38 24 15 24 24
split_gain=2147.22 471.433 279.388 257.594 207.915 174.635
threshold=2665.1501388888896 1.0000000180025095e-35 120.50000000000001 151.50000000000003 124.50000000000001 843.50000000000011
decision_type=8 2 8 10 10 10
left_child=1 5 -2 4 -3 -1
right_child=2 3 -4 -5 -6 -7
leaf_value=0.002671404816348318 -0.033142769261234974 0.004791944479662461 -0.0048087064499081683 0.064795256869034853 0.045023408490556527 0.036149766274918567
leaf_weight=2033.4761494547129 3162.4094443172216 561.97192390263081 1202.1133800446987 746.25716285407543 748.48054185509682 477.11245395243168
leaf_count=8536 14464 400 4846 465 456 1935
internal_value=-0.000289641 0.0236627 -0.0253532 0.0413827 0.0278544 0.00909284
internal_weight=8931.82 4567.3 4364.52 2056.71 1310.45 2510.59
internal_count=31102 11792 19310 1321 856 10471
is_linear=0
shrinkage=0.05


Tree=10
num_leaves=7
num_cat=0
split_feature=36 38 4 24 29 37
split_gain=1700.55 733.684 298.248 275.127 208.825 164.809
threshold=2914.9948611111117 1.0000000180025095e-35 236708.50000000003 729.50000000000011 2.5000000000000004 0.68857758620689669
decision_type=8 2 8 10 2 2
left_child=1 3 -2 -1 5 -3
right_child=2 4 -4 -5 -6 -7
leaf_value=-0.0040898981725490599 -0.032232228403744428 0.017875608339379158 0.085393828022406248 0.030565904525795013 0.068469458527462765 0.050715322836694866
leaf_weight=3027.5509593635798 3021.5641227811575 992.98843581974506 50.207729816436768 701.06029510498047 476.05707888305187 625.53776481747627
leaf_count=13202 13549 632 163 2867 198 499
internal_value=-0.000101648 0.015774 -0.030174 0.00245836 0.0394151 0.0306848
internal_weight=8894.97 5823.19 3071.77 3728.61 2094.58 1618.53
internal_count=31110 17398 13712 16069 1329 1131
is_linear=0
shrinkage=0.05


Tree=11
num_leaves=7
num_cat=0
split_feature=35 29 16 2 36 36
split_gain=1811.41 447.84 276.473 267.51 246.341 170.47
threshold=2507.8823611111115 2.5000000000000004 548.50000000000011 260.50000000000006 5118.1291666666675 3806.3420833333334
decision_type=8 2 10 8 10 10
left_child=1 2 -1 -2 5 -5
right_child=3 -3 -4 4 -6 -7
leaf_value=0.0075377909681461743 -0.042413422625871826 0.065342857953612443 0.035705894831802608 -0.010267456520132362 -0.039465489114345852 0.043651866611864647
leaf_weight=2587.2800423800945 1199.4223400950432 543.73198735713959 1311.1673706769943 2237.3940182179213 754.45663270354271 151.93068858981133
leaf_count=7487 5662 387 3441 10083 3328 579
internal_value=0.000587159 0.0230237 0.0170452 -0.0223608 -0.0146551 -0.00675488
internal_weight=8785.38 4442.18 3898.45 4343.2 3143.78 2389.32
internal_count=30967 11315 10928 19652 13990 10662
is_linear=0
shrinkage=0.05


Tree=12
num_leaves=7
num_cat=0
split_feature=35 16 24 36 35 37
split_gain=1548.33 553.083 233.107 204.992 196.937 161.671
threshold=1187.8637500000002 288.50000000000006 186.50000000000003 4824.6498611111119 110.55194444444446 0.28991596638655465
decision_type=8 8 10 10 10 2
left_child=4 2 -2 -3 -1 -6
right_child=1 3 -4 -5 5 -7
leaf_value=0.050029347634311064 -0.030216426521956937 0.015009149044754351 -0.00018748539584087062 -0.045099522973958826 -0.043942274328277242 0.024147912035659833
leaf_weight=835.57221733033657 3463.7273738980293 1506.1857672929764 794.33045694231987 151.68147028982639 86.773320347070694 1949.8473214358091
leaf_count=599 15921 5558 3008 698 206 5183
internal_value=-0.000468665 -0.0150901 -0.0246214 0.00939062 0.0296212 0.0211463
internal_weight=8788.12 5915.93 4258.06 1657.87 2872.19 2036.62
internal_count=31173 25185 18929 6256 5988 5389
is_linear=0
shrinkage=0.05


Tree=13
num_leaves=7
num_cat=0
split_feature=35 4 37 38 21 35
split_gain=1522.95 413.928 394.052 219.654 172.188 149.088
threshold=1309.4962500000004 2364.5000000000005 0.37797619047619052 1.0000000180025095e-35 0.59986291980808781 5436.9231944444455
decision_type=8 8 2 2 10 8
left_child=3 -2 -3 -1 -5 -4
right_child=1 2 5 4 -6 -7
leaf_value=0.013076760017880355 -0.044396556518148791 -0.026603576478390886 0.01114077336945807 0.050776797274160873 0.016958969441421803 -0.013657239909617567
leaf_weight=1363.9018056839705 1006.3467951565981 1890.9735895395279 1847.8475058823824 1177.6303356140852 562.2141705006361 895.92744439840317
leaf_count=5590 4883 8627 6935 756 338 4039
internal_value=6.49529e-05 -0.0154092 -0.00907414 0.028169 0.0399288 0.00303334
internal_weight=8744.84 5641.1 4634.75 3103.75 1739.84 2743.77
internal_count=31168 24484 19601 6684 1094 10974
is_linear=0
shrinkage=0.05


Tree=14
num_leaves=7
num_cat=0
split_feature=35 16 29 24 4 36
split_gain=1409.22 433.679 308.347 188.088 186.632 148.988
threshold=1309.4962500000004 291.50000000000006 2.5000000000000004 150.50000000000003 25782.500000000004 4824.6498611111119
decision_type=8 8 2 10 10 10
left_child=2 3 4 -2 -1 -3
right_child=1 5 -4 -5 -6 -7
leaf_value=0.038385754788146237 -0.028766770825497247 0.013182841429857234 0.061705407265898848 -0.0022357680891034511 0.0099002060006657122 -0.039985603817259553
leaf_weight=881.56603835523129 3261.4751068353653 1357.5624475181103 531.08779983222485 840.88254383206367 1651.087228551507 141.00569854676723
leaf_count=2098 15384 5153 371 3298 4108 665
internal_value=-2.60901e-05 -0.0149365 0.027212 -0.0233379 0.0198716 0.0080637
internal_weight=8664.67 5600.93 3063.74 4102.36 2532.65 1498.57
internal_count=31077 24500 6577 18682 6206 5818
is_linear=0
shrinkage=0.05


Tree=15
num_leaves=7
num_cat=0
split_feature=35 27 24 14 29 24
split_gain=1190.79 343.749 228.118 164.3 148.002 144.106
threshold=2892.4106944444452 1.0000000180025095e-35 635.50000000000011 1.0000000180025095e-35 2.5000000000000004 863.50000000000011
decision_type=8 2 8 10 2 10
left_child=1 5 3 -2 -3 -1
right_child=2 4 -4 -5 -6 -7
leaf_value=0.0006787968570329823 -0.03650798690372898 0.025277930320650427 0.034967965622256174 -0.014745453340759707 0.057432334582073502 0.031140235975146965
leaf_weight=2292.4951727241278 1351.3214003145695 1470.8184942305088 176.32904525101185 2441.9867715239525 476.78478087484837 462.48139426112175
leaf_count=9626 6765 715 671 11202 217 1860
internal_value=0.000211461 0.017226 -0.0199409 -0.022536 0.0332764 0.00583955
internal_weight=8672.22 4702.58 3969.64 3793.31 1947.6 2754.98
internal_count=31056 12418 18638 17967 932 11486
is_linear=0
shrinkage=0.05


Tree=16
num_leaves=7
num_cat=0
split_feature=35 24 0 29 2 36
split_gain=1078.3 420.447 219.043 213.148 202.014 160.025
threshold=1309.4962500000004 706.50000000000011 21.500000000000004 2.5000000000000004 3923.0000000000005 5118.1291666666675
decision_type=8 8 10 2 10 10
left_child=3 2 -2 4 -1 -4
right_child=1 -3 5 -5 -6 -7
leaf_value=0.032204918877369197 -0.028289593875846026 0.030201738600890489 -0.0018503833480462027 0.051787924727416751 0.0040239768720171714 -0.035683822036863662
leaf_weight=1180.6021534055471 2550.1146053671837 492.75495724380016 2100.9009838104248 532.91894870996475 1375.2243894189596 414.38457582890987
leaf_count=2895 12144 1682 8761 392 3320 2000
internal_value=-0.000522214 -0.0136815 -0.0179759 0.0231415 0.0170789 -0.00748406
internal_weight=8646.9 5558.16 5065.4 3088.75 2555.83 2515.29
internal_count=31194 24587 22905 6607 6215 10761
is_linear=0
shrinkage=0.05


Tree=17
num_leaves=7
num_cat=0
split_feature=35 16 28 4 21 16
split_gain=1014.95 422.956 209.563 180.935 156.351 140.053
threshold=1244.207916666667 288.50000000000006 2.5000000000000004 2448.5000000000005 0.6250428375599727 728.50000000000011
decision_type=8 8 2 10 8 10
left_child=2 3 5 -2 -5 -1
right_child=1 -3 -4 4 -6 -7
leaf_value=0.011291716363711518 -0.040898315486040504 0.0089153616342878359 0.061602930359170707 -0.0085327525653699221 -0.033552916015827348 0.036926400283010218
leaf_weight=1864.0793211311102 928.79491402208805 1582.3094438761473 315.79064708948135 2190.5944302082062 871.37561509013176 745.45765763521194
leaf_count=4495 4760 6036 162 9624 4268 1647
internal_value=-0.000423379 -0.0129397 0.023403 -0.0216054 -0.0156961 0.0186713
internal_weight=8498.4 5573.07 2925.33 3990.76 3061.97 2609.54
internal_count=30992 24688 6304 18652 13892 6142
is_linear=0
shrinkage=0.05


Tree=18
num_leaves=7
num_cat=0
split_feature=35 16 38 4 20 15
split_gain=973.427 358.303 205.863 177.536 153.592 203.16
threshold=1244.207916666667 288.50000000000006 1.0000000180025095e-35 2364.5000000000005 0.12220435869953557 80.500000000000014
decision_type=8 8 2 10 10 10
left_child=2 3 -1 -2 -4 -6
right_child=1 -3 4 -5 5 -7
leaf_value=0.0090081359985449416 -0.03861400332020587 0.0091885012763343477 0.051920587773147203 -0.013308407030006013 -0.0048321827606541351 0.041595818028620404
leaf_weight=1290.2970549315214 893.06825657188892 1564.1543285250664 776.01349170506001 3086.6695057302713 408.94574226438999 547.92478048801422
leaf_count=5252 4654 6064 497 13961 250 332
internal_value=0.00137807 -0.0110662 0.0241789 -0.0190284 0.0354165 0.0218315
internal_weight=8567.07 5543.89 3023.18 3979.74 1732.88 956.871
internal_count=31010 24679 6331 18615 1079 582
is_linear=0
shrinkage=0.05


Tree=19
num_leaves=7
num_cat=0
split_feature=35 37 16 23 21 21
split_gain=871.906 432.473 247.416 180.803 175.737 129.447
threshold=5436.9231944444455 0.37797619047619052 958.50000000000011 5.2701905684159831 0.24332721976480745 0.42671717171717177
decision_type=8 2 10 8 10 10
left_child=1 5 -3 -2 -5 -1
right_child=3 2 -4 4 -6 -7
leaf_value=-0.036707660313268706 -0.028529830503806919 0.012267787306728381 0.042735337992473248 0.090699794504198489 -0.0054759534722847386 -0.0025721063456996254
leaf_weight=470.0974804610014 2347.4729819595814 3858.1046206951141 802.64769461750984 52.154720112681389 278.31299203634262 670.50817440450191
leaf_count=1797 12135 11601 1812 193 1332 2286
internal_value=-8.88106e-05 0.0108036 0.0175549 -0.0236618 0.0108282 -0.0167398
internal_weight=8479.3 5801.36 4660.75 2677.94 330.468 1140.61
internal_count=31156 17496 13413 13660 1525 4083
is_linear=0
shrinkage=0.05


Tree=20
num_leaves=7
num_cat=0
split_feature=36 38 4 21 25 24
split_gain=752.595 307.337 257.304 177.079 214.745 143.401
threshold=2701.1322222222229 1.0000000180025095e-35 236708.50000000003 0.48758930771125897 0.53194581890153392 747.50000000000011
decision_type=8 2 8 8 10 10
left_child=1 5 3 4 -2 -1
right_child=2 -3 -4 -5 -6 -7
leaf_value=-0.0028585889948387817 0.042488550404123915 0.026491084517253058 0.088054874112996256 -0.034898549326221641 -0.017463442846695484 0.022333077143238747
leaf_weight=2945.2158315032721 167.56530484557152 1964.6794096529484 48.192159935832024 1482.2349453419447 1113.0688030719757 693.7445964217186
leaf_count=13071 737 1310 154 7675 5291 2807
internal_value=-7.26724e-06 0.010582 -0.0210975 -0.023157 -0.00948425 0.0019681
internal_weight=8414.7 5603.64 2811.06 2762.87 1280.63 3638.96
internal_count=31045 17188 13857 13703 6028 15878
is_linear=0
shrinkage=0.05


Tree=21
num_leaves=7
num_cat=0
split_feature=35 29 14 24 24 4
split_gain=685.097 224.591 192.52 138.503 110.343 113.946
threshold=2846.2472222222227 2.5000000000000004 1.0000000180025095e-35 706.50000000000011 872.50000000000011 29506.000000000004
decision_type=8 2 8 8 10 10
left_child=1 4 -2 -4 -1 -6
right_child=2 -3 3 -5 5 -7
leaf_value=0.0048708270907426377 -0.032172286963688318 0.044860384485713736 -0.011155905238331335 0.039907857175783386 0.05097028078783359 0.0097548298603595176
leaf_weight=3457.8055650442839 1273.7905548661947 469.94100433588028 2393.3311572223902 135.72508628666401 280.62306518852711 413.55884669721127
leaf_count=10091 6872 372 11460 510 747 1162
internal_value=-0.000648548 0.012279 -0.016356 -0.00834217 0.00854176 0.0266615
internal_weight=8424.78 4621.93 3802.85 2529.06 4151.99 694.182
internal_count=31214 12372 18842 11970 12000 1909
is_linear=0
shrinkage=0.05


Tree=22
num_leaves=7
num_cat=0
split_feature=35 0 23 3 12 4
split_gain=669.941 274.1 202.621 213.12 136.777 147.994
threshold=1332.7075000000002 28.500000000000004 12.99467867376177 5296.5000000000009 32.500000000000007 2039.5000000000002
decision_type=8 8 10 10 10 10
left_child=2 4 3 -1 5 -2
right_child=1 -3 -4 -5 -6 -7
leaf_value=0.034197463865458716 -0.051038488108941626 0.0018777815552704872 0.076602404242284705 0.0057553177564817863 -0.0081576036968370978 -0.01982205846149937
leaf_weight=998.87531016767025 561.78276094794273 2332.0311012417078 137.87583144009113 1922.7088715732098 1227.460282087326 1188.3434651046991
leaf_count=2260 3183 9616 123 4353 5661 5951
internal_value=-0.000224329 -0.0109599 0.0183945 0.0155214 -0.0210006 -0.0299592
internal_weight=8369.08 5309.62 3059.46 2921.58 2977.59 1750.13
internal_count=31147 24411 6736 6613 14795 9134
is_linear=0
shrinkage=0.05


Tree=23
num_leaves=7
num_cat=0
split_feature=36 30 4 37 14 34
split_gain=622.949 295.466 179.79 147.15 124.247 97.1706
threshold=2914.9948611111117 2.5000000000000004 236708.50000000003 0.25833333333333336 1.0000000180025095e-35 4789.980833333334
decision_type=8 2 8 2 10 10
left_child=1 3 4 -1 -2 -5
right_child=2 -3 -4 5 -6 -7
leaf_value=-0.023415524119651747 -0.036479244691912882 0.031609567397429393 0.069330616349323124 0.0077941796997558314 -0.013984553214734805 -0.027440561811712106
leaf_weight=469.12270794808865 980.95951321721077 1117.2975522875786 49.776025652885437 3864.9117322713137 1656.7443743646145 201.25616861879826
leaf_count=1969 5513 1655 158 12675 7995 1056
internal_value=-0.000782695 0.00863911 -0.0205789 0.00295161 -0.0224035 0.00601867
internal_weight=8340.07 5652.59 2687.48 4535.29 2637.7 4066.17
internal_count=31021 17355 13666 15700 13508 13731
is_linear=0
shrinkage=0.05


Tree=24
num_leaves=7
num_cat=0
split_feature=38 36 28 1 16 24
split_gain=630.342 343.729 175.01 137.387 189.104 132.43
threshold=1.0000000180025095e-35 3513.7331944444445 2.5000000000000004 2144.5000000000005 166.50000000000003 747.50000000000011
decision_type=2 8 2 10 8 10
left_child=1 5 3 4 -2 -1
right_child=2 -3 -4 -5 -6 -7
leaf_value=-0.0031199967839059574 0.0011075111068464679 -0.023847350959094519 0.060313694958209242 0.0020331203510280541 0.042855617450231476 0.020314194283080778
leaf_weight=3241.9966995418072 409.76826225221157 2075.5503144413233 277.80248269438744 797.05172587931156 798.97092728316784 735.35131594538689
leaf_count=14682 390 11785 118 555 615 2981
internal_value=0.00106635 -0.00737988 0.0234212 0.0181743 0.0287657 0.0012327
internal_weight=8336.49 6052.9 2283.59 2005.79 1208.74 3977.35
internal_count=31126 29448 1678 1560 1005 17663
is_linear=0
shrinkage=0.05


Tree=25
num_leaves=7
num_cat=0
split_feature=35 37 35 40 3 21
split_gain=538.297 312.685 244.568 187.286 138.954 118.812
threshold=5436.9231944444455 0.37797619047619052 228.41652777777782 11.500000000000002 17179.500000000004 0.30012406947890824
decision_type=8 2 10 2 10 10
left_child=1 4 -3 -2 -1 -5
right_child=3 2 -4 5 -6 -7
leaf_value=-0.028445929238245321 0.071314453268171207 0.037044142213382245 0.0085692054560167746 0.0047195195177740703 0.0085053683248832532 -0.025799234814327044
leaf_weight=707.18386314809322 51.287393093109131 939.60635164380074 3764.5906315296888 375.23887725174427 392.88493260741234 2067.6547540724277
leaf_count=2762 18 1009 12585 1872 1259 11676
internal_value=0.000331874 0.00867923 0.01429 -0.019072 -0.0152702 -0.0211114
internal_weight=8298.45 5804.27 4704.2 2494.18 1100.07 2442.89
internal_count=31181 17615 13594 13566 4021 13548
is_linear=0
shrinkage=0.05


Tree=26
num_leaves=7
num_cat=0
split_feature=37 34 34 35 12 14
split_gain=482.228 388.747 207.779 144.587 125.512 132.546
threshold=0.39047619047619053 5289.063472222223 52.826111111111125 14711.324027777779 713.50000000000011 47.500000000000007
decision_type=2 8 10 10 10 10
left_child=3 2 4 -1 -2 -6
right_child=1 -3 -4 -5 5 -7
leaf_value=-0.014640041681665239 0.033899009911195148 -0.024496344977480461 0.0049724318152347523 -0.054805855115247895 -0.019704808107417635 0.028640430811875669
leaf_weight=2121.5120363086462 1367.9113522171974 803.13876496255398 3186.2077123075724 246.82934807240963 265.12246623635292 293.69173790514469
leaf_count=9758 889 4666 13887 1540 163 248
internal_value=0.000109773 0.0077425 0.0128256 -0.0189328 0.0257657 0.00573229
internal_weight=8284.41 5916.07 5112.93 2368.34 1926.73 558.814
internal_count=31151 19853 15187 11298 1300 411
is_linear=0
shrinkage=0.05


Tree=27
num_leaves=7
num_cat=0
split_feature=36 15 24 23 27 24
split_gain=408.818 175.59 161.636 146.907 115.979 111.425
threshold=3474.7206944444447 146.50000000000003 207.50000000000003 4.7890309316432376 2.5000000000000004 855.50000000000011
decision_type=8 10 8 10 2 10
left_child=1 4 3 -2 5 -1
right_child=2 -3 -4 -5 -6 -7
leaf_value=-0.0032527790875730455 -0.028262325630693121 0.021137629384477358 0.023201491460709808 0.010860102143305773 0.058319850590617131 0.019435729904912536
leaf_weight=3705.285647764802 1780.8246622234583 1468.8039321750402 204.22903640568256 274.51093555986881 82.130749568343163 628.54457296431065
leaf_count=13148 10066 3731 793 1443 31 1863
internal_value=-0.000748869 0.0061936 -0.0188034 -0.0230235 0.00120474 5.63888e-05
internal_weight=8144.33 5884.76 2259.56 2055.34 4415.96 4333.83
internal_count=31075 18773 12302 11509 15042 15011
is_linear=0
shrinkage=0.05


Tree=28
num_leaves=7
num_cat=0
split_feature=34 24 37 36 22 24
split_gain=458.237 246.689 170.609 166.391 127.032 100.523
threshold=52.826111111111125 19.500000000000004 0.39047619047619053 4917.4005555555568 2.4628730585351959 716.50000000000011
decision_type=8 10 2 10 8 10
left_child=2 -2 -1 5 -4 -3
right_child=1 3 4 -5 -6 -7
leaf_value=-0.013560178531202852 -0.027358043210368117 -0.0018784270341315836 0.018947663306476851 -0.026365369662338618 0.0511076078606768 0.017981395825311851
leaf_weight=322.69459064304829 1158.964944884181 3438.3403832912445 1511.754518866539 593.84724026918411 384.98055151104927 776.90229381620884
leaf_count=255 6802 16120 1016 3505 271 3156
internal_value=0.000510874 -0.00670361 0.0198821 -0.00170275 0.0255924 0.00179886
internal_weight=8187.48 5968.05 2219.43 4809.09 1896.74 4215.24
internal_count=31125 29583 1542 22781 1287 19276
is_linear=0
shrinkage=0.05


Tree=29
num_leaves=7
num_cat=0
split_feature=37 38 4 12 16 20
split_gain=425.546 279.727 173.479 139.34 135.112 110.359
threshold=0.25833333333333336 1.0000000180025095e-35 2039.5000000000002 25.500000000000004 1163.5000000000002 0.35561069754618152
decision_type=2 2 10 10 8 10
left_child=-1 2 3 -2 5 -3
right_child=1 4 -4 -5 -6 -7
leaf_value=-0.025457992650475637 -0.044533400483642203 0.02249368765014817 0.0022226533296359472 0.0093351900683828395 0.050375964627081576 -0.0063482840518021347
leaf_weight=1326.183448985219 374.65327109396458 1305.3540250211954 4209.0890207737684 173.34338587522507 320.95989216864109 441.54622939229012
leaf_count=6886 2342 861 19486 922 323 347
internal_value=0.000404022 0.00544433 -0.0012339 -0.0275632 0.0207734 0.0152063
internal_weight=8151.13 6824.95 4757.09 547.997 2067.86 1746.9
internal_count=31167 24281 22750 3264 1531 1208
is_linear=0
shrinkage=0.05


Tree=30
num_leaves=7
num_cat=0
split_feature=35 24 16 31 35 34
split_gain=383.278 233.702 144.664 154.538 135.46 135.238
threshold=1244.207916666667 706.50000000000011 706.50000000000011 1.5000000000000002 15925.140833333337 9.8809722222222245
decision_type=8 8 10 2 10 10
left_child=2 4 3 5 -2 -1
right_child=1 -3 -4 -5 -6 -7
leaf_value=0.028236023682772199 -0.0099558307781878828 0.023525912928896404 0.031111070564640766 -0.034964528262532699 -0.051048920551220379 -1.9824859630108919e-05
leaf_weight=711.9983716160059 4505.5734463632107 515.15351924300194 893.63681924343109 193.99314080178738 205.32786756753922 1034.3892464339733
leaf_count=256 21720 1749 1800 55 1389 4221
internal_value=-0.000270549 -0.00829784 0.0145207 0.00681968 -0.0117991 0.0115477
internal_weight=8060.07 5226.05 2834.02 1940.38 4710.9 1746.39
internal_count=31190 24858 6332 4532 23109 4477
is_linear=0
shrinkage=0.05


Tree=31
num_leaves=7
num_cat=0
split_feature=37 15 34 19 24 2
split_gain=372.086 253.441 144.089 104.431 104.367 99.6065
threshold=0.25833333333333336 114.50000000000001 8051.884027777779 4.5000000000000009 27.500000000000004 4107.5000000000009
decision_type=2 8 8 10 10 10
left_child=4 2 -2 -4 -1 -3
right_child=1 5 3 -5 -6 -7
leaf_value=-0.04602731628484568 0.0020815686225813582 0.03463863588368201 0.0012658914345625985 -0.039616508801203154 -0.015015661529702793 0.011130693012685723
leaf_weight=386.66359429061413 4142.0119640529156 729.37880410254002 260.19675725698471 384.71526646614075 911.3177370429039 1185.9959897696972
leaf_count=2374 14939 1784 1618 2375 4474 3413
internal_value=5.45879e-05 0.00480422 -0.00135043 -0.0232392 -0.0243951 0.0201494
internal_weight=8000.28 6702.3 4786.92 644.912 1297.98 1915.37
internal_count=30977 24129 18932 3993 6848 5197
is_linear=0
shrinkage=0.05


Tree=32
num_leaves=7
num_cat=0
split_feature=36 16 28 4 21 19
split_gain=310.114 196.366 177.603 168.985 150.905 145.5
threshold=2701.1322222222229 728.50000000000011 2.5000000000000004 151889.50000000003 0.6250428375599727 13.500000000000002
decision_type=8 10 2 8 8 10
left_child=1 2 -1 4 -2 -3
right_child=3 5 -4 -5 -6 -7
leaf_value=-5.1495084943568937e-05 -0.0089965504165924123 0.064668003163976681 0.057946220168768693 0.038646255336049096 -0.036063253345780748 0.016949185078104261
leaf_weight=4187.8138616830111 1640.6575658023357 187.07301327586174 131.29413352906704 137.12640275061131 748.93850648403168 993.40150581300259
leaf_count=14158 8752 464 77 545 4564 2530
internal_value=6.50987e-05 0.00672619 0.00177651 -0.0144179 -0.0175373 0.0247522
internal_weight=8026.3 5499.58 4319.11 2526.72 2389.6 1180.47
internal_count=31090 17229 14235 13861 13316 2994
is_linear=0
shrinkage=0.05


Tree=33
num_leaves=7
num_cat=0
split_feature=37 29 34 19 36 20
split_gain=309.721 214.446 149.982 126.873 103.875 100.932
threshold=0.25833333333333336 2.5000000000000004 6445.748611111112 4.5000000000000009 1.7748611111111112 0.60050505050505054
decision_type=2 2 8 10 8 8
left_child=-1 2 4 5 -2 -4
right_child=1 -3 3 -5 -6 -7
leaf_value=-0.022938381052940042 -0.032705989600971756 0.03941857996783267 0.02307304121873106 -0.035731407708018685 0.0056967108089032055 -0.041098297673933339
leaf_weight=1281.6425235718489 177.1116589307785 393.42979089915752 222.85077179968357 455.30805194377899 5379.3118340075016 78.89363420009613
leaf_count=6908 700 348 1338 2828 18442 525
internal_value=-0.000466547 0.00384155 0.0015951 -0.0192088 0.00444432 0.00589848
internal_weight=7988.55 6706.91 6313.48 757.052 5556.42 301.744
internal_count=31089 24181 23833 4691 19142 1863
is_linear=0
shrinkage=0.05


Tree=34
num_leaves=7
num_cat=0
split_feature=15 27 4 23 37 16
split_gain=272.311 206.305 133.947 106.858 88.4834 103.181
threshold=1.0000000180025095e-35 1.0000000180025095e-35 2039.5000000000002 2.345769398234903 0.25833333333333336 35.500000000000007
decision_type=8 2 10 8 2 10
left_child=-1 2 -2 -3 -4 -6
right_child=1 3 4 -5 5 -7
leaf_value=-0.028930666876160034 -0.026246782838460048 0.011086043761275245 -0.014790643678926586 0.040094843512037237 0.028439363252588459 0.0010581224525657692
leaf_weight=720.84196764230728 506.94887657463551 1552.0931639671326 770.72767281532288 396.48569630086422 375.21029716730118 3623.3084333539009
leaf_count=4260 3137 822 4447 221 1918 16295
internal_value=0.000264386 0.00319528 -0.00194244 0.0170761 0.000665785 0.00365981
internal_weight=7945.62 7224.77 5276.2 1948.58 4769.25 3998.52
internal_count=31100 26840 25797 1043 22660 18213
is_linear=0
shrinkage=0.05


Tree=35
num_leaves=7
num_cat=0
split_feature=35 4 23 23 16 8
split_gain=308.645 188.939 126.463 151.296 122.229 129.682
threshold=1244.207916666667 2364.5000000000005 12.99467867376177 0.59422853758702432 291.50000000000006 185.50000000000003
decision_type=8 8 10 10 8 10
left_child=2 -2 3 -1 -3 -6
right_child=1 4 -4 -5 5 -7
leaf_value=0.036309199486410468 -0.030010600119058751 -0.0093453613867464942 0.06148804639748482 0.0053807131345548851 0.019237367661937375 -0.01103482875386241
leaf_weight=477.06463721394539 772.90210922062397 2858.0711907148361 124.96046197414398 2214.1194702684879 963.3433885872364 553.33786745369434
leaf_count=1036 4870 14142 123 5179 3773 2101
internal_value=-2.50587e-05 -0.00730391 0.0132694 0.0109206 -0.00326256 0.00819305
internal_weight=7963.8 5147.65 2816.14 2691.18 4374.75 1516.68
internal_count=31224 24886 6338 6215 20016 5874
is_linear=0
shrinkage=0.05


Tree=36
num_leaves=7
num_cat=0
split_feature=15 21 10 2 34 21
split_gain=238.14 158.541 100.454 91.3069 90.848 80.6244
threshold=115.50000000000001 0.6002056202878685 151.50000000000003 3417.5000000000005 61.533333333333339 0.97752525252525257
decision_type=8 10 10 10 8 10
left_child=1 2 -1 4 -2 -3
right_child=3 5 -4 -5 -6 -7
leaf_value=-0.0018936753896538182 0.046419383806512941 -0.022906480156051803 0.036371682855971962 0.0068547622504652132 0.0099462616186990205 0.010971767349072918
leaf_weight=4107.7267614603043 361.17312514781952 1405.7698790132999 173.97620332241058 1321.9736095517874 326.30743511021137 197.5714480727911
leaf_count=17281 267 6813 565 3880 1444 820
internal_value=-0.000251006 -0.00532623 -0.000298249 0.014589 0.0293045 -0.0187107
internal_weight=7894.5 5885.04 4281.7 2009.45 687.481 1603.34
internal_count=31070 25479 17846 5591 1711 7633
is_linear=0
shrinkage=0.05


Tree=37
num_leaves=7
num_cat=0
split_feature=38 24 36 36 36 19
split_gain=268.01 168.703 142.098 118.719 96.4266 228.099
threshold=1.0000000180025095e-35 16.500000000000004 4917.4005555555568 20.552777777777781 3317.0227777777786 4.5000000000000009
decision_type=2 10 10 10 10 10
left_child=1 -1 4 -2 -3 -6
right_child=3 2 -4 -5 5 -7
leaf_value=-0.024435118027931538 0.039317381537161231 0.00030411629666842854 -0.024484173556435868 0.0098587362507271403 -0.014099944820339987 0.092388067442433441
leaf_weight=925.06282135099173 421.63118956983089 4065.7813372537494 571.2002771794796 1755.5641806870699 105.21418243646622 89.379501312971115
leaf_count=5983 393 18812 3630 1271 612 459
internal_value=0.000718052 -0.00493444 -0.0011794 0.0156407 0.00197017 0.0359006
internal_weight=7933.83 5756.64 4831.58 2177.2 4260.38 194.594
internal_count=31160 29496 23513 1664 19883 1071
is_linear=0
shrinkage=0.05


Tree=38
num_leaves=7
num_cat=0
split_feature=34 37 23 36 16 20
split_gain=224.299 178.363 146.572 119.75 118.262 85.8464
threshold=5507.9051388888902 0.37797619047619052 5.6123587603356873 1.7748611111111112 958.50000000000011 0.33386923901393356
decision_type=8 2 10 8 8 10
left_child=1 2 3 -1 5 -3
right_child=-2 4 -4 -5 -6 -7
leaf_value=-0.07025746718875879 -0.02114665092032926 0.0082151174071050624 0.057452256946798785 -0.01037969063464231 0.02598154797559395 -0.0094856777781251334
leaf_weight=83.286649867892265 1109.4593584612012 3369.0789563208818 71.14840692281723 1625.9005323275924 761.54952551424503 854.99496968090534
leaf_count=373 7388 10654 251 7797 1872 2723
internal_value=-0.000361182 0.00306025 -0.0105057 -0.0134939 0.00791023 0.00462532
internal_weight=7875.42 6765.96 1780.34 1709.19 4985.62 4224.07
internal_count=31058 23670 8421 8170 15249 13377
is_linear=0
shrinkage=0.05


Tree=39
num_leaves=7
num_cat=0
split_feature=37 29 21 4 24 36
split_gain=223.79 157.26 107.857 123.262 89.4175 84.0095
threshold=0.25833333333333336 4.5000000000000009 0.081574453837783556 2364.5000000000005 27.500000000000004 47.087083333333339
decision_type=2 2 10 10 10 10
left_child=4 2 -2 -4 -1 -5
right_child=1 -3 3 5 -6 -7
leaf_value=-0.04146529803108346 0.058232901815521793 0.054644323444853531 -0.019502245989126733 -0.0058605452210171785 -0.011480683127795195 0.0074189226152586822
leaf_weight=349.25174341350794 78.951309084892273 139.66069649159908 642.07714727520943 1682.2869287878275 855.24546368420124 4048.0976629704237
leaf_count=2402 228 108 3655 6759 4490 13319
internal_value=-0.000539705 0.00308598 0.00192839 0.0011857 -0.0203104 0.00351872
internal_weight=7795.57 6591.07 6451.41 6372.46 1204.5 5730.38
internal_count=30961 24069 23961 23733 6892 20078
is_linear=0
shrinkage=0.05


Tree=40
num_leaves=7
num_cat=0
split_feature=37 15 23 8 24 25
split_gain=218.679 136.273 98.8281 88.4516 146.842 114.768
threshold=0.25833333333333336 138.50000000000003 5.936436594464511 14.500000000000002 302.50000000000006 0.068546435355651511
decision_type=2 8 8 10 10 10
left_child=-1 3 -3 -2 5 -5
right_child=1 2 -4 4 -6 -7
leaf_value=-0.018824604409815409 0.0075365824372760461 0.012645692235925749 0.053748974382605889 0.031149454513065958 0.0062549433651200989 -0.020768856315670964
leaf_weight=1209.6895800158381 2247.9196385592222 1467.9629800617695 158.38720467686653 111.15866339951754 1323.9159773737192 1345.7359809353948
leaf_count=6863 9441 4055 311 373 4084 5950
internal_value=0.000686059 0.00424397 0.0168011 0.000170181 -0.00578742 -0.0167146
internal_weight=7864.77 6655.08 1626.35 5028.73 2780.81 1456.89
internal_count=31077 24214 4366 19848 10407 6323
is_linear=0
shrinkage=0.05


Tree=41
num_leaves=7
num_cat=0
split_feature=37 34 35 12 11 13
split_gain=202.198 174.142 134.754 125.94 117.589 107.678
threshold=0.37797619047619052 5507.9051388888902 228.41652777777782 713.50000000000011 356.50000000000006 6.5000000000000009
decision_type=2 8 10 10 10 10
left_child=-1 2 3 -2 -3 -5
right_child=1 4 -4 5 -6 -7
leaf_value=-0.012471684709021555 0.036005953554908134 -0.02231712425241883 0.0046494608556225427 -0.040393649399187659 0.067931600512454948 0.021803663999737242
leaf_weight=2153.5568245500326 727.335828140378 673.87770593166351 3947.4324958026409 111.88575403392315 33.331039950251579 167.05160368978977
leaf_count=11245 1022 4432 13784 234 195 250
internal_value=0.000550868 0.00551161 0.00882792 0.0251152 -0.0176166 -0.00341655
internal_weight=7814.47 5660.91 4953.71 1006.27 707.209 278.937
internal_count=31162 19917 15290 1506 4627 484
is_linear=0
shrinkage=0.05


Tree=42
num_leaves=7
num_cat=0
split_feature=16 21 35 8 14 1
split_gain=203.589 156.267 113.636 160.127 103.464 124.997
threshold=291.50000000000006 0.6002056202878685 997.54763888888908 11.500000000000002 18.500000000000004 2010.5000000000002
decision_type=8 10 10 10 8 10
left_child=1 2 3 -1 -2 -6
right_child=4 -3 -4 -5 5 -7
leaf_value=0.029249498961796124 -0.0046849839411525858 -0.021680434089909655 -0.0078336692146166575 -0.0095388012325830947 0.028003053512548611 0.0047638661911254682
leaf_weight=597.68383176624775 938.83577324450016 1291.1535586118698 2095.8747199103236 472.96176278591156 1024.1606725603342 1327.5383405834436
leaf_count=2005 3254 6784 10245 1971 2901 3867
internal_value=-9.59462e-05 -0.00705624 -0.00106843 0.0121499 0.00932954 0.0149224
internal_weight=7748.21 4457.67 3166.52 1070.65 3290.53 2351.7
internal_count=31027 21005 14221 3976 10022 6768
is_linear=0
shrinkage=0.05


Tree=43
num_leaves=7
num_cat=0
split_feature=15 35 15 23 33 4
split_gain=190.572 128.819 113.843 106.278 95.4388 100.212
threshold=64.500000000000014 997.54763888888908 44.500000000000007 12.99467867376177 1.5000000000000002 2183.5000000000005
decision_type=8 8 10 8 2 10
left_child=1 2 -1 -2 5 -3
right_child=3 4 -4 -5 -6 -7
leaf_value=0.017072411872851471 0.0070297430557400495 -0.02752739057792139 -0.026887447582128039 0.050427012132212873 -0.051691235925119705 -0.0056643023120663376
leaf_weight=809.85402370989323 2888.3105940297246 632.77361197769642 175.0895921587944 143.55552470684052 134.86747449636459 2966.6318047568202
leaf_count=1741 9165 4339 398 247 276 14934
internal_value=-0.00060837 -0.00688982 0.00916151 0.0091642 -0.0111301 -0.00954068
internal_weight=7751.08 4719.22 984.944 3031.87 3734.27 3599.41
internal_count=31100 21688 2139 9412 19549 19273
is_linear=0
shrinkage=0.05


Tree=44
num_leaves=7
num_cat=0
split_feature=37 35 2 2 24 36
split_gain=168.801 118.613 120.66 106.558 101.133 95.628
threshold=0.25833333333333336 1187.8637500000002 2606.5000000000005 321.50000000000006 26.500000000000004 465.26680555555561
decision_type=2 8 10 8 10 10
left_child=4 2 5 -3 -1 -2
right_child=1 3 -4 -5 -6 -7
leaf_value=-0.041763899791011326 0.016841963338030827 -0.018366925617200394 0.0033105527019644354 0.0020412472324968351 -0.0083982473112270296 0.054206594528322084
leaf_weight=305.09314386546612 732.26856127381325 794.07402643561363 1590.9097678661346 3201.3694118484855 862.54274839162827 222.07620929181576
leaf_count=2311 1857 4678 3554 13743 4480 386
internal_value=0.000212793 0.00334233 0.0117672 -0.00203266 -0.0172573 0.0257739
internal_weight=7708.33 6540.7 2545.25 3995.44 1167.64 954.345
internal_count=31009 24218 5797 18421 6791 2243
is_linear=0
shrinkage=0.05


Tree=45
num_leaves=7
num_cat=0
split_feature=15 27 38 21 22 31
split_gain=155.213 135.676 107.153 91.2453 99.707 79.3962
threshold=1.0000000180025095e-35 2.5000000000000004 3.5000000000000004 0.6002056202878685 18.288115100924731 1.5000000000000002
decision_type=8 2 2 10 8 2
left_child=-1 2 3 4 5 -2
right_child=1 -3 -4 -5 -6 -7
leaf_value=-0.023645653232071122 0.0040112236969994516 0.054887458376347731 0.039114053419670836 -0.0089730938215593914 0.057107096854600817 -0.027705298726134253
leaf_weight=653.83292821794748 4520.3782855644822 112.99742591381073 173.08724692463875 2055.5813930630684 80.536794580519199 201.3523775190115
leaf_count=4240 17770 57 111 8583 299 63
internal_value=-0.000423699 0.00171669 0.000823761 -0.000170451 0.00360288 0.00263084
internal_weight=7797.77 7143.93 7030.94 6857.85 4802.27 4721.73
internal_count=31123 26883 26826 26715 18132 17833
is_linear=0
shrinkage=0.05


Tree=46
num_leaves=7
num_cat=0
split_feature=15 22 4 37 36 36
split_gain=167.588 133.759 134.887 87.9794 118.283 110.587
threshold=1.0000000180025095e-35 35.665644235385699 2364.5000000000005 0.72821969696969713 1.7748611111111112 240.49069444444447
decision_type=8 8 10 2 8 8
left_child=-1 2 -2 4 -4 -6
right_child=1 -3 3 -5 5 -7
leaf_value=-0.024751034451609186 -0.021477320306385897 0.055556414642596266 -0.039411462454967426 0.01414656040656889 0.017638340565118038 -0.0021400823328648014
leaf_weight=645.47753784805536 609.37682791054249 108.74132960289717 178.98285433650017 1390.3467335700989 858.27717582881451 3893.4374099671841
leaf_count=4208 3612 262 683 3886 2144 16172
internal_value=-0.000468679 0.00177395 0.000890639 0.00306228 -7.44036e-05 0.00144718
internal_weight=7684.64 7039.16 6930.42 6321.04 4930.7 4751.71
internal_count=30967 26759 26497 22885 18999 18316
is_linear=0
shrinkage=0.05


Tree=47
num_leaves=7
num_cat=0
split_feature=27 14 12 3 3 23
split_gain=143.283 137.953 83.548 99.341 84.2354 70.1518
threshold=2.5000000000000004 1.0000000180025095e-35 26.500000000000004 56760.000000000007 130.50000000000003 5.0353701788701182
decision_type=2 8 10 10 10 8
left_child=1 2 3 -1 -4 -3
right_child=-2 5 4 -5 -6 -7
leaf_value=-0.026443297666098566 0.059355658470165384 0.0007584218611664396 0.056688759467779473 0.055948518950776918 -0.0057386802834175242 0.021352904983355465
leaf_weight=937.7435235157609 94.232984714210033 5607.47336486727 55.463586933910847 33.493711091578007 503.40966069698334 441.4608790948987
leaf_count=5771 51 20937 249 120 2380 1486
internal_value=-0.000336752 -0.00111757 -0.0145042 -0.02333 0.000904468 0.00227783
internal_weight=7673.28 7579.04 1530.11 971.237 558.873 6048.93
internal_count=30994 30943 8520 5891 2629 22423
is_linear=0
shrinkage=0.05


Tree=48
num_leaves=7
num_cat=0
split_feature=15 21 12 23 19 37
split_gain=177.641 115.156 124.396 104.346 105.735 75.5005
threshold=164.50000000000003 0.6002056202878685 570.00000000000011 0.81431337430132766 9.5000000000000018 0.39047619047619053
decision_type=8 10 10 10 10 2
left_child=1 5 -3 -4 -5 -1
right_child=-2 2 3 4 -6 -7
leaf_value=-0.0081744006502382834 0.017134662695974082 -0.022962146615040761 0.045339731803236805 -0.031690943604618903 0.02045403245844506 0.0056736388935607375
leaf_weight=1422.6154013350606 1370.022799089551 1158.2886483520269 125.22813531756401 195.46508137881756 184.03612080216408 3164.9386054724455
leaf_count=7551 3888 6450 489 753 535 11499
internal_value=0.000863181 -0.00271411 -0.0139648 0.00670578 -0.0064665 0.00137509
internal_weight=7620.59 6250.57 1663.02 504.729 379.501 4587.55
internal_count=31165 27277 8227 1777 1288 19050
is_linear=0
shrinkage=0.05


Tree=49
num_leaves=7
num_cat=0
split_feature=28 37 21 4 12 35
split_gain=144.505 128.412 108.444 88.4263 102.459 105.428
threshold=2.5000000000000004 0.25833333333333336 0.06277844413982181 2364.5000000000005 50.500000000000007 1398.5659722222224
decision_type=2 2 10 10 10 10
left_child=1 -1 -3 4 -4 -6
right_child=-2 2 3 -5 5 -7
leaf_value=-0.01617992427232795 0.041331923590993511 0.070376410434950701 -0.026617102209599553 0.0035791530839242337 -0.01032650940982071 0.08323136031617745
leaf_weight=1108.859417155385 207.01963357627392 52.86431460082531 488.1067123785615 5607.5401020720601 80.829824984073639 42.123648509383202
leaf_count=6763 154 117 3097 20192 371 208
internal_value=0.000633824 -0.000534975 0.0022419 0.00160661 -0.016377 0.0237261
internal_weight=7587.34 7380.32 6271.46 6218.6 611.06 122.953
internal_count=30902 30748 23985 23868 3676 579
is_linear=0
shrinkage=0.05


Tree=50
num_leaves=7
num_cat=0
split_feature=34 29 19 35 16 21
split_gain=121.698 100.104 99.5528 138.496 92.4029 85.5412
threshold=5507.9051388888902 2.5000000000000004 4.5000000000000009 14711.324027777779 9.5000000000000018 0.081574453837783556
decision_type=8 2 10 10 10 10
left_child=1 5 3 4 -2 -1
right_child=2 -3 -4 -5 -6 -7
leaf_value=0.052928976491537341 -0.018975311414259465 0.028382371542296427 -0.031056155817086553 -0.053838946453484263 0.030386723374485031 -0.00021009676476556476
leaf_weight=71.670906066894531 144.22637061029673 332.82054571062326 547.80642724782228 92.017649568617344 257.42640399187803 6190.9720127061009
leaf_count=177 1146 369 3894 838 1634 23206
internal_value=-0.000641748 0.00187025 -0.0164826 -0.000161763 0.0126463 0.000439776
internal_weight=7636.94 6595.46 1041.48 493.67 401.653 6262.64
internal_count=31264 23752 7512 3618 2780 23383
is_linear=0
shrinkage=0.05


Tree=51
num_leaves=7
num_cat=0
split_feature=28 24 21 10 36 36
split_gain=141.386 122.306 136.017 98.8292 89.491 100.84
threshold=2.5000000000000004 14.500000000000002 0.39146178768820289 219.50000000000003 4917.4005555555568 3317.0227777777786
decision_type=2 8 8 8 10 10
left_child=1 2 -1 4 5 -3
right_child=-2 3 -4 -5 -6 -7
leaf_value=0.038887535490596037 0.038539559465321838 -0.00075892965140502951 -0.02543324998866784 0.020284270767569331 -0.020117957498714985 0.031639206241307234
leaf_weight=86.999610736966133 220.08678910136223 5111.5319713279605 805.88498197495937 581.27071049064398 562.44604380428791 247.01056598126888
leaf_count=490 163 19144 5066 1695 3531 1063
internal_value=-0.000499265 -0.00168635 -0.0189844 0.000701762 -0.00123617 0.000762617
internal_weight=7615.23 7395.14 892.885 6502.26 5920.99 5358.54
internal_count=31152 30989 5556 25433 23738 20207
is_linear=0
shrinkage=0.05


Tree=52
num_leaves=7
num_cat=0
split_feature=34 19 35 29 20 2
split_gain=117.992 101.284 131.441 95.557 69.0684 70.1883
threshold=5507.9051388888902 4.5000000000000009 14711.324027777779 2.5000000000000004 0.62639354663282887 342.50000000000006
decision_type=8 10 10 2 10 10
left_child=3 2 4 -1 5 -2
right_child=1 -3 -4 -5 -6 -7
leaf_value=0.0013948985155356434 0.0017972981561417602 -0.030649163472376006 -0.053175859877880254 0.028147205036849865 -0.029318591507407333 0.048038217426111203
leaf_weight=6252.2222604304552 179.22700349986553 523.1992731615901 86.444634772837162 347.66734582185745 73.235823705792427 147.00900688022375
leaf_count=23302 1295 3813 829 367 597 865
internal_value=0.000386507 -0.0154932 0.000971533 0.00282439 0.0132014 0.0230451
internal_weight=7609.01 1009.12 485.916 6599.89 399.472 326.236
internal_count=31068 7399 3586 23669 2757 2160
is_linear=0
shrinkage=0.05


Tree=53
num_leaves=7
num_cat=0
split_feature=0 21 36 35 8 18
split_gain=103.871 113.682 94.2917 89.7261 88.7036 89.5411
threshold=25.500000000000004 0.65022275531185758 1198.2280555555558 2414.030555555556 12.500000000000002 26.500000000000004
decision_type=8 10 10 10 10 10
left_child=1 2 -1 -4 -2 -6
right_child=4 -3 3 -5 5 -7
leaf_value=0.0061400235060361736 0.01776800832845021 -0.025688882721830092 -0.044499752577651874 -0.0066826221691792288 -0.0042379724307159382 0.013840360889257242
leaf_weight=1442.4318213015795 1014.7905842885375 644.24644789844751 185.73443832993507 897.85764231532812 2394.705159470439 953.53483161330223
leaf_count=5869 3825 4117 505 5298 8866 2610
internal_value=-0.000145392 -0.00702688 -0.00222591 -0.0133393 0.00485716 0.00092346
internal_weight=7533.3 3170.27 2526.02 1083.59 4363.03 3348.24
internal_count=31090 15789 11672 5803 15301 11476
is_linear=0
shrinkage=0.05


Tree=54
num_leaves=7
num_cat=0
split_feature=4 12 4 23 36 4
split_gain=114.098 113.111 132.291 93.7256 96.7936 116.777
threshold=2364.5000000000005 28.500000000000004 1075.0000000000002 5.0353701788701182 5118.1291666666675 202207.00000000003
decision_type=8 10 10 8 8 10
left_child=1 -1 -3 4 -2 -6
right_child=3 2 -4 -5 5 -7
leaf_value=-0.03050298210772754 0.0033965686719502168 0.044587277670148251 -0.026794685392924813 0.023506951559300795 -0.017470792994371834 0.065758024829455905
leaf_weight=536.99810288846493 5347.7341079041362 128.33619014918804 121.83795838803053 482.9967752546072 926.51986279338598 39.291873209178448
leaf_count=3803 18265 653 672 1642 5923 167
internal_value=0.000303656 -0.0176553 0.00997952 0.0023951 0.000762689 -0.0137636
internal_weight=7583.71 787.172 250.174 6796.54 6313.55 965.812
internal_count=31125 5128 1325 25997 24355 6090
is_linear=0
shrinkage=0.05


Tree=55
num_leaves=7
num_cat=0
split_feature=27 35 37 22 24 12
split_gain=113.276 108.908 83.1246 79.1335 91.853 73.9359
threshold=2.5000000000000004 15925.140833333337 0.94281045751633996 35.665644235385699 14.500000000000002 3794.0000000000005
decision_type=2 10 2 8 10 10
left_child=1 2 3 4 -1 -6
right_child=-2 -3 -4 -5 5 -7
leaf_value=-0.017970748191681551 0.056710541536672036 -0.043236224999014958 0.061561365090884217 0.043958407556864962 -0.00075826805102121903 0.019879583399918868
leaf_weight=725.49619932472706 81.13419546931982 144.28276859223843 49.258291006088257 93.492421396076679 5998.536852195859 462.79946848005056
leaf_count=4569 49 1386 102 302 23133 1537
internal_value=-0.000301603 -0.000958011 -9.68576e-05 -0.000555998 -0.00116524 0.000734167
internal_weight=7555 7473.87 7329.58 7280.32 7186.83 6461.34
internal_count=31078 31029 29643 29541 29239 24670
is_linear=0
shrinkage=0.05


Tree=56
num_leaves=7
num_cat=0
split_feature=15 22 24 22 37 16
split_gain=117.303 94.6537 71.2284 66.1214 65.6459 65.9268
threshold=1.0000000180025095e-35 24.457002346748819 729.50000000000011 0.67760486003020393 0.92724867724867732 1559.5000000000002
decision_type=8 8 10 10 2 10
left_child=-1 2 4 -4 5 -2
right_child=1 -3 3 -5 -6 -7
leaf_value=-0.021385852512322848 -0.00098609168399845003 0.040898857480232809 0.023786097260111938 0.00023052485526892205 0.051266585733661912 -0.029723874534456726
leaf_weight=591.5484366491437 5364.0299982503057 145.79856646060944 587.99132016301155 598.90100741386414 53.327585704624653 202.3023589849472
leaf_count=4199 22217 378 1650 1703 120 688
internal_value=-0.000107562 0.00171699 0.000848299 0.0119509 -0.00150515 -0.00205627
internal_weight=7543.9 6952.35 6806.55 1186.89 5619.66 5566.33
internal_count=30955 26756 26378 3353 23025 22905
is_linear=0
shrinkage=0.05


Tree=57
num_leaves=7
num_cat=0
split_feature=28 37 24 31 19 8
split_gain=122.091 101.689 74.7355 76.2497 79.284 99.4407
threshold=2.5000000000000004 0.25833333333333336 27.500000000000004 1.5000000000000002 19.500000000000004 3.5000000000000004
decision_type=2 2 10 2 10 10
left_child=1 2 -1 4 5 -4
right_child=-2 -3 3 -5 -6 -7
leaf_value=-0.036421955571988331 0.040050012819262931 0.0018177926604464436 -0.012929341734111185 -0.068694603392642647 -0.033468294844198672 0.0278298759730175
leaf_weight=286.3109255284071 184.21378165483475 6279.6065267398953 325.54366595298052 41.816973000764847 161.04107686132193 268.73509722203016
leaf_count=2411 161 24117 2074 14 980 1403
internal_value=0.00039235 -0.000626337 -0.0147357 -0.00676803 -0.00291037 0.00558054
internal_weight=7547.27 7363.05 1083.45 797.137 755.32 594.279
internal_count=31160 30999 6882 4471 4457 3477
is_linear=0
shrinkage=0.05


Tree=58
num_leaves=7
num_cat=0
split_feature=14 23 35 23 24 36
split_gain=128.113 88.8394 74.9428 67.8842 99.808 103.322
threshold=27.500000000000004 5.936436594464511 15925.140833333337 1.1189898117024579 145.50000000000003 586.6912500000002
decision_type=8 8 10 10 10 10
left_child=2 3 -1 -2 5 -5
right_child=1 -3 -4 4 -6 -7
leaf_value=-0.0034770407165370799 0.014403579161128253 0.042554558850622454 -0.042495053047293306 -0.03513896591030867 0.011782411844074699 0.009528839631411273
leaf_weight=4752.7453482821584 1304.8717492818832 180.82554643601179 121.40400567650795 328.23087699711323 593.05587168037891 208.8387516066432
leaf_count=21509 4066 518 1264 1201 1681 815
internal_value=0.000298191 0.00921442 -0.00449144 0.00665641 -0.00231271 -0.0178423
internal_weight=7489.97 2615.82 4874.15 2435 1130.13 537.07
internal_count=31054 8281 22773 7763 3697 2016
is_linear=0
shrinkage=0.05


Tree=59
num_leaves=7
num_cat=0
split_feature=22 24 36 19 8 12
split_gain=113.681 135.904 81.5747 92.4016 103.661 108.891
threshold=35.665644235385699 14.500000000000002 5118.1291666666675 13.500000000000002 3.5000000000000004 436.50000000000006
decision_type=10 10 10 10 10 10
left_child=1 -1 -3 4 -4 -6
right_child=-2 2 3 -5 5 -7
leaf_value=-0.019789130141095419 0.053605512606544094 0.0038571312668565245 -0.020182218809992644 -0.041611042747276845 0.073332065941718511 -0.029801476576785044
leaf_weight=779.38884061574936 94.817039482295513 6071.2509253546596 199.75724414736032 212.6918438822031 71.751148492097855 35.01584167778492
leaf_count=5319 289 22085 1308 1448 480 183
internal_value=0.000603804 -0.000113972 0.00222605 -0.0167012 0.000973708 0.0396878
internal_weight=7464.67 7369.86 6590.47 519.216 306.524 106.767
internal_count=31112 30823 25504 3419 1971 663
is_linear=0
shrinkage=0.05


Tree=60
num_leaves=7
num_cat=0
split_feature=34 35 19 2 4 12
split_gain=117.004 84.3109 76.9973 91.8262 68.8284 103.137
threshold=14.850416666666669 15925.140833333337 5.5000000000000009 3761.5000000000005 2246.5000000000005 20.500000000000004
decision_type=8 10 8 10 10 10
left_child=2 4 -1 -4 5 -2
right_child=1 -3 3 -5 -6 -7
leaf_value=-0.004508117783088259 -0.033555815627667879 -0.041452509327378068 0.03410666597842283 0.0074934720063904656 0.00032144079502228925 0.0095862219841441349
leaf_weight=520.7475213482976 371.27836213260889 131.28956916183233 534.1697239279747 822.24069662392139 4870.9196782410145 216.3597678989172
leaf_count=251 3086 1409 295 460 24177 1365
internal_value=0.00102135 -0.00260714 0.0118046 0.0180608 -0.00163575 -0.0177247
internal_weight=7467.01 5589.85 1877.16 1356.41 5458.56 587.638
internal_count=31043 30037 1006 755 28628 4451
is_linear=0
shrinkage=0.05


Tree=61
num_leaves=7
num_cat=0
split_feature=21 29 10 25 12 24
split_gain=94.2947 150.23 87.9083 83.6569 70.7268 124.331
threshold=0.6002056202878685 2.5000000000000004 151.50000000000003 0.52225760792639786 788.50000000000011 521.50000000000011
decision_type=10 2 8 10 10 10
left_child=1 2 4 -4 -1 -6
right_child=-2 -3 3 -5 5 -7
leaf_value=0.0021793435495051769 -0.0092735277804492696 0.048379825536712016 0.061542648874443599 0.0078882593896416799 -0.053685807248528256 -0.0026488779617746213
leaf_weight=4193.8921049982309 2162.6832221746445 172.10002766549587 107.90971678495407 208.74376241117716 156.17700999975204 461.80835883319378
leaf_count=18102 10077 189 260 601 627 1323
internal_value=-0.000487095 0.00310317 0.00153817 0.0268451 -0.000153337 -0.0158743
internal_weight=7463.31 5300.63 5128.53 316.653 4811.88 617.985
internal_count=31179 21102 20913 861 20052 1950
is_linear=0
shrinkage=0.05


Tree=62
num_leaves=7
num_cat=0
split_feature=36 19 36 35 36 34
split_gain=81.7605 80.6847 107.798 137.989 119.727 128.222
threshold=5118.1291666666675 13.500000000000002 9504.3365277777793 8728.3116666666683 6841.5052777777792 6924.888750000001
decision_type=10 10 10 10 10 10
left_child=-1 2 3 -2 5 -5
right_child=1 -3 -4 4 -6 -7
leaf_value=0.0016920885674578585 -0.021497406994805769 -0.042212776088042442 -0.045322135806492601 -0.038597401419830063 0.10549918941350792 0.085911698411096277
leaf_weight=6885.5016758814454 134.95374724268913 209.28140939772129 104.62045104801655 49.759205713868141 50.884771168231964 28.286266982555389
leaf_count=26984 712 1494 962 364 292 223
internal_value=0.000171253 -0.0178116 -0.00357415 0.0135124 0.0495923 0.00898444
internal_weight=7463.29 577.786 368.504 263.884 128.93 78.0455
internal_count=31031 4047 2553 1591 879 587
is_linear=0
shrinkage=0.05


Tree=63
num_leaves=7
num_cat=0
split_feature=23 34 4 16 31 8
split_gain=103.052 121.389 127.684 72.6487 99.6318 82.4105
threshold=5.936436594464511 10765.585138888891 138948.50000000003 973.50000000000011 1.5000000000000002 32.500000000000007
decision_type=8 8 10 10 2 10
left_child=1 3 -3 4 -1 -5
right_child=-2 2 -4 5 -6 -7
leaf_value=0.00024187124835133158 0.02337517304970332 -0.032573262667364877 0.06967008712956009 0.052396783425594007 -0.027405345018914284 0.0074256080036497231
leaf_weight=5502.7388614490628 441.4785352870822 442.33728452026844 28.135503023862839 121.56257195770741 341.36947891116142 534.32593384385109
leaf_count=23439 1665 3812 159 331 111 1598
internal_value=8.76256e-05 -0.001403 -0.0257905 0.000380643 -0.00139512 0.0160939
internal_weight=7411.95 6970.47 470.473 6500 5844.11 655.889
internal_count=31115 29450 3971 25479 23550 1929
is_linear=0
shrinkage=0.05


Tree=64
num_leaves=7
num_cat=0
split_feature=21 28 24 22 4 25
split_gain=83.9865 81.3697 81.0474 96.6754 80.524 70.2442
threshold=0.06277844413982181 2.5000000000000004 872.50000000000011 0.47855165747156397 97375.000000000015 0.82314018855130489
decision_type=10 2 10 10 10 10
left_child=-1 2 5 -4 -5 -2
right_child=1 -3 3 4 -6 -7
leaf_value=0.058102095640817468 -0.00086309573828045178 0.032255147010638099 0.03883257147658542 -0.0083901162163051712 0.044714608648115238 -0.018676103565822482
leaf_weight=57.942433685064316 5870.3631202578545 186.65418393909931 264.06457671523094 388.78504025936127 82.193010106682777 606.12621258944273
leaf_count=161 25880 161 751 1212 257 2614
internal_value=0.000589433 0.000100058 -0.000753976 0.0149226 0.00124985 -0.00254331
internal_weight=7456.13 7398.19 7211.53 735.043 470.978 6476.49
internal_count=31036 30875 30714 2220 1469 28494
is_linear=0
shrinkage=0.05


Tree=65
num_leaves=7
num_cat=0
split_feature=4 36 12 34 23 36
split_gain=77.4486 124.618 89.52 113.561 67.1642 83.7748
threshold=2183.5000000000005 133.43680555555559 20.500000000000004 2480.0463888888894 5.0353701788701182 5118.1291666666675
decision_type=8 8 10 10 8 8
left_child=1 -1 -3 -4 5 -2
right_child=4 2 3 -5 -6 -7
leaf_value=0.051503378436508464 0.0019637148932068172 -0.037711295393532115 -0.016269489947305583 0.06659126538800049 0.019088591676312633 -0.014166224315183855
leaf_weight=56.719014026224613 5383.5463577583432 391.04337335377932 195.36931632459164 47.102497220039368 467.88751784712076 941.36614468693733
leaf_count=163 18515 3188 1031 380 1668 6291
internal_value=-0.000713808 -0.0166087 -0.0230623 0.000847226 0.000912338 -0.000446273
internal_weight=7483.03 690.234 633.515 242.472 6792.8 6324.91
internal_count=31236 4762 4599 1411 26474 24806
is_linear=0
shrinkage=0.05


Tree=66
num_leaves=7
num_cat=0
split_feature=15 38 8 2 23 25
split_gain=74.7724 55.7462 64.5896 87.7945 83.5636 59.8173
threshold=1.0000000180025095e-35 1.0000000180025095e-35 1.5000000000000002 2288.5000000000005 1.0467739802474092 0.35566239316239323
decision_type=8 2 8 10 10 10
left_child=-1 -2 -3 -4 -5 -6
right_child=1 2 3 4 5 -7
leaf_value=-0.017177358318115062 -0.0014705022142159447 -0.012239689053007551 0.029143609877836658 -0.010936820565749543 -0.0010705330548367038 0.029290153002641917
leaf_weight=582.84017796069384 4891.5229374058545 313.56397053599358 526.78582338243723 493.27766002714634 284.89755773544312 370.76007679104805
leaf_count=4259 25164 322 446 330 258 248
internal_value=-6.06137e-05 0.00140068 0.00844673 0.0123425 0.00454631 0.0161895
internal_weight=7463.65 6880.81 1989.29 1675.72 1148.94 655.658
internal_count=31027 26768 1604 1282 836 506
is_linear=0
shrinkage=0.05


Tree=67
num_leaves=7
num_cat=0
split_feature=37 29 36 3 23 34
split_gain=82.8904 70.4643 91.3554 118.676 97.3999 105.824
threshold=0.25833333333333336 2.5000000000000004 47.087083333333339 42235.500000000007 5.0353701788701182 4469.8237500000005
decision_type=2 2 10 8 10 10
left_child=-1 2 3 4 5 -2
right_child=1 -3 -4 -5 -6 -7
leaf_value=-0.01284989687050698 -0.023284295347023271 0.026371453432098974 0.0050578575723826628 0.029546558235405852 0.012650373382771805 0.028057866409389579
leaf_weight=1047.7914778068662 1165.2072837501764 285.11358051747084 4305.669485270977 179.15162818878889 298.32657948881388 105.58867184817791
leaf_count=6784 5953 350 15004 631 1480 735
internal_value=0.000143249 0.00229934 0.00114482 -0.00847918 -0.0129008 -0.0189251
internal_weight=7386.85 6339.06 6053.94 1748.27 1569.12 1270.8
internal_count=30937 24153 23803 8799 8168 6688
is_linear=0
shrinkage=0.05


Tree=68
num_leaves=7
num_cat=0
split_feature=35 20 23 34 20 38
split_gain=101.357 67.8174 70.478 91.754 70.3733 95.0822
threshold=14.189861111111112 0.62639354663282887 5.936436594464511 10765.585138888891 0.0042441032121259591 1.0000000180025095e-35
decision_type=8 10 8 8 10 2
left_child=-1 2 3 4 5 -2
right_child=1 -3 -4 -5 -6 -7
leaf_value=0.037725396399525407 0.0073052788434464812 -0.021255726789201262 0.021560491105497417 -0.023694757170260108 -0.0001754328512494954 0.070995037873432684
leaf_weight=173.94417567551136 216.94736247137189 363.77149841934443 379.23945416510105 394.38351429253817 5782.6675369590521 75.999398402869701
leaf_count=95 1142 2052 1509 3485 22741 67
internal_value=0.000553294 -0.000368636 0.0007554 -0.000479799 0.00104539 0.0247425
internal_weight=7386.95 7213.01 6849.24 6470 6075.61 292.947
internal_count=31091 30996 28944 27435 23950 1209
is_linear=0
shrinkage=0.05


Tree=69
num_leaves=7
num_cat=0
split_feature=27 37 37 24 35 35
split_gain=87.7536 54.7719 61.9617 93.7875 140.345 61.0386
threshold=2.5000000000000004 0.25833333333333336 0.17424242424242428 59.500000000000007 3012.8275000000008 8728.3116666666683
decision_type=2 2 2 10 10 10
left_child=1 2 5 -4 -5 -1
right_child=-2 -3 3 4 -6 -7
leaf_value=-0.0053807304974330334 0.05432592877120157 0.0015349792992408507 -0.03882610807743276 -0.050043004424081654 0.021838997255470088 0.043147576321192517
leaf_weight=297.02999047189951 69.539204940199852 6295.3940929844975 327.86296890676022 93.513985678553581 213.54648008942604 77.583818480372429
leaf_count=1621 50 24119 2941 301 1351 581
internal_value=0.000349302 -0.000201336 -0.0109831 -0.0204413 -0.000503428 0.00510558
internal_weight=7374.47 7304.93 1009.54 634.923 307.06 374.614
internal_count=30964 30914 6795 4593 1652 2202
is_linear=0
shrinkage=0.05


Tree=70
num_leaves=7
num_cat=0
split_feature=21 10 23 0 25 3
split_gain=75.3329 134.348 82.8382 90.105 82.9717 70.133
threshold=0.6002056202878685 188.50000000000003 1.1250572435394344 21.500000000000004 0.26386813186813191 38338.000000000007
decision_type=10 8 10 10 10 10
left_child=1 -1 3 -2 5 -4
right_child=2 -3 4 -5 -6 -7
leaf_value=0.0010157134698818534 -0.019550208181572486 0.0354612159824894 -0.014974132154486803 0.011845417718105473 -0.032223007442032429 0.023911698760640514
leaf_weight=4981.240551289171 328.97906130552292 295.15696795284748 433.971675388515 719.0337238907814 514.40845826640725 152.71099942922592
leaf_count=20326 2348 800 1992 2815 2474 464
internal_value=-0.000240003 0.00297431 -0.00812025 0.00194406 -0.0176649 -0.00473579
internal_weight=7425.5 5276.4 2149.1 1048.01 1101.09 586.683
internal_count=31219 21126 10093 5163 4930 2456
is_linear=0
shrinkage=0.05


Tree=71
num_leaves=7
num_cat=0
split_feature=27 37 37 24 35 8
split_gain=67.5769 68.5637 69.3915 109.601 105.129 101.657
threshold=2.5000000000000004 0.73385416666666681 0.75204918032786894 28.500000000000004 3438.5484722222222 14.500000000000002
decision_type=2 2 2 10 10 10
left_child=1 -1 -3 -4 5 -5
right_child=-2 2 3 4 -6 -7
leaf_value=-0.0027310498060358862 0.045224501369026754 0.032851909920830209 -0.049826668820126652 0.053078726412300825 0.057633254470808394 -0.0017512749542355618
leaf_weight=5979.8473563864827 77.054459527134895 255.47547180950642 81.805415250360966 88.563744783401489 94.194596655666828 873.32046925276518
leaf_count=26797 55 578 498 262 395 2486
internal_value=9.96369e-05 -0.000402273 0.00956611 0.00421718 0.00861856 0.00354547
internal_weight=7450.26 7373.21 1393.36 1137.88 1056.08 961.884
internal_count=31071 31016 4219 3641 3143 2748
is_linear=0
shrinkage=0.05


Tree=72
num_leaves=7
num_cat=0
split_feature=21 29 25 23 0 25
split_gain=65.63 90.4574 66.5952 77.1626 66.943 60.7668
threshold=0.6002056202878685 2.5000000000000004 0.26386813186813191 1.2306355165679366 26.500000000000004 0.19964726631393301
decision_type=10 2 10 10 10 10
left_child=1 5 4 -4 -2 -1
right_child=2 -3 3 -5 -6 -7
leaf_value=0.03591730838961487 -0.017300781415721764 0.038136179025526788 -0.0072256297151178572 -0.034562254275896626 0.010414028878541787 -4.8901104750351593e-05
leaf_weight=115.28276691585779 321.02950374037027 162.59381010383368 766.31620078161359 387.10958621650934 651.93225590139627 4969.1537456065416
leaf_count=449 1960 179 3685 2047 2305 20546
internal_value=-0.00101056 0.00199321 -0.00840987 -0.0165099 0.0012278 0.000801069
internal_weight=7373.42 5247.03 2126.39 1153.43 972.962 5084.44
internal_count=31171 21174 9997 5732 4265 20995
is_linear=0
shrinkage=0.05


Tree=73
num_leaves=7
num_cat=0
split_feature=21 4 12 34 37 35
split_gain=63.7532 80.7011 74.4598 75.6389 81.4447 70.6393
threshold=0.06277844413982181 2364.5000000000005 23.500000000000004 2109.3384722222227 0.29705882352941182 372.73694444444453
decision_type=10 10 10 10 2 8
left_child=-1 2 5 -4 -5 -2
right_child=1 -3 3 4 -6 -7
leaf_value=0.051375177642994964 0.041782901085693713 0.00085560457480056667 -0.010892399354995849 -0.013854597894891211 0.096408215680465398 -0.035261581721244967
leaf_weight=53.873688004910946 27.96964842826128 6597.4741887897253 212.70330195873976 27.319021955132484 34.157368734478951 400.58866878971457
leaf_count=159 37 25883 1094 273 200 3443
internal_value=-0.000447659 -0.000865 -0.0169104 0.00342437 0.0500527 -0.0298094
internal_weight=7354.09 7300.21 702.738 274.18 61.4764 428.558
internal_count=31089 30930 5047 1567 473 3480
is_linear=0
shrinkage=0.05


Tree=74
num_leaves=7
num_cat=0
split_feature=37 23 4 16 4 36
split_gain=67.6103 88.8461 82.5188 80.4836 78.5746 70.0031
threshold=0.73385416666666681 5.0353701788701182 195497.00000000003 86.500000000000014 146716.50000000003 1.7748611111111112
decision_type=2 10 10 10 10 8
left_child=1 5 3 -2 -5 -1
right_child=2 -3 -4 4 -6 -7
leaf_value=-0.033618560101682252 -0.045514550370957897 0.018051924044609823 0.057439060423187818 0.013441379078935773 -0.029708022536545073 -0.0032377628035800696
leaf_weight=191.74242367595434 65.357379771769047 477.45884242653847 80.075569227337837 1134.5771475061774 111.56108310818672 5302.6776270605624
leaf_count=803 432 1920 206 3269 341 24119
internal_value=-0.000210468 -0.00252471 0.0096945 0.0065723 0.00947512 -0.00432758
internal_weight=7363.45 5971.88 1391.57 1311.5 1246.14 5494.42
internal_count=31090 26842 4248 4042 3610 24922
is_linear=0
shrinkage=0.05


Tree=75
num_leaves=7
num_cat=0
split_feature=35 37 16 0 11 23
split_gain=54.271 59.9025 69.2501 124.57 104.39 78.1243
threshold=14.189861111111112 0.25833333333333336 44.500000000000007 28.500000000000004 129.50000000000003 0.96479764726789441
decision_type=8 2 10 8 10 10
left_child=-1 -2 3 4 -3 -6
right_child=1 2 -4 -5 5 -7
leaf_value=0.027016284019474531 -0.012446878341587669 -0.006388945684754301 -0.0017059271593627108 0.043649700348202716 0.060696983945267652 -0.0097499953610586717
leaf_weight=170.26467995718122 1002.4009984247386 640.16968359425664 5092.3182026855648 239.53120455890894 111.96142022311687 57.448186814785004
leaf_count=99 6802 3816 18706 920 402 273
internal_value=-0.000472402 -0.001146 0.000707149 0.0123726 0.00290749 0.0372132
internal_weight=7314.09 7143.83 6141.43 1049.11 809.579 169.41
internal_count=31018 30919 24117 5411 4491 675
is_linear=0
shrinkage=0.05


Tree=76
num_leaves=7
num_cat=0
split_feature=27 15 36 4 36 36
split_gain=70.2165 60.298 61.6164 120.924 103.18 101.796
threshold=2.5000000000000004 1.0000000180025095e-35 40.326250000000009 10865.500000000002 1.4283333333333335 237.7490277777778
decision_type=2 8 8 10 10 8
left_child=1 -1 3 4 -3 -4
right_child=-2 2 5 -5 -6 -7
leaf_value=-0.016243834636523319 0.052398383447479283 -0.022714746022770359 0.020256256289602478 -0.019253891490017536 0.055653048373216399 0.0002929284768673481
leaf_weight=551.87919892370701 58.439900383353233 63.561535850167274 726.23230472207069 778.46508940309286 107.25226978212595 5039.9181319139898
leaf_count=4242 48 292 2133 2409 307 21749
internal_value=2.36258e-05 -0.000433281 0.000877161 -0.010893 0.0266749 0.00282263
internal_weight=7325.75 7267.31 6715.43 949.279 170.814 5766.15
internal_count=31180 31132 26890 3008 599 23882
is_linear=0
shrinkage=0.05


Tree=77
num_leaves=7
num_cat=0
split_feature=29 21 15 4 12 19
split_gain=76.0516 63.3316 60.8894 88.537 63.8834 55.5271
threshold=4.5000000000000009 0.06277844413982181 1.0000000180025095e-35 141674.50000000003 13.500000000000002 4.5000000000000009
decision_type=2 10 10 10 10 10
left_child=1 -1 3 4 -3 -6
right_child=-2 2 -4 -5 5 -7
leaf_value=0.050991166946613868 0.042553447140700792 -0.035424076868239139 0.0010054823146948022 0.0459918552010736 0.021800573488509282 -0.038650890617874398
leaf_weight=55.653221756219864 102.13586786016822 326.62087638303638 6607.021834731102 47.019847519695759 114.06979332864285 50.802218690514565
leaf_count=151 121 2864 26670 195 801 321
internal_value=0.000736716 0.000114507 -0.000317126 -0.0164042 -0.0227765 0.00258421
internal_weight=7303.32 7201.19 7145.53 538.513 491.493 164.872
internal_count=31123 31002 30851 4181 3986 1122
is_linear=0
shrinkage=0.05


Tree=78
num_leaves=7
num_cat=0
split_feature=15 2 2 38 35 7
split_gain=65.8018 62.78 83.6302 75.4624 65.6603 61.9315
threshold=116.50000000000001 4981.5000000000009 5719.5000000000009 1.0000000180025095e-35 30.675000000000004 19.500000000000004
decision_type=8 10 10 2 8 10
left_child=5 3 -3 -2 -4 -1
right_child=1 2 4 -5 -6 -7
leaf_value=-0.0014248772080172282 0.0043144239347924574 -0.052449029545763637 0.048532426852211 0.036936565021966641 1.9397885119387446e-05 -0.016596343013390743
leaf_weight=4710.3124592751265 400.46968393027782 66.404741041362286 70.063583828508854 315.25762301310897 984.80564230680466 779.967369094491
leaf_count=22333 1818 167 57 316 3222 3082
internal_value=-0.000852482 0.00732665 -7.35979e-05 0.0188401 0.00345535 -0.00359333
internal_weight=7327.28 1837 1121.27 715.727 1054.87 5490.28
internal_count=30995 5580 3446 2134 3279 25415
is_linear=0
shrinkage=0.05


Tree=79
num_leaves=7
num_cat=0
split_feature=31 12 28 4 12 23
split_gain=57.0012 58.2426 114.545 106.325 75.8845 75.2218
threshold=1.5000000000000002 74.500000000000014 1.0000000180025095e-35 2119.5000000000005 61.500000000000007 0.92556524858230094
decision_type=2 10 2 10 10 10
left_child=1 2 3 -1 -5 -4
right_child=-2 -3 5 4 -6 -7
leaf_value=-0.021229716256696146 -0.016892330115848116 -0.004085413038950182 0.0030246617600636011 0.0028656844017565129 0.045982439023547816 0.034339793606250238
leaf_weight=464.25954784452915 473.34421376883984 3104.4926673024893 319.42022506147623 2342.2646912969649 101.75147135555744 478.80861604958773
leaf_count=4123 165 12370 296 13139 549 502
internal_value=-0.000207947 0.00096311 0.00519146 0.000574256 0.00475097 0.0219055
internal_weight=7284.34 6811 3706.5 2908.28 2444.02 798.229
internal_count=31144 30979 18609 17811 13688 798
is_linear=0
shrinkage=0.05


Tree=80
num_leaves=7
num_cat=0
split_feature=21 25 16 10 20 36
split_gain=49.8998 79.3369 70.9248 69.0291 68.8133 68.1936
threshold=0.6002056202878685 0.50021097046413521 740.50000000000011 30.500000000000004 0.0042441032121259591 644.59027777777794
decision_type=10 10 10 8 10 10
left_child=1 3 5 -1 -3 -2
right_child=2 4 -4 -5 -6 -7
leaf_value=0.010201746073067251 -0.020718955241419194 0.023483479036311556 0.010291886687852254 0.049842460895281528 -0.0019302877799046089 -0.00032827063653350134
leaf_weight=647.84473065659404 912.91004795581102 279.97962325066328 471.40076827257872 128.36072602123022 4072.6290103979409 741.37035801634192
leaf_count=3011 4553 1233 1352 387 16349 4160
internal_value=-0.000307403 0.00236247 -0.00673967 0.0170342 -0.000270489 -0.0116093
internal_weight=7254.5 5128.81 2125.68 776.205 4352.61 1654.28
internal_count=31045 20980 10065 3398 17582 8713
is_linear=0
shrinkage=0.05


Tree=81
num_leaves=7
num_cat=0
split_feature=24 24 25 8 24 16
split_gain=52.3215 123.948 67.9682 98.0228 122.656 103.025
threshold=872.50000000000011 1076.5000000000002 0.82314018855130489 12.500000000000002 135.50000000000003 766.50000000000011
decision_type=10 10 10 10 10 10
left_child=2 -2 3 4 5 -1
right_child=1 -3 -4 -5 -6 -7
leaf_value=0.00048012613484165671 0.038967515146238252 -0.0029693941750868137 -0.017022498262872304 -0.004992558523884188 0.032948490525323941 0.054730904968071897
leaf_weight=1921.9920404665172 274.40724061429501 475.22876377403736 621.84987556189299 3555.8266813494265 405.72110607475042 86.692216821014881
leaf_count=10637 820 1431 2739 14008 1260 258
internal_value=6.66786e-05 0.0125383 -0.00135999 0.000284274 0.00805001 0.0029516
internal_weight=7341.72 749.636 6592.08 5970.23 2414.41 2008.68
internal_count=31153 2251 28902 26163 12155 10895
is_linear=0
shrinkage=0.05


Tree=82
num_leaves=7
num_cat=0
split_feature=37 35 27 36 37 4
split_gain=52.7168 50.7475 44.3309 49.9666 70.6227 39.0439
threshold=0.93541666666666679 15925.140833333337 2.5000000000000004 1.7748611111111112 0.53229166666666672 2364.5000000000005
decision_type=2 10 2 8 2 8
left_child=1 2 3 4 -1 -5
right_child=-2 -3 -4 5 -6 -7
leaf_value=-0.041068598653347568 0.049893507291222244 -0.03277687726006117 0.04119168150280212 -0.010899890133414934 0.021904602149859467 0.0018753368969079993
leaf_weight=154.12897566705942 47.77299714833498 113.0448783300817 60.594849299639463 656.8767973780632 58.161106877028942 6200.7794139236212
leaf_count=678 126 1424 53 4698 161 24037
internal_value=0.000101106 -0.000261475 0.000276618 -0.000102918 -0.0237088 0.000644582
internal_weight=7291.36 7243.59 7130.54 7069.95 212.29 6857.66
internal_count=31177 31051 29627 29574 839 28735
is_linear=0
shrinkage=0.05


Tree=83
num_leaves=7
num_cat=0
split_feature=15 31 8 24 25 24
split_gain=56.9174 71.3468 49.9823 108.802 121.22 140.201
threshold=150.50000000000003 1.5000000000000002 14.500000000000002 13.500000000000002 0.84356132611216739 143.50000000000003
decision_type=8 2 10 10 10 10
left_child=1 2 3 -1 5 -5
right_child=-2 -3 -4 4 -6 -7
leaf_value=-0.017691607822205337 0.0088428464176793075 -0.025908641477995088 -0.0056948420643481304 0.0069480306831924844 -0.016660194064546979 0.041623086819595534
leaf_weight=480.4672318957746 1397.2659843750298 300.17884884774685 2852.0168224908412 1482.3311478570104 392.39977557957172 358.79827331006527
leaf_count=3830 4271 100 12319 7613 1875 1207
internal_value=-0.000207751 -0.0023692 -0.00107759 0.00377602 0.00842324 0.0137999
internal_weight=7263.46 5866.19 5566.01 2714 2233.53 1841.13
internal_count=31215 26944 26844 14525 10695 8820
is_linear=0
shrinkage=0.05


Tree=84
num_leaves=7
num_cat=0
split_feature=4 12 35 36 36 4
split_gain=55.7875 73.2697 79.4445 70.4952 117.637 142.969
threshold=2183.5000000000005 51.500000000000007 1065.152638888889 47.087083333333339 237.7490277777778 132140.00000000003
decision_type=8 10 8 8 8 10
left_child=1 2 -1 -2 5 -5
right_child=3 -3 -4 4 -6 -7
leaf_value=0.028327991443987122 -0.0099797153534266509 0.017726163788527198 -0.030180651635976274 0.036850410438728325 0.0015434519198499501 -0.023891802026176211
leaf_weight=62.826549224555492 1056.2458656877279 141.35365020483732 434.32379771023989 483.05133306980133 4965.6108965314925 117.16204951703548
leaf_count=130 3320 786 3838 1178 21530 345
internal_value=0.000468482 -0.0135872 -0.0225783 0.00183297 0.00408164 0.0248941
internal_weight=7260.57 638.504 497.15 6622.07 5565.82 600.213
internal_count=31127 4754 3968 26373 23053 1523
is_linear=0
shrinkage=0.05


Tree=85
num_leaves=7
num_cat=0
split_feature=23 24 16 12 23 36
split_gain=57.1995 72.0607 79.3481 132.261 120.673 50.5781
threshold=5.936436594464511 17.500000000000004 42.500000000000007 67.500000000000014 0.92045392907136281 5118.1291666666675
decision_type=10 10 10 10 10 10
left_child=1 2 3 -1 -5 -3
right_child=-2 5 -4 4 -6 -7
leaf_value=-0.022236789892681498 0.018180740540994469 0.0024297294460406188 -0.033431679566201709 0.078864830923983456 -0.0053110860026421309 -0.014348797252481128
leaf_weight=274.95156769454479 419.39945807680488 5617.4324783086777 329.98259892314672 74.065125584602356 90.986652351915836 483.17468450590968
leaf_count=2795 1691 20505 2053 325 493 3294
internal_value=0.000366495 -0.000733365 -0.0150952 -0.0011226 0.0336701 0.00109019
internal_weight=7289.99 6870.59 769.986 440.003 165.052 6100.61
internal_count=31156 29465 5666 3613 818 23799
is_linear=0
shrinkage=0.05


end of trees

feature_importances:
ev_h_since_prev=54
n_dying_ch=52
ev_gap_last=43
ev_relapse_rate=36
n_rows_28d=34
n_alarm_28d=30
rate_28d=26
act_share_7d=24
ev_h_since_inc=23
n_undef_28d=21
n_alarm_7d=18
ev_inc_168h=15
n_bad_28d=12
n_ch_bad_28d=12
ev_open_ch=12
n_rows_3d=11
dying_share=11
ev_inc_24h=10
act_share_1d=8
rate_7d=8
ev_inc_72h=8
n_alarm_3d=7
ev_inc_672h=7
n_active_ch=6
n_rows_7d=6
ev_fail_3h=6
n_undef_3d=5
n_rows_1d=3
n_undef_7d=3
n_bad_7d=1
n_alarm_1d=1
n_ch_bad_7d=1
ev_fail_168h=1
hour=1

parameters:
[boosting: gbdt]
[objective: binary]
[metric: average_precision]
[tree_learner: serial]
[device_type: cpu]
[data_sample_strategy: bagging]
[data: ]
[valid: ]
[num_iterations: 2000]
[learning_rate: 0.05]
[num_leaves: 7]
[num_threads: 6]
[seed: 57]
[deterministic: 1]
[force_col_wise: 1]
[force_row_wise: 0]
[histogram_pool_size: -1]
[max_depth: -1]
[min_data_in_leaf: 200]
[min_sum_hessian_in_leaf: 0.001]
[bagging_fraction: 0.8]
[pos_bagging_fraction: 1]
[neg_bagging_fraction: 1]
[bagging_freq: 1]
[bagging_seed: 30554]
[bagging_by_query: 0]
[feature_fraction: 0.8]
[feature_fraction_bynode: 1]
[feature_fraction_seed: 30558]
[extra_trees: 0]
[extra_seed: 6244]
[early_stopping_round: 0]
[early_stopping_min_delta: 0]
[first_metric_only: 1]
[max_delta_step: 0]
[lambda_l1: 0]
[lambda_l2: 5]
[linear_lambda: 0]
[min_gain_to_split: 0]
[drop_rate: 0.1]
[max_drop: 50]
[skip_drop: 0.5]
[xgboost_dart_mode: 0]
[uniform_drop: 0]
[drop_seed: 23688]
[top_rate: 0.2]
[other_rate: 0.1]
[min_data_per_group: 100]
[max_cat_threshold: 32]
[cat_l2: 10]
[cat_smooth: 10]
[max_cat_to_onehot: 4]
[top_k: 20]
[monotone_constraints: ]
[monotone_constraints_method: basic]
[monotone_penalty: 0]
[feature_contri: ]
[forcedsplits_filename: ]
[refit_decay_rate: 0.9]
[cegb_tradeoff: 1]
[cegb_penalty_split: 0]
[cegb_penalty_feature_lazy: ]
[cegb_penalty_feature_coupled: ]
[path_smooth: 0]
[interaction_constraints: ]
[verbosity: -1]
[saved_feature_importance_type: 0]
[use_quantized_grad: 0]
[num_grad_quant_bins: 4]
[quant_train_renew_leaf: 0]
[stochastic_rounding: 1]
[linear_tree: 0]
[max_bin: 255]
[max_bin_by_feature: ]
[min_data_in_bin: 3]
[bin_construct_sample_cnt: 200000]
[data_random_seed: 224]
[is_enable_sparse: 1]
[enable_bundle: 1]
[use_missing: 1]
[zero_as_missing: 0]
[feature_pre_filter: 1]
[pre_partition: 0]
[two_round: 0]
[header: 0]
[label_column: ]
[weight_column: ]
[group_column: ]
[ignore_column: ]
[categorical_feature: ]
[forcedbins_filename: ]
[precise_float_parser: 0]
[parser_config_file: ]
[objective_seed: 6962]
[num_class: 1]
[is_unbalance: 0]
[scale_pos_weight: 1]
[sigmoid: 1]
[boost_from_average: 1]
[reg_sqrt: 0]
[alpha: 0.9]
[fair_c: 1]
[poisson_max_delta_step: 0.7]
[tweedie_variance_power: 1.5]
[lambdarank_truncation_level: 30]
[lambdarank_norm: 1]
[label_gain: ]
[lambdarank_position_bias_regularization: 0]
[eval_at: ]
[multi_error_top_k: 1]
[auc_mu_weights: ]
[num_machines: 1]
[local_listen_port: 12400]
[time_out: 120]
[machine_list_filename: ]
[machines: ]
[gpu_platform_id: -1]
[gpu_device_id: -1]
[gpu_use_dp: 0]
[num_gpu: 1]

end of parameters

pandas_categorical:[]
