tree
version=v4
num_class=1
num_tree_per_iteration=1
label_index=0
max_feature_idx=41
objective=binary sigmoid:1
feature_names=n_active_ch n_rows_1d n_rows_3d n_rows_7d n_rows_28d n_bad_1d n_bad_3d n_bad_7d n_bad_28d n_undef_1d n_undef_3d n_undef_7d n_undef_28d n_alarm_1d n_alarm_3d n_alarm_7d n_alarm_28d n_ch_bad_1d n_ch_bad_7d n_ch_bad_28d act_share_1d act_share_7d rate_7d rate_28d n_dying_ch dying_share ev_inc_6h ev_inc_24h ev_inc_72h ev_inc_168h ev_inc_672h ev_fail_3h ev_fail_24h ev_fail_168h ev_h_since_inc ev_h_since_prev ev_gap_last ev_relapse_rate ev_open_ch is_rearm hour dow
feature_infos=[0:1459] [0:200094] [0:575548] [0:1039472] [0:3446064] [0:32012] [0:32027] [0:32027] [0:32057] [0:37262] [0:71955] [0:122355] [0:165289] [0:32013] [0:32065] [0:32176] [0:33059] [0:383] [0:947] [0:1109] [0:1] [0.0054644808743169399:1] [0:52] [0:13] [0:1420] [0:1] [0:3] [0:7] [0:11] [0:18] [0:25] [0:191] [0:561] [0:1165] [1:22977.983611111111] [2.0238888888888891:28233.218888888889] [1.0238888888888888:21790.846388888887] [0.090909090909090912:0.96551724137931039] [0:195] [0:1] [0:23] [0:6]
tree_sizes=889 903 906 896 899 899 899 909 904 897 911 903 908 908 906 902 894 906 899 900 905 902 903 893 912 895 908 901 897 901 902 899 906 898 905 909 907 908 903 907 909 907 906 904 908 903 904 908 904 903 902 912 904 902 912 901 896 907 907 906 908 913 905 903 913 904 913 905 912 902 903 911 905 904 909 911 905 905 910 898 899 896 910 900 905 899 914 912 903 900 913 899 901 906 902

Tree=0
num_leaves=7
num_cat=0
split_feature=35 30 24 24 35 12
split_gain=4923.57 1122.81 487.565 394.553 254.932 236.701
threshold=2533.575416666667 2.5000000000000004 102.50000000000001 729.50000000000011 205.22361111111113 21.500000000000004
decision_type=8 2 10 10 10 10
left_child=1 3 5 -1 -3 -2
right_child=2 4 -4 -5 -6 -7
leaf_value=-0.53075462151978003 -0.60050589639521157 -0.44595403691926727 -0.55467486286401069 -0.49064637501210562 -0.49756346516973443 -0.57342425993389001
leaf_weight=2371.9699318408966 1922.7226215600967 765.09162855148315 1496.9486790895462 824.35600244998932 368.60124719142914 1424.9017772674561
leaf_count=7406 7965 716 5965 2427 956 5753
internal_value=-0.543833 -0.505112 -0.578444 -0.520344 -0.462459 -0.589041
internal_weight=9174.59 4330.02 4844.57 3196.33 1133.69 3347.62
internal_count=31188 11505 19683 9833 1672 13718
is_linear=0
shrinkage=1


Tree=1
num_leaves=7
num_cat=0
split_feature=35 38 24 30 16 24
split_gain=4677.55 988.686 424.78 349.579 309.989 214.246
threshold=2665.1501388888896 1.0000000180025095e-35 120.50000000000001 2.5000000000000004 525.50000000000011 747.50000000000011
decision_type=8 2 8 2 10 10
left_child=1 4 -2 -3 5 -1
right_child=2 3 -4 -5 -6 -7
leaf_value=-0.0048968663747788865 -0.043410673002645367 0.045089138048327794 -0.0091935631910933079 0.088296387909046828 0.04153020177076408 0.041013278538315261
leaf_weight=1355.5188185572624 3478.6923464983702 1115.9832078069448 1230.5974946022034 831.33307066559792 798.16993975639343 307.53221513330936
leaf_count=5811 14448 880 4905 464 3405 1306
internal_value=0.000143802 0.0371359 -0.0344885 0.0637137 0.0160211 0.00369035
internal_weight=9117.83 4408.54 4709.29 1947.32 2461.22 1663.05
internal_count=31219 11866 19353 1344 10522 7117
is_linear=0
shrinkage=0.05


Tree=2
num_leaves=7
num_cat=0
split_feature=36 34 24 30 24 15
split_gain=3266.68 1424.09 493.459 448.007 279.018 181.687
threshold=2701.1322222222229 106.64805555555557 716.50000000000011 2.5000000000000004 101.50000000000001 132.50000000000003
decision_type=8 10 10 2 10 10
left_child=1 3 5 -1 -2 -3
right_child=4 2 -4 -5 -6 -7
leaf_value=0.035049059763540891 -0.046845850860931536 -0.011203918218127319 0.042227503734850007 0.081361919543192884 -0.013518165988042775 0.020700184051739484
leaf_weight=1216.1302888393402 2572.2538972347975 2359.7880039215088 671.18577662110329 929.19427362084389 837.13791066408157 545.23664045333862
leaf_count=1217 10738 10204 2834 755 3138 2333
internal_value=1.51317e-05 0.0230953 0.00375536 0.0552509 -0.0386944 -0.00519064
internal_weight=9130.93 5721.53 3576.21 2145.32 3409.39 2905.02
internal_count=31219 17343 15371 1972 13876 12537
is_linear=0
shrinkage=0.05


Tree=3
num_leaves=7
num_cat=0
split_feature=35 16 29 36 37 16
split_gain=3736.57 790.808 530.9 297.865 275.848 259.421
threshold=1309.4962500000004 288.50000000000006 2.5000000000000004 3474.7206944444447 0.31009615384615391 686.50000000000011
decision_type=8 8 2 8 2 10
left_child=2 3 5 -2 -3 -1
right_child=1 4 -4 -5 -6 -7
leaf_value=0.025442346562207098 -0.018002356076369859 -0.03792617086287528 0.092107564001189857 -0.044014157059874486 0.018235377922241332 0.060676478937950834
leaf_weight=1688.4046637117863 1965.379871815443 258.33530397713184 520.21872365474701 2528.9442759901285 1287.4344851672649 761.73516373336315
leaf_count=4461 7922 1106 373 10636 4736 1785
internal_value=0.000506178 -0.0220708 0.0463755 -0.0326718 0.00875741 0.0364977
internal_weight=9010.45 6040.09 2970.36 4494.32 1545.77 2450.14
internal_count=31019 24400 6619 18558 5842 6246
is_linear=0
shrinkage=0.05


Tree=4
num_leaves=7
num_cat=0
split_feature=35 35 35 24 3 2
split_gain=3419.29 633.069 487.542 266.688 233.471 192.188
threshold=1501.2641666666671 5365.6436111111116 110.55194444444446 706.50000000000011 13606.500000000002 2606.5000000000005
decision_type=8 8 10 10 10 10
left_child=2 3 -1 4 -2 -4
right_child=1 -3 5 -5 -6 -7
leaf_value=0.072493322777304164 -0.02522576135565039 -0.038232039694017166 0.046197977521022664 0.035186607175775174 0.0075427241670824683 0.017455403624593541
leaf_weight=878.13511979579926 1266.9212700873613 3141.3995943665504 971.74740408360958 354.66872790455818 946.04371900856495 1463.9740099906921
leaf_count=604 5027 13590 2710 1300 3543 4179
internal_value=0.000247811 -0.0231972 0.0406124 -0.00476407 -0.0112318 0.0289936
internal_weight=9022.89 5709.03 3313.86 2567.63 2212.96 2435.72
internal_count=30953 23460 7493 9870 8570 6889
is_linear=0
shrinkage=0.05


Tree=5
num_leaves=7
num_cat=0
split_feature=36 34 24 4 29 16
split_gain=2405.07 962.052 420.644 303.577 299.08 238.972
threshold=2701.1322222222229 63.217361111111117 729.50000000000011 202207.00000000003 2.5000000000000004 548.50000000000011
decision_type=8 10 10 10 2 10
left_child=1 4 5 -2 -1 -3
right_child=3 2 -4 -5 -6 -7
leaf_value=0.034612186376180784 -0.036679032400813133 -0.011838720523149378 0.038349015825927694 0.0629009072189253 0.077567446472298823 0.022900724680027261
leaf_weight=1555.9391103237867 3218.0657676309347 2351.4836752563715 702.26309286057949 74.02090772986412 552.80567564070225 621.83252176642418
leaf_count=1256 13617 10225 2907 262 315 2620
internal_value=-0.000261343 0.0191516 0.00368964 -0.034348 0.0460297 -0.00454714
internal_weight=9076.41 5784.32 3675.58 3292.09 2108.74 2973.32
internal_count=31202 17323 15752 13879 1571 12845
is_linear=0
shrinkage=0.05


Tree=6
num_leaves=7
num_cat=0
split_feature=30 37 36 24 38 4
split_gain=2322.74 1002.44 380.263 330.22 216.404 211.92
threshold=1.5000000000000002 0.56385869565217395 3012.6204166666671 32.500000000000007 1.0000000180025095e-35 236708.50000000003
decision_type=2 2 8 10 2 8
left_child=1 2 -1 -3 -2 -4
right_child=4 3 5 -5 -6 -7
leaf_value=-0.009444899282151184 0.022568537892961794 -0.03296381211838878 -0.039081453885106539 0.02543912170491084 0.058122223298552211 0.061044062476154015
leaf_weight=2086.710541754961 636.70212070643902 280.06669503450394 2921.8710925877094 1616.4447027444839 1361.6108543425798 49.538207113742828
leaf_count=7989 2637 1165 12729 5665 772 150
internal_value=-0.000563651 -0.0142194 -0.0258365 0.0167505 0.0468787 -0.0373125
internal_weight=8952.94 6954.63 5058.12 1896.51 1998.31 2971.41
internal_count=31107 27698 20868 6830 3409 12879
is_linear=0
shrinkage=0.05


Tree=7
num_leaves=7
num_cat=0
split_feature=36 28 24 24 36 16
split_gain=2095.04 982.977 350.542 297.046 259.063 215.703
threshold=2701.1322222222229 1.0000000180025095e-35 831.50000000000011 102.50000000000001 211.38513888888892 548.50000000000011
decision_type=8 2 10 8 10 10
left_child=1 2 5 -2 -3 -1
right_child=3 4 -4 -5 -6 -7
leaf_value=-0.011088076569474309 -0.040521753969866882 0.062315007351896538 0.038952113120378634 -0.0051183502536700856 0.027469463230991326 0.020685627960041808
leaf_weight=2389.6137093603611 2414.8078746795654 1092.4932847321033 556.57053989171982 786.67919339239597 1065.0423330515623 682.63245217502117
leaf_count=10416 10758 724 2280 3053 890 2851
internal_value=0.000580867 0.0185329 0.00262721 -0.0318439 0.0452172 -0.00400603
internal_weight=8987.84 5786.35 3628.82 3201.49 2157.54 3072.25
internal_count=30972 17161 15547 13811 1614 13267
is_linear=0
shrinkage=0.05


Tree=8
num_leaves=7
num_cat=0
split_feature=35 35 24 37 16 12
split_gain=2397.34 571.908 326.739 318.549 232.431 196.807
threshold=2818.6045833333342 228.41652777777782 102.50000000000001 0.25833333333333336 706.50000000000011 21.500000000000004
decision_type=8 10 8 2 10 10
left_child=1 -1 5 -3 -5 -2
right_child=2 3 -4 4 -6 -7
leaf_value=0.055506536867229096 -0.046951805914860846 -0.040539885882173755 -0.006113862058690531 0.011691121579619603 0.042669987925147479 -0.020586044190155944
leaf_weight=1165.1359547823668 1689.1001669466496 234.88772422075272 1351.6331329643726 2522.5110494345427 794.53603032231331 1238.1806718558073
leaf_count=1117 7791 815 5554 8128 2269 5507
internal_value=0.000606967 0.0251777 -0.0264775 0.0151649 0.0191646 -0.0358537
internal_weight=8995.98 4717.07 4278.91 3551.93 3317.05 2927.28
internal_count=31181 12329 18852 11212 10397 13298
is_linear=0
shrinkage=0.05


Tree=9
num_leaves=7
num_cat=0
split_feature=35 16 29 4 16 4
split_gain=2078.42 565.547 303.749 212.291 209.088 236.066
threshold=1309.4962500000004 288.50000000000006 2.5000000000000004 2364.5000000000005 706.50000000000011 94036.500000000015
decision_type=8 10 2 10 10 10
left_child=2 3 4 -2 -1 -6
right_child=1 -3 -4 -5 5 -7
leaf_value=0.01631937306181774 -0.04659629572350913 0.0081918002180217074 0.066974912202752521 -0.02064902224395199 0.067298365410322705 0.0084883037102779623
leaf_weight=1800.1074424088001 1048.8132676482201 1546.0922494530678 538.95250631868839 3211.1515192836523 504.98311837017536 258.84452000260353
leaf_count=4571 4803 5873 374 13850 1055 642
internal_value=-4.01534e-05 -0.0176918 0.0329645 -0.0270844 0.0256989 0.0475537
internal_weight=8908.94 5806.06 3102.89 4259.96 2563.94 763.828
internal_count=31168 24526 6642 18653 6268 1697
is_linear=0
shrinkage=0.05


Tree=10
num_leaves=7
num_cat=0
split_feature=36 30 24 24 16 23
split_gain=1625.18 706.313 338.652 215.414 207.601 170.03
threshold=2701.1322222222229 2.5000000000000004 706.50000000000011 101.50000000000001 728.50000000000011 4.7890309316432376
decision_type=8 2 10 10 10 10
left_child=1 2 4 5 -1 -2
right_child=3 -3 -4 -5 -6 -7
leaf_value=-0.0057047438098805853 -0.043022701913335154 0.049531911463633373 0.032168180498185303 -0.0071358457202716913 0.028677020615203976 -0.0043713050539219396
leaf_weight=3065.8340521007776 1949.4475827664137 1193.8336647003889 991.7695218026638 795.96908135712147 507.29670332372189 334.42835667729378
leaf_count=11033 9250 1684 2913 3096 1630 1417
internal_value=-0.000301614 0.015375 0.00639775 -0.0295914 -0.000790127 -0.0373849
internal_weight=8838.58 5758.73 4564.9 3079.85 3573.13 2283.88
internal_count=31023 17260 15576 13763 12663 10667
is_linear=0
shrinkage=0.05


Tree=11
num_leaves=7
num_cat=0
split_feature=36 38 24 0 37 14
split_gain=1569.41 743.918 235.271 206.203 194.927 158.384
threshold=3012.6204166666671 1.0000000180025095e-35 837.50000000000011 124.50000000000001 0.45804195804195807 39.500000000000007
decision_type=8 2 10 8 2 10
left_child=1 2 -1 -2 -3 -6
right_child=3 4 -4 -5 5 -7
leaf_value=-0.0029383544842723451 -0.031829370769874792 0.0061541774208437004 0.031954683216121459 0.031615672932836479 0.030802050515094239 0.061471565101743543
leaf_weight=3221.9325813949108 2850.1921707540751 364.66623605787754 563.17854930460453 130.22590139508247 848.11762844026089 871.8405025601387
leaf_count=13961 13109 180 2279 448 623 533
internal_value=0.000510878 0.0155118 0.00228861 -0.0290089 0.0394585 0.0464814
internal_weight=8850.15 5869.74 3785.11 2980.42 2084.62 1719.96
internal_count=31133 17576 16240 13557 1336 1156
is_linear=0
shrinkage=0.05


Tree=12
num_leaves=7
num_cat=0
split_feature=35 30 24 12 24 16
split_gain=1694.72 445.527 258.455 199.981 168.762 174.545
threshold=2892.4106944444452 2.5000000000000004 102.50000000000001 20.500000000000004 729.50000000000011 728.50000000000011
decision_type=8 2 10 10 10 10
left_child=1 4 3 -2 5 -1
right_child=2 -3 -4 -5 -6 -7
leaf_value=-0.00068907246906449134 -0.043578656756986578 0.047313228667535699 -0.0052487965440150587 -0.016349261141080228 0.03007489385617447 0.033693337537701616
leaf_weight=2174.8563251942396 1604.6124109476805 1160.7570757418871 1322.8084196150303 1176.1358081251383 913.2762638181448 439.53490971028805
leaf_count=7031 7808 1628 5502 5418 2532 1242
internal_value=-2.00367e-05 0.0205071 -0.0234693 -0.0321118 0.0116322 0.00514463
internal_weight=8791.98 4688.42 4103.56 2780.75 3527.67 2614.39
internal_count=31161 12433 18728 13226 10805 8273
is_linear=0
shrinkage=0.05


Tree=13
num_leaves=7
num_cat=0
split_feature=35 29 37 14 36 4
split_gain=1497.55 415.509 270.539 251.368 153.721 142.865
threshold=2846.2472222222227 2.5000000000000004 0.25833333333333336 1.0000000180025095e-35 5118.1291666666675 3708.5000000000005
decision_type=8 2 2 8 10 8
left_child=1 2 -1 -2 5 -5
right_child=3 -3 -4 4 -6 -7
leaf_value=-0.03675865263922877 -0.039850823531949103 0.060121880848188716 0.016661236323887593 -0.030940966501607704 -0.036459761744934843 -4.5040471139587544e-05
leaf_weight=248.06309719383717 1408.6642599105835 533.84068559110165 3809.8930500149727 484.28584343194962 574.99148392677307 1590.3201568126678
leaf_count=836 6855 378 11046 2312 2623 6963
internal_value=-0.000697647 0.0188511 0.0133545 -0.0228124 -0.0136959 -0.00731428
internal_weight=8650.06 4591.8 4057.96 4058.26 2649.6 2074.61
internal_count=31013 12260 11882 18753 11898 9275
is_linear=0
shrinkage=0.05


Tree=14
num_leaves=7
num_cat=0
split_feature=35 30 37 34 37 21
split_gain=1401.89 364.543 200.881 190.281 164.333 150.703
threshold=2818.6045833333342 2.5000000000000004 0.25833333333333336 5507.9051388888902 0.37797619047619052 0.47181396888447541
decision_type=8 2 2 8 2 10
left_child=1 2 -1 4 -2 -6
right_child=3 -3 -4 -5 5 -7
leaf_value=-0.033250948264593475 -0.025321324880386305 0.042028390979173928 0.01341241711033154 -0.036660592179863311 0.016580561155782648 -0.019165918298911427
leaf_weight=243.84179869294167 1412.6903872936964 1201.4709862023592 3191.1907106488943 1420.3066260367632 629.31202331185341 545.93780840933323
leaf_count=791 6564 1658 9801 7273 2550 2297
internal_value=-0.000334335 0.0183778 0.0100564 -0.0219753 -0.0138606 -3.55685e-05
internal_weight=8644.75 4636.5 3435.03 4008.25 2587.94 1175.25
internal_count=30934 12250 10592 18684 11411 4847
is_linear=0
shrinkage=0.05


Tree=15
num_leaves=7
num_cat=0
split_feature=35 35 2 24 16 4
split_gain=1323.63 385.925 204.943 177.746 162.494 184.436
threshold=2818.6045833333342 228.41652777777782 260.50000000000006 872.50000000000011 706.50000000000011 87929.000000000015
decision_type=8 10 8 10 10 10
left_child=1 -1 -2 4 -3 -6
right_child=2 3 -4 -5 5 -7
leaf_value=0.044191169113300219 -0.038939329543519918 -0.00087850537950861943 -0.01364932091222266 0.035328429657813382 0.057021391851282924 0.0022159758382091573
leaf_weight=1112.7577885985374 1103.6517927348614 2281.390248388052 2926.0950009524822 588.49319659173489 285.52202619612217 326.40386486053467
leaf_count=1131 5533 7506 13393 1746 758 1013
internal_value=0.000286968 0.0186222 -0.0206153 0.0103989 0.00527608 0.0280428
internal_weight=8624.31 4594.57 4029.75 3481.81 2893.32 611.926
internal_count=31080 12154 18926 11023 9277 1771
is_linear=0
shrinkage=0.05


Tree=16
num_leaves=7
num_cat=0
split_feature=35 16 28 21 35 37
split_gain=1146 401.661 193.84 181.686 148.768 137.361
threshold=1332.7075000000002 288.50000000000006 2.5000000000000004 0.6002056202878685 6685.3838888888904 0.25833333333333336
decision_type=8 8 2 8 10 2
left_child=2 3 5 -2 -3 -1
right_child=1 4 -4 -5 -6 -7
leaf_value=-0.028775461313255042 -0.014558431425142427 0.013658654822147892 0.060087719427436528 -0.037482746307922636 -0.036281062831082039 0.022452415845053711
leaf_weight=133.48090647161007 2718.3129451572895 1363.1675257831812 334.44999834895134 1270.9514637440443 162.54106076061726 2648.2371098250151
leaf_count=250 12289 5071 161 6240 789 6352
internal_value=0.000129565 -0.0135625 0.0243446 -0.0218997 0.0082372 0.019947
internal_weight=8631.14 5514.97 3116.17 3989.26 1525.71 2781.72
internal_count=31152 24389 6763 18529 5860 6602
is_linear=0
shrinkage=0.05


Tree=17
num_leaves=7
num_cat=0
split_feature=35 24 4 38 37 12
split_gain=1223.25 398.382 262.012 229.416 199.75 123.987
threshold=1187.8637500000002 747.50000000000011 2364.5000000000005 1.0000000180025095e-35 0.37797619047619052 32.500000000000007
decision_type=8 8 10 2 2 10
left_child=3 2 5 -1 -4 -2
right_child=1 -3 4 -5 -6 -7
leaf_value=0.010973194071804616 -0.05038496697904854 0.029527140483697558 -0.023650198295047151 0.039688736263502153 -0.0018287136620818642 -0.0080039177030035973
leaf_weight=1217.2044792324305 725.8626384139061 506.95236845314503 1859.8986440449953 1633.9866887927055 2398.3184617310762 228.69712388515472
leaf_count=4972 3733 1677 8739 1030 9805 1098
internal_value=0.000744188 -0.0125908 -0.0167112 0.0274704 -0.0113764 -0.0403258
internal_weight=8570.92 5719.73 5212.78 2851.19 4258.22 954.56
internal_count=31054 25052 23375 6002 18544 4831
is_linear=0
shrinkage=0.05


Tree=18
num_leaves=7
num_cat=0
split_feature=35 24 16 15 34 12
split_gain=923.877 379.209 231.506 203.341 159.847 119.028
threshold=1244.207916666667 145.50000000000003 420.50000000000006 262.50000000000006 2674.9512500000005 24.500000000000004
decision_type=8 8 10 10 8 10
left_child=3 2 5 -1 -4 -2
right_child=1 -3 4 -5 -6 -7
leaf_value=0.015684360215402527 -0.034204010472194069 0.0069589065972834336 0.029318857645418923 0.049711257545051221 -0.031333824087063304 -0.015115070968060513
leaf_weight=2422.3502316623926 1916.673094689846 1705.1394751816988 342.9090640693903 534.09570704400539 153.25511077046394 1443.4457066357136
leaf_count=5429 9689 6519 1215 917 732 6631
internal_value=-0.000658166 -0.0126616 -0.0213351 0.021905 0.0104588 -0.0260384
internal_weight=8517.87 5561.42 3856.28 2956.45 496.164 3360.12
internal_count=31132 24786 18267 6346 1947 16320
is_linear=0
shrinkage=0.05


Tree=19
num_leaves=7
num_cat=0
split_feature=35 24 4 28 3 37
split_gain=849.665 322.524 221.042 196.058 207.689 169.874
threshold=1332.7075000000002 706.50000000000011 2364.5000000000005 2.5000000000000004 5462.5000000000009 0.37797619047619052
decision_type=8 8 10 2 10 2
left_child=3 2 -2 4 -1 -4
right_child=1 -3 5 -5 -6 -7
leaf_value=0.034722099069341858 -0.038394709212732213 0.026804763481431043 -0.02279331530744878 0.05868570639770148 0.0060744269896564991 -0.0019687488313629218
leaf_weight=975.20317974686623 920.0005290210247 469.96285542845726 1757.6436178684235 297.66871239244938 1792.1731003075838 2205.9319599419832
leaf_count=2287 4861 1643 8556 161 4270 9284
internal_value=-0.000546001 -0.0125618 -0.0163738 0.0204277 0.0162141 -0.0112205
internal_weight=8418.58 5353.54 4883.58 3065.04 2767.38 3963.58
internal_count=31062 24344 22701 6718 6557 17840
is_linear=0
shrinkage=0.05


Tree=20
num_leaves=7
num_cat=0
split_feature=35 29 24 12 37 12
split_gain=751.583 214.632 196.134 172.658 146.07 118.452
threshold=2665.1501388888896 2.5000000000000004 102.50000000000001 21.500000000000004 0.44949494949494956 17.500000000000004
decision_type=8 2 8 10 2 10
left_child=1 4 3 -2 -1 -4
right_child=2 -3 5 -5 -6 -7
leaf_value=-0.0086602012738142605 -0.035716523602731809 0.044709436612083313 0.016402138395898019 -0.0096556504278963659 0.014822962903286777 -0.013359959962710511
leaf_weight=836.52110946178436 1445.2217911779881 493.0959200412035 572.87361674010754 1140.1349951177835 3121.9807923436165 788.22908061742783
leaf_count=2533 7926 374 2391 5602 8842 3381
internal_value=-0.000314181 0.0137623 -0.0161897 -0.0242646 0.00985577 -0.000819225
internal_weight=8398.06 4451.6 3946.46 2585.36 3958.5 1361.1
internal_count=31049 11749 19300 13528 11375 5772
is_linear=0
shrinkage=0.05


Tree=21
num_leaves=7
num_cat=0
split_feature=38 35 37 16 38 12
split_gain=710.869 337.632 167.061 158.923 187.186 110.875
threshold=1.0000000180025095e-35 5575.9002777777787 0.37797619047619052 366.50000000000006 1.5000000000000002 20.500000000000004
decision_type=2 8 2 10 2 10
left_child=1 2 -1 4 -2 -3
right_child=3 5 -4 -5 -6 -7
leaf_value=-0.0186006980297574 0.023159268485616637 -0.03268441551883277 0.006698878904983949 0.037447558632080435 -0.023165987304597176 -0.010980298228768401
leaf_weight=835.43933905661106 814.53445330262184 1317.7555843889713 2913.3411794006824 1149.7672642320395 292.62553273141384 1073.2324636429548
leaf_count=3968 554 7575 12359 817 275 5574
internal_value=0.000496601 -0.00832512 0.00104344 0.0244607 0.0108663 -0.0229854
internal_weight=8396.7 6139.77 3748.78 2256.93 1107.16 2390.99
internal_count=31122 29476 16327 1646 829 13149
is_linear=0
shrinkage=0.05


Tree=22
num_leaves=7
num_cat=0
split_feature=35 29 21 25 16 24
split_gain=604.438 214.147 190.671 185.408 160.648 133.207
threshold=2818.6045833333342 2.5000000000000004 0.46963109354413707 0.53194581890153392 717.50000000000011 872.50000000000011
decision_type=8 2 10 10 8 10
left_child=1 4 3 -2 5 -1
right_child=2 -3 -4 -5 -6 -7
leaf_value=-0.0024265109482827472 0.045625682764680146 0.042629917704422066 -0.026694039707327678 -0.0093070363815553406 0.025686027462773455 0.025623658647354709
leaf_weight=2673.5835729539394 164.49913749098778 476.56378275156021 1967.029140278697 1636.3978317081928 920.8750536441803 497.71408949792385
leaf_count=8057 769 379 10227 7820 2403 1383
internal_value=-0.00113786 0.0110835 -0.0159517 -0.00417689 0.0073621 0.00200918
internal_weight=8336.66 4568.74 3767.93 1800.9 4092.17 3171.3
internal_count=31038 12222 18816 8589 11843 9440
is_linear=0
shrinkage=0.05


Tree=23
num_leaves=7
num_cat=0
split_feature=34 16 36 4 28 36
split_gain=536.972 252.061 191.943 165.5 161.502 116.107
threshold=1340.0883333333336 558.50000000000011 3634.8136111111112 83666.500000000015 2.5000000000000004 49.620138888888896
decision_type=8 8 8 10 2 8
left_child=1 4 -2 -3 -1 -5
right_child=2 3 -4 5 -6 -7
leaf_value=-0.00030875822764193993 -0.004181010299887284 0.039222535134510399 -0.028476744897930131 0.041200248654678667 0.050454974809070213 -0.0057279970615819222
leaf_weight=3280.1706584244967 1643.0375597327948 959.87618337571621 1607.9580765962601 174.52847282588482 159.53493270277977 492.29051667451859
leaf_count=9952 7830 2088 9280 411 78 1328
internal_value=-0.000377529 0.00979617 -0.0162231 0.025981 0.0021155 0.00676989
internal_weight=8317.4 5066.4 3251 1626.7 3439.71 666.819
internal_count=30967 13857 17110 3827 10030 1739
is_linear=0
shrinkage=0.05


Tree=24
num_leaves=7
num_cat=0
split_feature=35 23 21 37 25 38
split_gain=552.543 207.203 162.887 181.651 138.688 127.01
threshold=2846.2472222222227 12.99467867376177 0.52539302382706965 0.21111111111111114 0.50726750327460191 1.0000000180025095e-35
decision_type=8 10 10 2 10 2
left_child=1 5 3 -2 -5 -1
right_child=2 -3 -4 4 -6 -7
leaf_value=0.0024297783354395664 -0.035433841426133164 0.069292775638908177 -0.026108293128408053 0.042084885715986467 -0.0029969854338481659 0.019580154814832027
leaf_weight=2606.1151176989079 392.33822441101074 145.17619742453098 1649.468673735857 187.64639121294022 1486.4803517609835 1839.8970964103937
leaf_count=10908 2148 118 8767 906 6957 1271
internal_value=-9.18044e-05 0.0115039 -0.0144149 -0.00504071 0.00216634 0.00954116
internal_weight=8307.12 4591.19 3715.93 2066.46 1674.13 4446.01
internal_count=31075 12297 18778 10011 7863 12179
is_linear=0
shrinkage=0.05


Tree=25
num_leaves=7
num_cat=0
split_feature=35 4 37 3 23 27
split_gain=591.178 289.582 211.601 155.266 157.834 119.612
threshold=1187.8637500000002 2535.5000000000005 0.37797619047619052 5296.5000000000009 12.99467867376177 2.5000000000000004
decision_type=8 8 2 10 10 2
left_child=3 -2 -3 -1 5 -5
right_child=1 2 -4 4 -6 -7
leaf_value=0.034825508985291326 -0.035389426881655292 -0.018451989504526638 0.0038726741005285395 0.0034005723565678349 0.070479708952375139 0.059935112298100869
leaf_weight=954.106699898839 908.97814191877842 1695.6888942122459 2820.2208294421434 1683.2452673912048 97.227225571870804 94.123641937971115
leaf_count=2030 5075 8597 11392 3835 95 41
internal_value=-6.01538e-05 -0.00972121 -0.0045212 0.0184523 0.0100484 0.00655419
internal_weight=8253.59 5424.89 4515.91 2828.7 1874.6 1777.37
internal_count=31065 25064 19989 6001 3971 3876
is_linear=0
shrinkage=0.05


Tree=26
num_leaves=7
num_cat=0
split_feature=35 28 16 2 36 36
split_gain=492.389 194.682 171.478 165.933 172.068 148.352
threshold=2846.2472222222227 2.5000000000000004 558.50000000000011 260.50000000000006 5118.1291666666675 3806.3420833333334
decision_type=8 2 10 8 10 10
left_child=1 2 -1 -2 5 -5
right_child=3 -3 -4 4 -6 -7
leaf_value=0.00071576889827674366 -0.032260049280569449 0.050610882005213277 0.022082764502868182 -0.0044284101615498879 -0.030375959107794614 0.048724740218228244
leaf_weight=2835.8351929634809 939.71371653676033 278.53548514842987 1399.0806176513433 1918.6543687731028 641.81737169623375 135.88822758197784
leaf_count=8423 5411 160 3707 9378 3381 568
internal_value=-0.000538211 0.010488 0.00779246 -0.0142206 -0.00788554 -0.000803085
internal_weight=8149.52 4513.45 4234.92 3636.07 2696.36 2054.54
internal_count=31028 12290 12130 18738 13327 9946
is_linear=0
shrinkage=0.05


Tree=27
num_leaves=7
num_cat=0
split_feature=35 4 29 23 37 23
split_gain=483.248 235.249 159.497 151.891 151.415 119.005
threshold=1501.2641666666671 2364.5000000000005 2.5000000000000004 0.61974210158596021 0.37797619047619052 1.5643133775432869
decision_type=8 8 2 10 2 10
left_child=2 -2 3 -1 -3 -5
right_child=1 4 -4 5 -6 -7
leaf_value=0.033416518054522275 -0.034267204482131552 -0.016613735492675228 0.043191245925144651 -0.0039475528284953747 0.0029996348356897294 0.020603715264763081
leaf_weight=575.28418165445328 815.05188538134098 1643.8038669079542 434.19880793988705 1415.1446403861046 2437.4995604306459 751.91868971288204
leaf_count=1315 4804 8567 375 3861 10311 1874
internal_value=2.26286e-05 -0.0098273 0.015197 0.0106941 -0.0049106 0.00459896
internal_weight=8072.9 4896.36 3176.55 2742.35 4081.3 2167.06
internal_count=31107 23682 7425 7050 18878 5735
is_linear=0
shrinkage=0.05


Tree=28
num_leaves=7
num_cat=0
split_feature=37 34 15 19 24 2
split_gain=396.092 274.55 150.782 134.728 115.528 103.579
threshold=0.25833333333333336 6301.748611111112 116.50000000000001 4.5000000000000009 27.500000000000004 3489.5000000000005
decision_type=2 8 8 10 10 10
left_child=4 2 -2 -3 -1 -4
right_child=1 3 5 -5 -6 -7
leaf_value=-0.047024253859564512 0.0033240062377632149 0.003053259954944508 0.036635407618039149 -0.038542306486405213 -0.014995211921848004 0.01177684437675168
leaf_weight=402.3230414390564 4169.5843196809292 318.58376912772655 641.4998010545969 492.74611283838749 938.64161756634712 1213.7188945412636
leaf_count=2368 14654 1901 1505 2919 4453 3333
internal_value=5.05158e-05 0.00492864 0.00860953 -0.0222904 -0.0247437 0.0204478
internal_weight=8177.1 6836.13 6024.8 811.33 1340.96 1855.22
internal_count=31133 24312 19492 4820 6821 4838
is_linear=0
shrinkage=0.05


Tree=29
num_leaves=7
num_cat=0
split_feature=38 37 34 19 14 2
split_gain=412.631 246.147 129.457 131.696 126.481 134.65
threshold=1.0000000180025095e-35 0.25833333333333336 6445.748611111112 4.5000000000000009 19.500000000000004 4537.0000000000009
decision_type=2 2 8 10 8 10
left_child=1 -1 -3 -4 -2 -6
right_child=4 2 3 -5 5 -7
leaf_value=-0.0273110447148536 0.0050430997356516278 0.002133737404533619 0.0049973081266514591 -0.036493747349257852 0.048285906127187028 0.015013322942457981
leaf_weight=1146.0598462671041 961.57291957736015 3976.8976313620806 316.48927293717861 474.16355469822884 527.52174367010593 724.93576753139496
leaf_count=6696 805 17987 1886 2877 376 460
internal_value=0.000335237 -0.00655901 -0.00154709 -0.0199583 0.0187229 0.0291637
internal_weight=8127.64 5913.61 4767.55 790.653 2214.03 1252.46
internal_count=31087 29446 22750 4763 1641 836
is_linear=0
shrinkage=0.05


Tree=30
num_leaves=7
num_cat=0
split_feature=38 4 37 16 36 8
split_gain=356.694 214.219 160.558 160.536 142.999 113.577
threshold=1.0000000180025095e-35 2246.5000000000005 0.25833333333333336 1163.5000000000002 20.552777777777781 105.50000000000001
decision_type=2 10 2 8 10 10
left_child=1 -1 -3 4 -2 -6
right_child=3 2 -4 -5 5 -7
leaf_value=-0.030951575184250318 0.040940996968462408 -0.021194231947521694 0.001552167351189993 0.049689948923054783 -0.0056639125675060952 0.022195993853191168
leaf_weight=765.59490269422531 334.43957807123661 947.68225476145744 4175.2142743468285 320.16384224593639 947.29276441037655 589.4431491792202
leaf_count=4771 313 5473 19183 316 681 346
internal_value=3.7208e-05 -0.00637213 -0.00267224 0.0172355 0.0115648 0.00505959
internal_weight=8079.83 5888.49 5122.9 2191.34 1871.18 1536.74
internal_count=31083 29427 24656 1656 1340 1027
is_linear=0
shrinkage=0.05


Tree=31
num_leaves=7
num_cat=0
split_feature=37 34 14 4 23 2
split_gain=330.709 291.967 134.632 134.899 119.771 118.024
threshold=0.37797619047619052 5289.063472222223 19.500000000000004 11479.000000000002 5.0353701788701182 3923.0000000000005
decision_type=2 8 8 10 10 10
left_child=4 2 3 -2 -1 -4
right_child=1 -3 5 -5 -6 -7
leaf_value=-0.01956230117382074 0.019978906595994637 -0.022960953663915342 0.032046525395443587 -0.0059566423142496322 0.034211531624671367 0.0098019727055998155
leaf_weight=2132.4599573910236 702.72101281583309 767.25586371123791 945.52690199017525 1714.7796068787575 104.37165488302708 1618.958931773901
leaf_count=10752 2457 4662 2363 5851 361 4484
internal_value=-0.000691913 0.00565543 0.0100811 0.001608 -0.0169825 0.0180499
internal_weight=7986.07 5749.24 4981.99 2417.5 2236.83 2564.49
internal_count=30930 19817 15155 8308 11113 6847
is_linear=0
shrinkage=0.05


Tree=32
num_leaves=7
num_cat=0
split_feature=34 24 36 16 35 24
split_gain=326.574 229.682 175.088 108.083 98.7106 95.6278
threshold=52.826111111111125 19.500000000000004 4917.4005555555568 973.50000000000011 9116.8369444444452 863.50000000000011
decision_type=8 10 10 8 10 10
left_child=3 -2 4 -1 5 -3
right_child=1 2 -4 -5 -6 -7
leaf_value=0.012109779197523573 -0.025770551364794076 -0.00096419991536076007 -0.026736830584958737 0.041956604001166617 0.07286510467400617 0.021755545243428997
leaf_weight=1709.0873360484838 1132.0863265246153 3602.4761960506439 565.16920636594296 366.06042936444283 44.676078036427498 526.41331598162651
leaf_count=1227 6896 16846 3464 286 243 2140
internal_value=0.000437721 -0.00558992 -0.00074667 0.017463 0.0028006 0.00195527
internal_weight=7945.97 5870.82 4738.73 2075.15 4173.57 4128.89
internal_count=31102 29589 22693 1513 19229 18986
is_linear=0
shrinkage=0.05


Tree=33
num_leaves=7
num_cat=0
split_feature=37 34 11 24 23 24
split_gain=269.292 151.037 136.992 126.825 124.813 110.199
threshold=0.25833333333333336 6445.748611111112 181.50000000000003 27.500000000000004 12.99467867376177 14.500000000000002
decision_type=2 8 10 10 8 10
left_child=3 4 -3 -1 5 -2
right_child=1 2 -4 -5 -6 -7
leaf_value=-0.046323237419023805 -0.020685624954587312 -0.022877640100830175 0.07036835313096583 -0.011692732680572446 0.049364196304115711 0.0064265521936779733
leaf_weight=372.9769824296236 397.98223295807838 719.5998172685504 36.8579942882061 897.32631206512451 154.69684700667858 5381.4086263477802
leaf_count=2392 1708 4518 199 4472 203 17615
internal_value=-0.000945038 0.00306648 -0.017902 -0.0220024 0.0057523 0.00454328
internal_weight=7960.85 6690.55 756.458 1270.3 5934.09 5779.39
internal_count=31107 24243 4717 6864 19526 19323
is_linear=0
shrinkage=0.05


Tree=34
num_leaves=7
num_cat=0
split_feature=14 23 24 30 24 34
split_gain=292.848 196.415 216.799 173.274 105.583 95.3883
threshold=1.0000000180025095e-35 5.0353701788701182 77.500000000000014 2.5000000000000004 233.50000000000003 3587.7365277777781
decision_type=8 8 10 2 10 8
left_child=5 2 -2 -4 -3 -1
right_child=1 4 3 -5 -6 -7
leaf_value=-0.0088747194783968114 -0.012595272827138732 0.046357581414079127 0.0043288436044374009 0.032646374024101539 -0.014201561625287957 -0.033307124428845994
leaf_weight=1048.2395518943667 1669.3012859523296 397.25221836566925 3462.4214631468058 635.57444193959236 85.211808368563652 645.85875755548477
leaf_count=4156 7604 1226 12420 1023 310 4400
internal_value=0.000147811 0.00514814 0.00256987 0.00875515 0.0356258 -0.0182599
internal_weight=7943.86 6249.76 5767.3 4098 482.464 1694.1
internal_count=31139 22583 21047 13443 1536 8556
is_linear=0
shrinkage=0.05


Tree=35
num_leaves=7
num_cat=0
split_feature=38 24 36 16 38 19
split_gain=240.385 173.824 145.372 110.461 166.377 92.0112
threshold=1.0000000180025095e-35 19.500000000000004 4917.4005555555568 391.50000000000006 1.5000000000000002 13.500000000000002
decision_type=2 10 10 8 2 10
left_child=1 -1 -3 4 -2 -4
right_child=3 2 5 -5 -6 -7
leaf_value=-0.023128218677159335 0.014948869974895413 0.0023485129704313712 -0.0077649963429976048 0.026007713483916586 -0.027730232395611593 -0.049225316203642705
leaf_weight=1077.1283009722829 856.45895792543888 4121.4196430668235 327.98555292934179 1051.1862728446722 305.7804090231657 223.75865763425827
leaf_count=6806 586 19017 2068 796 280 1395
internal_value=0.000319464 -0.00507065 -0.000888254 0.0143024 0.00364949 -0.0248702
internal_weight=7963.72 5750.29 4673.16 2213.43 1162.24 551.744
internal_count=30948 29286 22480 1662 866 3463
is_linear=0
shrinkage=0.05


Tree=36
num_leaves=7
num_cat=0
split_feature=38 24 20 0 35 36
split_gain=255.433 160.155 119.426 122.22 112.844 109.896
threshold=1.0000000180025095e-35 14.500000000000002 0.087001221801710535 129.50000000000003 251.63430555555558 4917.4005555555568
decision_type=2 10 10 10 10 10
left_child=1 -1 4 -4 -2 -3
right_child=2 5 3 -5 -6 -7
leaf_value=-0.025403975116500339 0.053299916334930156 0.0011541038842903418 -0.0052823679817714277 0.025421163253272334 0.015177031304363306 -0.022099255744173738
leaf_weight=816.6484237164259 316.02282203733921 4355.6272414699197 877.39459718763828 507.77479910850525 506.26259863376617 570.14560297876596
leaf_count=5329 198 20379 786 318 373 3655
internal_value=0.000589994 -0.00496759 0.0150259 0.00602387 0.0300621 -0.00155709
internal_weight=7949.88 5742.42 2207.45 1385.17 822.285 4925.77
internal_count=31038 29363 1675 1104 571 24034
is_linear=0
shrinkage=0.05


Tree=37
num_leaves=7
num_cat=0
split_feature=38 4 36 12 18 31
split_gain=251.256 165.341 119.97 104.482 104.402 153.142
threshold=1.0000000180025095e-35 2183.5000000000005 4917.4005555555568 20.500000000000004 26.500000000000004 1.5000000000000002
decision_type=2 10 10 10 8 2
left_child=1 3 -3 -1 5 -2
right_child=4 2 -4 -5 -6 -7
leaf_value=-0.042183342828909592 0.016627582665416449 0.00083956892950293952 -0.023003421982549045 -0.0016263349170934902 0.03501610996377795 -0.021078003435053026
leaf_weight=447.25819656997919 1294.2815087288618 4480.9476115107536 592.94432644546032 245.36966334283352 494.0543484389782 335.13334864377975
leaf_count=3191 1284 21054 3862 1445 269 101
internal_value=0.000308559 -0.00510671 -0.00196667 -0.0279303 0.0149918 0.00883165
internal_weight=7889.99 5766.52 5073.89 692.628 2123.47 1629.41
internal_count=31206 29552 24916 4636 1654 1385
is_linear=0
shrinkage=0.05


Tree=38
num_leaves=7
num_cat=0
split_feature=38 24 32 20 8 12
split_gain=240.841 156.516 109.433 145.14 109.85 79.6012
threshold=1.0000000180025095e-35 19.500000000000004 3.5000000000000004 0.02838171262699565 1.5000000000000002 67.500000000000014
decision_type=2 10 2 10 10 10
left_child=1 5 3 -2 -5 -1
right_child=2 -3 -4 4 -6 -7
leaf_value=-0.032127015892158113 0.040549226399163626 -0.0010096027618727141 0.04451458463507408 -0.026377024937909319 0.0097960136412229334 -0.0029490963591747694
leaf_weight=694.45598058402538 323.84458445012569 4663.9784594550729 265.49982845783234 245.7675469070673 1284.3956076651812 352.70848554372787
leaf_count=4949 252 22564 119 261 1005 1892
internal_value=0.000402245 -0.00494042 0.0147761 0.0104092 0.00391909 -0.02236
internal_weight=7830.65 5711.14 2119.51 1854.01 1530.16 1047.16
internal_count=31042 29405 1637 1518 1266 6841
is_linear=0
shrinkage=0.05


Tree=39
num_leaves=7
num_cat=0
split_feature=14 35 16 27 38 4
split_gain=221.656 124.12 114.644 100.619 100.262 87.1549
threshold=27.500000000000004 15925.140833333337 426.50000000000006 2.5000000000000004 1.0000000180025095e-35 2364.5000000000005
decision_type=8 10 8 2 2 10
left_child=1 3 -2 5 -4 -1
right_child=2 -3 4 -5 -6 -7
leaf_value=-0.021379356404444841 -0.0013636896552021724 -0.049031310870231132 0.0085880041519388346 0.060400549346216165 0.033464787923231598 -0.0028587211099471714
leaf_weight=745.52469382435083 1081.8266423195601 159.93558423221111 924.58482253551483 53.287744000554085 722.516661927104 4149.5291290581226
leaf_count=4521 3865 1248 3910 24 569 17005
internal_value=-0.000209303 -0.00635381 0.0112832 -0.00492632 0.0195687 -0.00569838
internal_weight=7837.21 5108.28 2728.93 4948.34 1647.1 4895.05
internal_count=31142 22798 8344 21550 4479 21526
is_linear=0
shrinkage=0.05


Tree=40
num_leaves=7
num_cat=0
split_feature=37 28 21 15 24 24
split_gain=217.585 145.74 138.854 118.185 104.369 86.7216
threshold=0.25833333333333336 2.5000000000000004 0.06277844413982181 1.0000000180025095e-35 27.500000000000004 872.50000000000011
decision_type=2 2 10 10 10 10
left_child=4 2 -2 -4 -1 -5
right_child=1 -3 3 5 -6 -7
leaf_value=-0.042799526478015548 0.076273393071846593 0.045431905479654325 -0.023339785483346948 0.0014268205386864892 -0.009861751004104977 0.019440740500877907
leaf_weight=331.48360770940781 58.451754480600357 200.80662821233273 426.05201359093189 5106.0685463994741 859.27441865205765 763.87505634129047
leaf_count=2368 122 150 2498 19227 4477 2245
internal_value=0.000444418 0.00401955 0.00267619 0.00193294 -0.0191716 0.00378558
internal_weight=7746.01 6555.25 6354.45 6296 1190.76 5869.94
internal_count=31087 24242 24092 23970 6845 21472
is_linear=0
shrinkage=0.05


Tree=41
num_leaves=7
num_cat=0
split_feature=37 15 24 8 2 20
split_gain=187.464 146.221 87.8796 125.287 120.911 122.502
threshold=0.25833333333333336 150.50000000000003 872.50000000000011 14.500000000000002 15299.000000000002 0.65571120689655182
decision_type=2 10 10 10 10 10
left_child=-1 2 3 4 5 -2
right_child=1 -3 -4 -5 -6 -7
leaf_value=-0.018040306448003942 0.0058515934760043102 0.017467102755448084 0.017692025700830782 -0.010547878507012625 0.047551850014383071 -0.043562330599508238
leaf_weight=1182.2879520654678 1906.0831505358219 1461.7661835923791 589.45524345338345 2426.557085454464 156.64252345263958 129.25147745758295
leaf_count=6788 7880 3957 1754 9372 530 756
internal_value=0.000266187 0.0035223 -0.000404696 -0.00273098 0.00592677 0.00261456
internal_weight=7852.04 6669.76 5207.99 4618.53 2191.98 2035.33
internal_count=31037 24249 20292 18538 9166 8636
is_linear=0
shrinkage=0.05


Tree=42
num_leaves=7
num_cat=0
split_feature=34 4 37 12 36 19
split_gain=228.958 136.162 107.166 97.8634 93.1124 103.197
threshold=37.387361111111119 2183.5000000000005 0.44949494949494956 713.50000000000011 4917.4005555555568 13.500000000000002
decision_type=8 10 2 10 10 10
left_child=2 -2 -1 -4 -3 -6
right_child=1 4 3 -5 5 -7
leaf_value=-0.0062946604555665754 -0.025241520273917784 0.0011784762735420882 0.029364750867146745 0.0023322357234478999 -0.0030968938258463829 -0.046729388632767072
leaf_weight=443.69746588170528 664.44672502577305 4479.6176109537482 1131.5176475793123 475.91457660496235 345.20702893286943 218.91797744482756
leaf_count=288 4672 21163 695 322 2350 1482
internal_value=0.00109602 -0.00405394 0.0154031 0.0213932 -0.00124052 -0.020291
internal_weight=7759.32 5708.19 2051.13 1607.43 5043.74 564.125
internal_count=30972 29667 1305 1017 24995 3832
is_linear=0
shrinkage=0.05


Tree=43
num_leaves=7
num_cat=0
split_feature=15 22 37 36 36 36
split_gain=172.766 161.435 109.993 122.09 107.338 149.189
threshold=1.0000000180025095e-35 24.457002346748819 0.56125000000000014 5.0402777777777787 3.3054166666666673 17.196666666666669
decision_type=8 8 2 10 8 8
left_child=-1 2 4 -4 -2 -6
right_child=1 -3 3 -5 5 -7
leaf_value=-0.025099989303424948 -0.037420732533127075 0.049483859573066065 0.0589293385346569 0.0057426928615534065 0.068286216097870264 -0.0042662053865873042
leaf_weight=658.85213826596737 234.39017075300217 166.56647593528032 107.34356042742729 2792.2930855825543 67.23015920817852 3739.2705833464861
leaf_count=4182 846 387 284 8444 65 16977
internal_value=-0.000706251 0.00157119 0.000386532 0.0078097 -0.0049432 -0.00289689
internal_weight=7765.95 7107.09 6940.53 2899.64 4040.89 3806.5
internal_count=31185 27003 26616 8728 17888 17042
is_linear=0
shrinkage=0.05


Tree=44
num_leaves=7
num_cat=0
split_feature=22 24 23 37 4 23
split_gain=146.426 188.146 106.688 104.213 93.4307 90.5361
threshold=24.457002346748819 85.500000000000014 5.0353701788701182 0.39047619047619053 8819.5000000000018 1.2389986153100445
decision_type=8 10 10 2 10 10
left_child=1 2 5 -3 -4 -1
right_child=-2 3 4 -5 -6 -7
leaf_value=-0.0074596873294099381 0.048375206314043601 -0.010484218601153963 -0.034850511537996572 0.0085013085084095583 0.034856938248255746 -0.026078953665806034
leaf_weight=1821.694447979331 142.66836434602737 901.48346725106239 58.133673526346684 3569.2580372095108 203.00815784186125 1018.0435060188174
leaf_count=9594 415 4133 372 10846 722 5078
internal_value=-0.000936692 -0.00189716 -0.0113514 0.00466562 0.0189759 -0.0141688
internal_weight=7714.29 7571.62 3100.88 4470.74 261.142 2839.74
internal_count=31160 30745 15766 14979 1094 14672
is_linear=0
shrinkage=0.05


Tree=45
num_leaves=7
num_cat=0
split_feature=15 27 21 23 23 3
split_gain=161.704 133.461 102.724 122.516 99.5813 103.886
threshold=1.0000000180025095e-35 2.5000000000000004 0.6002056202878685 5.936436594464511 1.1529941116614466 6915.0000000000009
decision_type=8 2 10 8 10 10
left_child=-1 2 3 -2 5 -4
right_child=1 -3 4 -5 -6 -7
leaf_value=-0.023443927170136922 0.0040129840434579411 0.059553079109129992 -0.019254467871880076 0.042151259459118323 -0.01879365095940486 0.013789762397790423
leaf_weight=644.40884594619274 4724.0827964693308 96.470123440027237 347.44156931340694 215.51264615356922 1004.6067722812295 726.96004112809896
leaf_count=4211 17503 52 1861 812 4098 2609
internal_value=0.000440991 0.00261918 0.00179479 0.00571788 -0.00751759 0.00306418
internal_weight=7759.48 7115.07 7018.6 4939.6 2079.01 1074.4
internal_count=31146 26935 26883 18315 8568 4470
is_linear=0
shrinkage=0.05


Tree=46
num_leaves=7
num_cat=0
split_feature=15 21 11 2 2 34
split_gain=177.082 92.2632 107.005 81.4954 79.7916 79.4736
threshold=113.50000000000001 0.6002056202878685 174.50000000000003 4188.5000000000009 5614.0000000000009 80.389305555555566
decision_type=8 10 10 10 10 8
left_child=1 -1 -3 5 -5 -2
right_child=3 2 -4 4 -6 -7
leaf_value=-0.00051169717272523589 0.041704069233724647 -0.024301555789883494 0.0038187418056595738 -0.032306621651852822 0.0092574331081938539 0.0090991657761993021
leaf_weight=4147.9252400398254 382.12124483287334 1007.5668674558401 506.20667086541653 123.51225253194571 1139.8568471893668 368.21951396018267
leaf_count=17754 360 5675 1880 341 3417 1653
internal_value=0.000157196 -0.00437289 -0.0149165 0.0128732 0.00508262 0.0258698
internal_weight=7675.41 5661.7 1513.77 2013.71 1263.37 750.341
internal_count=31080 25309 7555 5771 3758 2013
is_linear=0
shrinkage=0.05


Tree=47
num_leaves=7
num_cat=0
split_feature=35 37 21 36 35 3
split_gain=165.98 132.575 93.423 83.7452 116.095 114.911
threshold=14.189861111111112 0.25833333333333336 0.081574453837783556 47.087083333333339 110.55194444444446 42235.500000000007
decision_type=8 2 10 10 10 10
left_child=-1 -2 -3 5 -5 -4
right_child=1 2 3 4 -6 -7
leaf_value=0.044127581138364513 -0.017688396531744376 0.055353414415715854 -0.012576938121655999 0.049136467164593994 0.0026428427598623361 0.027142093276493612
leaf_weight=196.43802132457495 1119.0888644978404 72.941542655229568 1720.5300713405013 133.76938490569592 4170.3366672247648 198.86050102114677
leaf_count=100 6836 223 8399 101 14744 665
internal_value=-0.000655814 -0.00187106 0.000952012 0.000270484 0.00414318 -0.00840198
internal_weight=7611.97 7415.53 6296.44 6223.5 4304.11 1919.39
internal_count=31068 30968 24132 23909 14845 9064
is_linear=0
shrinkage=0.05


Tree=48
num_leaves=7
num_cat=0
split_feature=35 3 0 23 36 36
split_gain=181.973 149.119 110.558 101.528 89.2286 168.427
threshold=1187.8637500000002 5296.5000000000009 24.500000000000004 1.5825191150864963 51.192083333333336 23.345000000000002
decision_type=8 10 8 10 10 10
left_child=1 -1 -2 4 5 -3
right_child=2 3 -4 -5 -6 -7
leaf_value=0.027237982443450166 -0.013042153197591161 -0.00068100127710931974 0.0018017394204770038 0.019009373280730067 0.003701780250386367 -0.06766483937561639
leaf_weight=906.90499152243137 2403.9484242647886 256.48694944381714 2615.0582054853439 601.27481131255627 781.32984256744385 143.08827714622021
leaf_count=2047 13785 591 11258 1245 1725 418
internal_value=0.000308375 0.0107924 -0.00531393 0.00237093 -0.0061452 -0.0252078
internal_weight=7708.09 2689.08 5019.01 1782.18 1180.91 399.575
internal_count=31069 6026 25043 3979 2734 1009
is_linear=0
shrinkage=0.05


Tree=49
num_leaves=7
num_cat=0
split_feature=18 21 37 34 21 29
split_gain=138.713 155.643 83.7339 87.2999 70.3868 72.8066
threshold=29.500000000000004 0.6002056202878685 0.84495192307692324 14.850416666666669 0.59986291980808781 2.5000000000000004
decision_type=10 10 2 10 8 2
left_child=1 4 3 -2 5 -1
right_child=2 -3 -4 -5 -6 -7
leaf_value=0.00014518268727532191 0.038720254875767114 -0.015178562606177896 -0.024728626028363964 0.0075889990492490986 0.05741724245535073 0.039325697820559669
leaf_weight=4568.0488686487079 408.41178247332573 1872.6538711115718 104.47056075930595 501.44444269686937 51.277134656906128 116.7295591160655
leaf_count=18975 310 8938 314 2154 219 107
internal_value=-0.000350552 -0.00299647 0.0168187 0.0216983 0.0018313 0.00116232
internal_weight=7623.04 6608.71 1014.33 909.856 4736.06 4684.78
internal_count=31017 28239 2778 2464 19301 19082
is_linear=0
shrinkage=0.05


Tree=50
num_leaves=7
num_cat=0
split_feature=34 19 23 37 16 37
split_gain=130.279 111.055 105.679 88.8048 84.4858 80.476
threshold=5507.9051388888902 4.5000000000000009 12.99467867376177 0.73385416666666681 9.5000000000000018 0.75204918032786894
decision_type=8 10 8 2 10 2
left_child=2 4 3 -1 -2 -5
right_child=1 -3 -4 5 -6 -7
leaf_value=-0.0017030015027263952 -0.025817394402321676 -0.032178851182244776 0.044560191604953663 0.037253462521423572 0.016542110198082213 0.0066857518198728027
leaf_weight=5033.855164475739 184.07835129648447 542.96714578568935 140.00590566545725 261.70524168014526 306.87563763558865 1135.4244741648436
leaf_count=19332 1541 3841 212 580 2057 3410
internal_value=-0.000251617 -0.0167052 0.00234803 0.00139514 0.00055967 0.012524
internal_weight=7604.91 1033.92 6570.99 6430.98 490.954 1397.13
internal_count=30973 7439 23534 23322 3598 3990
is_linear=0
shrinkage=0.05


Tree=51
num_leaves=7
num_cat=0
split_feature=15 23 34 37 16 8
split_gain=148.323 112.672 116.69 59.1621 82.9658 120.225
threshold=1.0000000180025095e-35 5.936436594464511 10765.585138888891 0.37797619047619052 79.500000000000014 1.0000000180025095e-35
decision_type=8 8 8 2 10 10
left_child=-1 2 3 4 5 -2
right_child=1 -3 -4 -5 -6 -7
leaf_value=-0.023047507822795167 -0.016583062224688614 0.028615026773637149 -0.026547706543768958 0.005448558576402994 -0.014126429582849499 0.027929984201984167
leaf_weight=615.35975055396557 259.93348567932844 383.94239037483931 360.2831991687417 4586.809048704803 1041.7498978599906 350.99792954325676
leaf_count=4217 1500 1414 2639 14661 4832 1822
internal_value=0.000383469 0.00246307 0.000921164 0.00252727 -0.00557238 0.00901011
internal_weight=7599.08 6983.72 6599.77 6239.49 1652.68 610.931
internal_count=31085 26868 25454 22815 8154 3322
is_linear=0
shrinkage=0.05


Tree=52
num_leaves=7
num_cat=0
split_feature=29 24 25 24 4 21
split_gain=108.205 110.355 119.038 75.0322 98.7829 84.5168
threshold=2.5000000000000004 17.500000000000004 0.028722672899766263 872.50000000000011 28825.500000000004 0.35610047846889958
decision_type=2 8 10 8 10 8
left_child=1 2 -1 5 -5 -3
right_child=-2 3 -4 4 -6 -7
leaf_value=0.01705126134022894 0.026880595624445832 -0.0099886987258057669 -0.025561811194921964 0.038133146709577327 0.0010770201957076057 0.0030931281904308535
leaf_weight=200.7620017901063 335.78133577853441 1896.4778128638864 820.05887012928724 286.50270746648312 470.31578975915909 3516.2250654995441
leaf_count=896 367 7666 5556 811 1456 14428
internal_value=-0.000649962 -0.0019534 -0.017139 0.000571081 0.0152633 -0.00149541
internal_weight=7526.12 7190.34 1020.82 6169.52 756.818 5412.7
internal_count=31180 30813 6452 24361 2267 22094
is_linear=0
shrinkage=0.05


Tree=53
num_leaves=7
num_cat=0
split_feature=37 16 23 38 21 34
split_gain=118.244 101.823 108.038 107.993 107.599 87.5525
threshold=0.25833333333333336 973.50000000000011 5.0353701788701182 2.5000000000000004 0.24332721976480745 8051.884027777779
decision_type=2 8 10 2 10 8
left_child=-1 2 5 -3 -4 -2
right_child=1 3 4 -5 -6 -7
leaf_value=-0.015188317129184881 7.0302611325263244e-05 0.011412873464008818 0.082575748389312836 0.063382555377403518 0.013303986684682093 -0.023894258940546469
leaf_weight=1109.1686407551169 4902.7847253903747 650.50834079086781 62.140652760863304 113.9255018606782 358.39648711681366 408.24905783683062
leaf_count=6852 17369 1900 209 157 1465 3123
internal_value=-0.000138466 0.00244095 0.000148096 0.0195196 0.0243899 -0.00179255
internal_weight=7605.17 6496 5731.57 764.434 420.537 5311.03
internal_count=31075 24223 22166 2057 1674 20492
is_linear=0
shrinkage=0.05


Tree=54
num_leaves=7
num_cat=0
split_feature=29 35 24 24 31 4
split_gain=133.311 120.132 70.3403 91.4441 67.0161 62.9013
threshold=2.5000000000000004 15925.140833333337 872.50000000000011 1076.5000000000002 1.5000000000000002 2364.5000000000005
decision_type=2 10 10 10 2 10
left_child=1 2 4 -4 5 -1
right_child=-2 -3 3 -5 -6 -7
leaf_value=-0.015114231450183062 0.030200642188418638 -0.045061887712526116 0.036537620752684373 0.00047302036368756839 -0.024723711354943494 0.00067543757346420351
leaf_weight=711.21176891773939 339.60118694603443 150.79332464933395 273.07067941129208 478.10154969990253 314.17775438725948 5282.7099600061774
leaf_count=4696 385 1398 828 1444 100 22240
internal_value=-0.000181257 -0.00163221 -0.000673272 0.0137383 -0.00239894 -0.00120913
internal_weight=7549.67 7210.07 7059.27 751.172 6308.1 5993.92
internal_count=31091 30706 29308 2272 27036 26936
is_linear=0
shrinkage=0.05


Tree=55
num_leaves=7
num_cat=0
split_feature=14 12 30 36 4 4
split_gain=126.07 89.4413 100.08 127.425 109.745 105.979
threshold=1.0000000180025095e-35 74.500000000000014 3.5000000000000004 6.1820833333333338 2364.5000000000005 12168.500000000002
decision_type=8 10 2 8 8 10
left_child=-1 2 3 5 -5 -2
right_child=1 -3 -4 4 -6 -7
leaf_value=-0.013126706683370532 0.01079648449194414 -0.0026762130351510711 0.03827908011574125 -0.017626557422105078 0.013513711077984034 -0.065119207996961775
leaf_weight=1456.7319100052118 77.235020868480206 3111.4869926273823 268.77698858827353 320.80755784362555 2171.8109371885657 104.22630871832371
leaf_count=8474 324 10786 367 2055 8647 398
internal_value=5.33349e-05 0.00323279 0.00947433 0.00651307 0.0094786 -0.0333843
internal_weight=7511.08 6054.34 2942.86 2674.08 2492.62 181.461
internal_count=31051 22577 11791 11424 10702 722
is_linear=0
shrinkage=0.05


Tree=56
num_leaves=7
num_cat=0
split_feature=29 4 12 4 37 35
split_gain=105.489 94.1774 127.452 141.067 90.7571 104.188
threshold=2.5000000000000004 2364.5000000000005 32.500000000000007 1075.0000000000002 0.73385416666666681 3638.3798611111115
decision_type=2 10 10 10 2 10
left_child=1 2 -1 -4 -3 -6
right_child=-2 4 3 -5 5 -7
leaf_value=-0.031235838180224674 0.027480383435789908 -0.0017927638122602369 0.049212367560553832 -0.027085215714732505 0.0094389896691226879 0.068613650426485873
leaf_weight=520.35967690497637 338.10183937847614 5242.9384941905737 121.8473901078105 111.48619178682566 1138.1487109810114 74.852874606847763
leaf_count=3825 375 21950 620 638 3313 330
internal_value=0.000392809 -0.000895651 -0.01756 0.0129541 0.0010619 0.0133573
internal_weight=7547.74 7209.63 753.693 233.334 6455.94 1213
internal_count=31051 30676 5083 1258 25593 3643
is_linear=0
shrinkage=0.05


Tree=57
num_leaves=7
num_cat=0
split_feature=27 35 20 4 8 24
split_gain=112.179 108.065 83.2382 79.5189 88.6757 91.5227
threshold=1.0000000180025095e-35 15925.140833333337 0.087001221801710535 2039.5000000000002 12.500000000000002 729.50000000000011
decision_type=2 10 10 10 10 10
left_child=1 3 -2 -1 -5 -6
right_child=2 -3 -4 4 5 -7
leaf_value=-0.019511249047413071 0.025187784340538269 -0.044261510108067489 0.00369595211829444 0.0090775524165738943 -0.0093653797263468421 0.011237380712138624
leaf_weight=536.03624998033047 699.3470391780138 145.47082011401653 1256.0818667337298 1918.7253157645464 2341.6321233510971 695.2063522785902
leaf_count=4144 310 1409 785 10506 11258 2860
internal_value=0.001124 -0.00245694 0.011427 -0.0013103 0.000676153 -0.00463819
internal_weight=7592.5 5637.07 1955.43 5491.6 4955.56 3036.84
internal_count=31272 30177 1095 28768 24624 14118
is_linear=0
shrinkage=0.05


Tree=58
num_leaves=7
num_cat=0
split_feature=37 24 15 21 8 25
split_gain=100.895 83.5636 73.8454 87.405 89.7893 217.031
threshold=0.25833333333333336 27.500000000000004 116.50000000000001 0.6002056202878685 14.500000000000002 0.77772430756068889
decision_type=2 10 10 10 10 10
left_child=1 -1 3 4 5 -2
right_child=2 -3 -4 -5 -6 -7
leaf_value=-0.037423342212702881 0.024628662126317116 -0.0055887169022633791 0.01135965939467631 -0.012363052152021665 -0.0042305766639562647 -0.014863843028145408
leaf_weight=273.90476584434509 1085.0943884775043 799.11611858010292 1766.915345415473 1178.7765356227756 1800.784912712872 506.9403817281127
leaf_count=2363 4447 4449 5111 5709 6758 2179
internal_value=0.000291294 -0.0138509 0.00269439 -0.000663471 0.00341356 0.0120462
internal_weight=7411.53 1073.02 6338.51 4571.6 3392.82 1592.03
internal_count=31016 6812 24204 19093 13384 6626
is_linear=0
shrinkage=0.05


Tree=59
num_leaves=7
num_cat=0
split_feature=21 11 25 40 24 36
split_gain=96.6182 92.6346 81.3475 71.6942 69.5492 68.0613
threshold=0.6002056202878685 190.50000000000003 0.22239159891598917 10.500000000000002 22.500000000000004 1.7748611111111112
decision_type=10 8 10 2 10 8
left_child=1 3 -2 -1 -3 -5
right_child=2 4 -4 5 -6 -7
leaf_value=0.021625857814118028 0.003493580126240365 0.070212378107610052 -0.016376095011193074 -0.030758765057876433 0.016319799975868077 0.00093041772732034675
leaf_weight=400.97234559059143 816.95645190030336 68.847998313605785 1382.236037299037 171.41461327672005 346.09511415660381 4281.6761145368218
leaf_count=131 3411 193 6572 674 1036 18968
internal_value=-0.000212692 0.00346159 -0.00900372 0.00151091 0.0259912 -0.000322536
internal_weight=7468.2 5269.01 2199.19 4854.06 414.943 4453.09
internal_count=30985 21002 9983 19773 1229 19642
is_linear=0
shrinkage=0.05


Tree=60
num_leaves=7
num_cat=0
split_feature=23 34 4 37 37 12
split_gain=88.3149 115.449 105.306 77.7863 59.0513 71.0266
threshold=5.936436594464511 10765.585138888891 138948.50000000003 0.93933823529411775 0.39047619047619053 4113.5000000000009
decision_type=10 8 10 2 2 10
left_child=1 3 -3 4 5 -1
right_child=-2 2 -4 -5 -6 -7
leaf_value=-0.0096067804799472908 0.021946017260456134 -0.031164822992009397 0.065240060364725211 0.058264729856301489 0.0030911727441621942 0.039060236970637284
leaf_weight=1738.7590231373906 437.71074537932873 434.59547705948353 25.662569880485535 53.027536764740944 4665.5953115448356 73.469164222478867
leaf_count=9555 1670 3722 150 119 15417 318
internal_value=0.000288942 -0.00108172 -0.0251462 0.000632158 0.000115803 -0.00753174
internal_weight=7428.82 6991.11 460.258 6530.85 6477.82 1812.23
internal_count=30951 29281 3872 25409 25290 9873
is_linear=0
shrinkage=0.05


Tree=61
num_leaves=7
num_cat=0
split_feature=21 15 29 4 12 36
split_gain=86.0652 83.1893 65.9211 64.8621 60.1849 52.1546
threshold=0.06277844413982181 1.0000000180025095e-35 4.5000000000000009 141674.50000000003 13.500000000000002 1.7748611111111112
decision_type=10 10 2 10 10 8
left_child=-1 3 5 4 -2 -3
right_child=1 2 -4 -5 -6 -7
leaf_value=0.057947504095034012 -0.035695703053726366 -0.023924293083895844 0.035944148962668468 0.036629786688575187 0.00061525411211122479 0.0010901437136500763
leaf_weight=58.454257607460022 348.57854305952787 210.20305053889751 127.22586372494698 43.79626652598381 168.25441980361938 6565.7277045994997
leaf_count=166 2815 839 120 193 1088 25849
internal_value=-3.75999e-05 -0.000530212 0.000979596 -0.0189651 -0.0239821 0.000297077
internal_weight=7522.24 7463.79 6903.16 560.629 516.833 6775.93
internal_count=31070 30904 26808 4096 3903 26688
is_linear=0
shrinkage=0.05


Tree=62
num_leaves=7
num_cat=0
split_feature=21 25 10 33 31 16
split_gain=100.807 90.1712 89.3073 83.3875 88.6964 83.1637
threshold=0.6002056202878685 0.50021097046413521 403.50000000000006 4.5000000000000009 1.5000000000000002 299.50000000000006
decision_type=10 10 8 2 2 10
left_child=1 2 -1 4 -3 -2
right_child=5 3 -4 -5 -6 -7
leaf_value=0.013490781246196976 -0.018045788534281151 0.0010178253767774818 0.069857583288565769 0.033803683047979698 -0.0342487248477635 0.0013929901436520406
leaf_weight=733.76486463844776 1180.8062632381916 4127.5869074463844 73.34963396191597 179.70044805854559 181.32667507231236 1025.2895174175501
leaf_count=3249 6900 17364 179 214 58 3191
internal_value=-6.06699e-05 0.00368028 0.0190119 0.000905364 -0.000504229 -0.00902884
internal_weight=7501.82 5295.73 807.114 4488.61 4308.91 2206.1
internal_count=31155 21064 3428 17636 17422 10091
is_linear=0
shrinkage=0.05


Tree=63
num_leaves=7
num_cat=0
split_feature=15 27 12 19 36 36
split_gain=93.2351 84.4539 76.7348 76.8752 70.0029 102.712
threshold=1.0000000180025095e-35 2.5000000000000004 26.500000000000004 4.5000000000000009 5118.1291666666675 3806.3420833333334
decision_type=8 2 10 10 10 10
left_child=2 4 -1 -4 5 -2
right_child=1 -3 3 -5 -6 -7
leaf_value=-0.028635611271864037 0.0019188248725369884 0.054927810364062926 0.044461444020607033 -0.031796023599872374 -0.016317591749903087 0.040798668096120899
leaf_weight=441.73878474533558 6148.17281139642 69.960761792957783 78.716993398964405 50.098673738539219 501.88371313363314 169.72169346362352
leaf_count=3416 22742 47 503 285 3295 795
internal_value=0.000530348 0.00214389 -0.0188034 0.0147237 0.00156256 0.00299472
internal_weight=7460.29 6889.74 570.554 128.816 6819.78 6317.89
internal_count=31083 26879 4204 788 26832 23537
is_linear=0
shrinkage=0.05


Tree=64
num_leaves=7
num_cat=0
split_feature=0 21 11 8 31 36
split_gain=79.2525 106.966 111.212 96.0386 86.8622 77.6642
threshold=28.500000000000004 0.64060235507246388 1.0000000180025095e-35 12.500000000000002 1.5000000000000002 5118.1291666666675
decision_type=8 10 10 10 2 10
left_child=1 2 4 -2 -1 -5
right_child=3 -3 -4 5 -6 -7
leaf_value=-0.0066309482233400724 0.018721579789774994 -0.023143406486014532 0.011998878730482325 0.0021628474090904857 -0.059263716084036626 -0.031872578788644711
leaf_weight=1545.6932139769197 901.13857862353325 711.67278494685888 974.05908565968275 3031.4268492609262 77.736910820007324 172.40234979242086
leaf_count=8228 3360 4631 4014 9685 24 1124
internal_value=-0.0002894 -0.0060421 -0.00132114 0.00434977 -0.00932546 0.000284545
internal_weight=7414.13 3309.16 2597.49 4104.97 1623.43 3203.83
internal_count=31066 16897 12266 14169 8252 10809
is_linear=0
shrinkage=0.05


Tree=65
num_leaves=7
num_cat=0
split_feature=35 24 38 21 25 0
split_gain=74.3335 67.6739 56.5286 74.9069 61.9652 78.534
threshold=15925.140833333337 60.500000000000007 3.5000000000000004 0.6002056202878685 0.26386813186813191 27.500000000000004
decision_type=10 10 2 10 10 10
left_child=2 -2 3 -1 5 -5
right_child=1 -3 -4 4 -6 -7
leaf_value=0.003654999500329794 -0.053321116792059302 0.032210732912278016 0.029181606502886284 -0.017865025586290641 -0.015695605507763399 0.012399987819249957
leaf_weight=5083.5140009298921 106.04364767670631 25.595408491790295 169.93924994021654 325.07123099267483 1100.6306752562523 606.50257354229689
leaf_count=20181 1167 226 125 1964 5292 2153
internal_value=0.000417715 -0.0361205 0.00110222 0.000411597 -0.00769076 0.00180006
internal_weight=7417.3 131.639 7285.66 7115.72 2032.2 931.574
internal_count=31108 1393 29715 29590 9409 4117
is_linear=0
shrinkage=0.05


Tree=66
num_leaves=7
num_cat=0
split_feature=21 24 22 23 4 24
split_gain=90.7296 75.4934 82.9654 66.3325 60.8061 53.0031
threshold=0.06277844413982181 872.50000000000011 0.51714819636140563 0.42620181554257824 97375.000000000015 14.500000000000002
decision_type=10 10 10 10 10 10
left_child=-1 3 -3 -2 -4 -5
right_child=1 2 4 5 -6 -7
leaf_value=0.060642992503670348 -0.01712016009937305 0.036333613153439602 -0.0074175812965652822 -0.012536214385607048 0.040161100667296952 0.0015006234163999024
leaf_weight=56.597866460680962 645.49856036156416 275.63834048807621 356.67385023832321 766.95705910027027 77.470483735203743 5215.8754778131843
leaf_count=161 3322 828 1138 4976 252 20449
internal_value=0.000213786 -0.000293271 0.0151458 -0.00195671 0.00143315 -0.000307766
internal_weight=7394.71 7338.11 709.783 6628.33 434.144 5982.83
internal_count=31126 30965 2218 28747 1390 25425
is_linear=0
shrinkage=0.05


Tree=67
num_leaves=7
num_cat=0
split_feature=21 23 23 3 34 11
split_gain=71.5744 100.259 99.5382 97.5442 80.7804 75.6047
threshold=0.6002056202878685 1.2306355165679366 2.5905326821396195 46401.000000000007 13.674166666666668 190.50000000000003
decision_type=10 10 10 10 8 8
left_child=5 -2 4 -4 -3 -1
right_child=1 2 3 -5 -6 -7
leaf_value=0.00063179947020143318 0.0010575218863047879 -0.068750593523757036 -0.015387461776299648 0.042329723062285447 -0.023272136264900253 0.022642512357742398
leaf_weight=4847.2093649953604 1211.9193394556642 126.8350061327219 293.11470215022564 92.033269293606281 417.41545711457729 419.3226415514946
leaf_count=19811 5756 73 1430 268 2520 1240
internal_value=-0.000730328 -0.00842707 -0.0207343 -0.00122989 -0.0344001 0.00240411
internal_weight=7407.85 2141.32 929.398 385.148 544.25 5266.53
internal_count=31098 10047 4291 1698 2593 21051
is_linear=0
shrinkage=0.05


Tree=68
num_leaves=7
num_cat=0
split_feature=23 24 12 8 35 37
split_gain=75.6202 100.169 95.9723 160.646 87.5504 83.3232
threshold=5.0353701788701182 77.500000000000014 21.500000000000004 58.500000000000007 158.35583333333338 0.39047619047619053
decision_type=8 10 10 10 8 2
left_child=1 2 4 -4 -1 -3
right_child=-2 5 3 -5 -6 -7
leaf_value=0.055254586349958085 0.018963982727311743 -0.0094333557923162031 0.0078871591878215946 -0.036309387994969411 -0.022537037440734112 0.0073561427059915616
leaf_weight=32.812464863061905 523.10609219223261 931.61458683013916 1141.2703541666269 245.54496723413467 1042.4020453095436 3502.8618952557445
leaf_count=43 2030 4400 5261 1081 7391 10825
internal_value=0.000728868 -0.000667018 -0.00874426 -4.04635e-05 -0.0199183 0.00382228
internal_weight=7419.61 6896.51 2462.03 1386.82 1075.21 4434.48
internal_count=31031 29001 13776 6342 7434 15225
is_linear=0
shrinkage=0.05


Tree=69
num_leaves=7
num_cat=0
split_feature=15 3 24 18 37 11
split_gain=68.7276 82.6484 82.512 77.5252 77.0398 69.6396
threshold=114.50000000000001 10066.500000000002 50.500000000000007 59.500000000000007 0.58114035087719318 569.50000000000011
decision_type=8 10 8 10 2 10
left_child=5 2 -2 -4 -3 -1
right_child=1 4 3 -5 -6 -7
leaf_value=-0.0050353406835817885 -0.019918264674178433 0.010892212223794844 0.037065904931071973 -0.0097588875863120345 -0.014185413610028084 0.01453636135581585
leaf_weight=5058.0100212544203 99.09039456397295 695.54113137722015 481.53653668612242 105.80047347396612 539.13208217918873 494.49970616400242
leaf_count=23701 393 2247 1211 308 1542 1733
internal_value=-0.000460251 0.00767926 0.0215197 0.0286199 -7.12252e-05 -0.0032808
internal_weight=7473.61 1921.1 686.427 587.337 1234.67 5552.51
internal_count=31135 5701 1912 1519 3789 25434
is_linear=0
shrinkage=0.05


Tree=70
num_leaves=7
num_cat=0
split_feature=35 21 27 24 4 12
split_gain=66.7725 74.2568 63.4148 62.8091 59.1872 91.4202
threshold=15925.140833333337 0.06277844413982181 2.5000000000000004 59.500000000000007 2364.5000000000005 25.500000000000004
decision_type=10 10 2 10 10 10
left_child=1 -1 4 -2 5 -3
right_child=3 2 -4 -5 -6 -7
leaf_value=0.057578129777403245 -0.052251498561580845 -0.027990899453065734 0.045676146393734185 0.030802202720570396 0.0019294902075259633 0.010206220737067728
leaf_weight=53.391355395317078 99.358432590961456 413.27985447645187 73.439357616007328 25.507914289832115 6477.8113888055086 247.07767816632986
leaf_count=117 1171 3354 52 225 24859 1357
internal_value=0.000784997 0.00141927 0.000963896 -0.0347524 0.000472235 -0.0137299
internal_weight=7389.87 7265 7211.61 124.866 7138.17 660.358
internal_count=31135 29739 29622 1396 29570 4711
is_linear=0
shrinkage=0.05


Tree=71
num_leaves=7
num_cat=0
split_feature=35 35 12 35 12 4
split_gain=71.9525 60.4461 58.1134 120.981 95.3674 112.273
threshold=14.189861111111112 15925.140833333337 74.500000000000014 205.22361111111113 57.500000000000007 2039.5000000000002
decision_type=8 10 10 8 10 10
left_child=-1 2 3 -2 5 -5
right_child=1 -3 -4 4 -6 -7
leaf_value=0.032325717609780869 0.035091693508582107 -0.034533452106793254 -0.0045336618813357097 -0.02310915390931087 0.034971125173600633 0.0035505386415397308
leaf_weight=167.67434541136026 293.13126873970032 121.93026169762015 3330.0742015466094 453.88070829957724 200.18361769616604 2828.2188924849033
leaf_count=100 385 1400 12243 3608 869 12561
internal_value=0.000428498 -0.000333346 0.000277399 0.00452134 0.00190137 -0.000165767
internal_weight=7395.09 7227.42 7105.49 3775.41 3482.28 3282.1
internal_count=31166 31066 29666 17423 17038 16169
is_linear=0
shrinkage=0.05


Tree=72
num_leaves=7
num_cat=0
split_feature=22 36 36 4 19 36
split_gain=62.88 57.509 110.689 182.735 77.0741 98.4309
threshold=35.665644235385699 5118.1291666666675 3806.3420833333334 27393.500000000004 13.500000000000002 9504.3365277777793
decision_type=10 10 10 10 10 10
left_child=1 2 -1 -4 5 -3
right_child=-2 4 3 -5 -6 -7
leaf_value=-0.0020947757059031308 0.037619663438867759 0.012974858818678776 -0.0098064607800870292 0.084042757545579813 -0.042025907271940659 -0.044319126037713832
leaf_weight=6450.8260662518442 95.316351741552353 256.43761906027794 106.80289950966835 94.164366587996483 200.16073851287365 100.13664474710822
leaf_count=25765 300 1603 667 266 1482 960
internal_value=-0.00169678 -0.00224237 -0.000944276 0.0351398 -0.0176053 -0.00350536
internal_weight=7303.84 7208.53 6651.79 200.967 556.735 356.574
internal_count=31043 30743 26698 933 4045 2563
is_linear=0
shrinkage=0.05


Tree=73
num_leaves=7
num_cat=0
split_feature=27 37 8 25 21 35
split_gain=86.1716 73.7508 65.011 110.923 133.566 97.3957
threshold=2.5000000000000004 0.25833333333333336 13.500000000000002 0.84356132611216739 0.66343486011005204 8988.4988888888893
decision_type=2 2 10 10 10 8
left_child=1 -1 3 4 -3 -5
right_child=-2 2 -4 5 -6 -7
leaf_value=-0.012692760618953129 0.054333293861464786 0.0213362011943511 -0.0020226126920536969 -0.025602971721206891 -0.010467553659752171 0.042622223201231393
leaf_weight=1014.1049907580018 68.091637045145035 1395.7265689112246 3947.2430315501988 336.13758440315723 428.54126104712486 57.130715437233448
leaf_count=6877 50 5641 14393 1423 2399 269
internal_value=0.000317745 -0.000232052 0.00182636 0.00866671 0.0138569 -0.0152811
internal_weight=7246.98 7178.88 6164.78 2217.54 1824.27 393.268
internal_count=31052 31002 24125 9732 8040 1692
is_linear=0
shrinkage=0.05


Tree=74
num_leaves=7
num_cat=0
split_feature=9 28 35 21 31 38
split_gain=76.3871 65.4976 57.126 42.6992 40.6909 51.7161
threshold=1279.0000000000002 2.5000000000000004 15925.140833333337 0.081574453837783556 1.5000000000000002 1.5000000000000002
decision_type=8 2 10 10 2 2
left_child=1 2 3 -1 5 -5
right_child=-2 -3 -4 4 -6 -7
leaf_value=0.037493756978270919 0.043146713933780806 0.033163334466914524 -0.034585965655449011 2.7207815471182336e-05 -0.015956102522725724 0.029933228850895569
leaf_weight=70.832098633050919 100.45058085769415 143.30494397878647 115.20613475516438 6327.5662214383483 383.17658145725727 142.9403053894639
leaf_count=239 205 142 1416 28655 122 337
internal_value=0.000900155 0.000279759 -0.000412702 0.000180398 -0.000232284 0.000710466
internal_weight=7283.48 7183.03 7039.72 6924.52 6853.68 6470.51
internal_count=31116 30911 30769 29353 29114 28992
is_linear=0
shrinkage=0.05


Tree=75
num_leaves=7
num_cat=0
split_feature=37 28 15 16 4 23
split_gain=69.9176 53.7311 49.0872 55.1932 84.4417 100.355
threshold=0.93933823529411775 2.5000000000000004 1.0000000180025095e-35 44.500000000000007 2535.5000000000005 1.1074722449839463
decision_type=2 2 8 10 8 10
left_child=1 2 -1 4 -4 -6
right_child=-2 -3 3 -5 5 -7
leaf_value=-0.015931713023132548 0.055622463234631485 0.02697693527956091 -0.014407965115233724 -0.0022709761830232273 0.034340062770751828 -0.0042360474655451638
leaf_weight=544.91944463551044 50.085796780884266 163.59262281656265 243.91200976446271 5596.4501811116934 432.03082002699375 272.85204379633069
leaf_count=4222 120 162 1799 21639 1828 1278
internal_value=-0.000496035 -0.00092157 -0.00158383 -0.000378063 0.0107406 0.019483
internal_weight=7303.84 7253.76 7090.16 6545.25 948.795 704.883
internal_count=31048 30928 30766 26544 4905 3106
is_linear=0
shrinkage=0.05


Tree=76
num_leaves=7
num_cat=0
split_feature=11 12 21 21 15 1
split_gain=72.5707 106.185 100.897 84.2867 70.0293 68.9901
threshold=206.50000000000003 952.50000000000011 0.1972920063116681 0.6002056202878685 176.50000000000003 10972.500000000002
decision_type=8 10 10 10 10 10
left_child=1 3 -3 -1 -5 -6
right_child=-2 2 -4 4 5 -7
leaf_value=0.0032020566027656525 0.011510405415285621 0.00010426228852554508 -0.045728342583094293 -0.017500916935142528 0.028815535947578425 -0.019260276052106354
leaf_weight=4421.2122772298753 1178.2937854230404 223.5098007619381 254.42898291349411 1010.3766926825047 182.60677633434534 119.47442147135735
leaf_count=18568 3863 642 873 6280 591 371
internal_value=0.000161232 -0.00199914 -0.0245154 -0.000102543 -0.0112045 0.00979734
internal_weight=7389.9 6211.61 477.939 5733.67 1312.46 302.081
internal_count=31188 27325 1515 25810 7242 962
is_linear=0
shrinkage=0.05


Tree=77
num_leaves=7
num_cat=0
split_feature=29 17 15 21 35 2
split_gain=76.684 67.0227 61.8905 105.365 59.3607 54.7016
threshold=4.5000000000000009 51.500000000000007 64.500000000000014 0.98679487179487191 1501.2641666666671 14307.500000000002
decision_type=2 10 8 8 10 10
left_child=1 2 3 5 -5 -1
right_child=-2 -3 -4 4 -6 -7
leaf_value=-0.0070522402066820165 0.043095920664081348 -0.055522180243301737 0.0057918117912137352 0.067721545212659356 0.0004689633586237162 0.011677114108058483
leaf_weight=3792.6510243266821 97.541524805128574 49.824360221624374 2782.2798418998718 73.847838997840881 56.316317155957222 429.91101498529315
leaf_count=19364 112 66 9227 247 349 1673
internal_value=0.000162413 -0.000450019 -2.68331e-05 -0.00374851 0.039718 -0.0051338
internal_weight=7282.37 7184.83 7135.01 4352.73 130.164 4222.56
internal_count=31038 30926 30860 21633 596 21037
is_linear=0
shrinkage=0.05


Tree=78
num_leaves=7
num_cat=0
split_feature=29 24 24 25 35 8
split_gain=69.5381 52.8366 84.7412 62.2207 93.2017 83.3245
threshold=2.5000000000000004 872.50000000000011 1098.5000000000002 0.85685810547635743 8728.3116666666683 13.500000000000002
decision_type=2 8 10 10 8 10
left_child=1 3 -3 5 -5 -1
right_child=-2 2 -4 4 -6 -7
leaf_value=0.0059593995602129513 0.025126779494664821 0.032127556487513774 -0.0021988417969259918 -0.031373331023109366 0.032554117058178636 -0.0060774967578579404
leaf_weight=2505.6285241916776 264.32131908088923 299.1966318488121 438.20719002187252 342.70365609228611 63.965181849896908 3359.6322823949158
leaf_count=12980 359 891 1359 1493 367 13734
internal_value=0.000194473 -0.000762962 0.0118514 -0.00225432 -0.0210449 -0.000934661
internal_weight=7273.65 7009.33 737.404 6271.93 406.669 5865.26
internal_count=31183 30824 2250 28574 1860 26714
is_linear=0
shrinkage=0.05


Tree=79
num_leaves=7
num_cat=0
split_feature=9 21 29 37 37 36
split_gain=65.2113 63.5986 87.7929 65.978 95.2657 88.2871
threshold=1386.0000000000002 0.6002056202878685 2.5000000000000004 0.17424242424242428 0.25833333333333336 644.59027777777794
decision_type=8 10 2 2 2 10
left_child=1 2 -1 -3 -5 -6
right_child=-2 3 -4 4 5 -7
leaf_value=0.000966180233604163 0.039769434603349869 0.028786492088118766 0.041587437757578172 -0.047080805371121179 -0.014872072331742356 0.0084965098230685553
leaf_weight=4965.65884802863 94.682763494551182 108.68525820225477 131.6832767277956 157.82063458487391 1210.6118182018399 601.53723425418139
leaf_count=20733 200 730 175 1417 5399 2363
internal_value=-0.000394074 -0.000951328 0.0020553 -0.00831152 -0.010426 -0.00711291
internal_weight=7270.68 7176 5097.34 2078.65 1969.97 1812.15
internal_count=31017 30817 20908 9909 9179 7762
is_linear=0
shrinkage=0.05


Tree=80
num_leaves=7
num_cat=0
split_feature=36 36 12 36 34 8
split_gain=60.0883 110.676 141.769 91.6257 79.8953 167.085
threshold=9504.3365277777793 7084.3868055555567 50.500000000000007 5118.1291666666675 7823.1963888888904 28.500000000000004
decision_type=10 10 8 10 10 10
left_child=1 3 -3 -1 -5 -6
right_child=-2 2 -4 4 5 -7
leaf_value=0.0012569332196044731 -0.034625337430690871 0.11669680589655923 -0.0097415577653585262 -0.035432197999398618 0.12865129776355849 -0.039043544418058587
leaf_weight=6710.5964945219457 117.74813577532768 41.247228771448135 41.217805668711662 288.36256778985262 19.748210854828358 33.049363106489182
leaf_count=27020 1132 219 245 1880 169 380
internal_value=6.08185e-05 0.000657152 0.056556 -3.61521e-05 -0.0251218 0.0293837
internal_weight=7251.97 7134.22 82.465 7051.76 341.16 52.7976
internal_count=31045 29913 464 29449 2429 549
is_linear=0
shrinkage=0.05


Tree=81
num_leaves=7
num_cat=0
split_feature=15 31 2 24 8 36
split_gain=68.9587 95.2412 62.0449 101.725 59.8891 52.961
threshold=150.50000000000003 1.5000000000000002 20322.500000000004 54.500000000000007 63.500000000000007 47.087083333333339
decision_type=8 2 10 10 10 8
left_child=1 -1 5 -4 -5 -2
right_child=2 -3 3 4 -6 -7
leaf_value=-0.0015066189166661218 -0.0052501726167241206 -0.030123890909149111 0.029921149053172086 0.0067744715586444577 -0.049863449653921782 0.020772934112109044
leaf_weight=5614.6085709296167 251.39437727630138 301.66610781848431 98.839650206267834 68.953681275248528 132.73558255285025 847.82819579541683
leaf_count=26697 730 102 255 246 417 2625
internal_value=-0.000627634 -0.00299 0.00933237 -0.0106699 -0.0308046 0.0148246
internal_weight=7316.03 5916.27 1399.75 300.529 201.689 1099.22
internal_count=31072 26799 4273 918 663 3355
is_linear=0
shrinkage=0.05


Tree=82
num_leaves=7
num_cat=0
split_feature=37 22 24 31 34 35
split_gain=61.8155 55.7384 70.5359 58.0583 41.1255 79.5012
threshold=0.93933823529411775 35.665644235385699 14.500000000000002 1.5000000000000002 11365.585138888891 13499.816805555558
decision_type=2 10 10 2 8 8
left_child=1 2 -1 4 5 -4
right_child=-2 -3 3 -5 -6 -7
leaf_value=-0.016017677833291274 0.054062857806343782 0.034459232831078539 0.0012203289533299062 -0.018503933577396849 -0.014684936433170771 0.026921880250712724
leaf_weight=721.17308692634106 46.895201824605465 105.97972986102104 5344.8849633485079 375.94924983382225 358.3674281090498 313.87177312746644
leaf_count=5329 115 308 20788 124 2726 1792
internal_value=-0.000312642 -0.000702977 -0.00125062 0.000426403 0.00162355 0.00266841
internal_weight=7267.12 7220.23 7114.25 6393.07 6017.12 5658.76
internal_count=31182 31067 30759 25430 25306 22580
is_linear=0
shrinkage=0.05


Tree=83
num_leaves=7
num_cat=0
split_feature=22 24 8 31 35 16
split_gain=53.968 81.0031 69.7715 94.8765 79.7097 89.6788
threshold=35.665644235385699 14.500000000000002 15.500000000000002 1.5000000000000002 1187.8637500000002 766.50000000000011
decision_type=8 10 10 2 8 10
left_child=1 -1 3 4 -3 -6
right_child=-2 2 -4 -5 5 -7
leaf_value=-0.017257712215608883 0.035295214664288151 0.026377492529856716 -0.00362701848024298 -0.038347089587520394 0.002062593931777316 0.056995140126444833
leaf_weight=703.89637024700642 97.660129047930241 517.9538838788867 3910.3823418542743 105.31595952808857 1821.4583461172879 72.4805743470788
leaf_count=5311 303 1209 14323 36 9566 290
internal_value=-0.000700084 -0.00121739 0.000551257 0.00703636 0.00909327 0.00430938
internal_weight=7229.15 7131.49 6427.59 2517.21 2411.89 1893.94
internal_count=31038 30735 25424 11101 11065 9856
is_linear=0
shrinkage=0.05


Tree=84
num_leaves=7
num_cat=0
split_feature=21 15 2 36 28 8
split_gain=55.5552 50.9633 61.7951 122.175 111.11 82.0587
threshold=0.06277844413982181 150.50000000000003 15539.500000000002 1128.0269444444446 1.0000000180025095e-35 71.500000000000014
decision_type=10 10 10 8 2 10
left_child=-1 2 -2 5 -5 -4
right_child=1 -3 3 4 -6 -7
leaf_value=0.048864113685528426 -0.0044913594667118075 0.007968429261939157 0.01653739522296201 0.019134411137689149 0.096103471197365758 -0.026743620748875641
leaf_weight=52.363188974559307 5116.1811947897077 1410.5473869666457 219.93949188292027 185.97331862524152 59.413524433970451 208.63150832056999
leaf_count=163 24177 4267 696 1004 51 704
internal_value=-0.000147039 -0.000537106 -0.00261424 0.0115635 0.0393173 -0.00459756
internal_weight=7253.05 7200.69 5790.14 673.958 245.387 428.571
internal_count=31062 30899 26632 2455 1055 1400
is_linear=0
shrinkage=0.05


Tree=85
num_leaves=7
num_cat=0
split_feature=24 23 4 4 16 36
split_gain=57.5934 74.8259 73.5664 89.3295 87.3004 54.8688
threshold=872.50000000000011 0.41922942928637869 25782.500000000004 85929.500000000015 288.50000000000006 1.7748611111111112
decision_type=8 10 10 10 8 8
left_child=1 -1 4 -4 -2 -3
right_child=2 5 3 -5 -6 -7
leaf_value=-0.01739780449555688 -0.0092487724787266232 -0.027847814268060652 -0.0094627336235759175 0.037987396168397483 0.05535830733271261 0.0016104506085694859
leaf_weight=620.52686050161719 72.992961809039116 157.57958739995956 381.35122406482697 128.47859662771225 168.57122993469238 5699.3980996869504
leaf_count=3263 237 539 1206 381 455 24998
internal_value=0.000563763 -0.000960065 0.0136197 0.00274764 0.0360444 0.000794811
internal_weight=7228.9 6477.5 751.394 509.83 241.564 5856.98
internal_count=31079 28800 2279 1587 692 25537
is_linear=0
shrinkage=0.05


Tree=86
num_leaves=7
num_cat=0
split_feature=0 16 21 36 34 20
split_gain=59.5843 60.1711 59.702 85.602 85.3914 56.2778
threshold=25.500000000000004 41.500000000000007 0.6250428375599727 1198.2280555555558 467.69472222222231 0.35036231884057972
decision_type=10 10 10 10 10 10
left_child=2 -2 3 -1 -5 -3
right_child=1 5 -4 4 -6 -7
leaf_value=0.0065050564589927869 0.025178523794108756 0.0057568107940187997 -0.018898216888847699 -0.035512155062652366 -0.0034083287003406656 -0.0076914560351535226
leaf_weight=1359.4414649233222 301.96167977899313 2935.1144621521235 633.82515246793628 286.74893222004175 718.46586859226227 1053.0800851806998
leaf_count=5763 1358 10201 4452 729 4886 3750
internal_value=6.75956e-05 0.00384534 -0.00533492 -0.00166719 -0.0126967 0.00220062
internal_weight=7288.64 4290.16 2998.48 2364.66 1005.21 3988.19
internal_count=31139 15309 15830 11378 5615 13951
is_linear=0
shrinkage=0.05


Tree=87
num_leaves=7
num_cat=0
split_feature=20 16 38 25 22 21
split_gain=54.4718 101.388 49.7356 48.2211 81.4076 67.9581
threshold=0.0042441032121259591 40.500000000000007 1.0000000180025095e-35 0.18910678971654585 1.2162453239567002 0.46963109354413707
decision_type=10 8 2 10 10 10
left_child=1 -1 -3 4 -2 -6
right_child=3 2 -4 -5 5 -7
leaf_value=-0.029741837591949968 0.036559295769356535 0.016041904218637573 0.060159208377670685 -0.0032847292501786123 0.037346859598033674 -0.0072523359295334107
leaf_weight=81.883104894310236 204.29224341362715 184.02372377738357 97.561877757310867 6102.8181970715523 97.856036923825741 498.68541521206498
leaf_count=586 872 1030 81 26236 333 2065
internal_value=-0.000770644 0.0179616 0.0321103 -0.00176916 0.00972909 0.000313285
internal_weight=7267.12 363.469 281.586 6903.65 800.834 596.541
internal_count=31203 1697 1111 29506 3270 2398
is_linear=0
shrinkage=0.05


Tree=88
num_leaves=7
num_cat=0
split_feature=15 21 4 8 37 12
split_gain=53.4004 56.0066 55.7164 55.5345 75.5467 52.3764
threshold=60.500000000000007 0.1414701505276795 32445.000000000004 216.50000000000003 0.62731481481481499 11.500000000000002
decision_type=8 10 10 10 2 10
left_child=3 2 -2 -1 -5 -3
right_child=1 5 -4 4 -6 -7
leaf_value=-0.0025907166179340532 0.052351022514923275 0.013835825631828075 0.00082445781805330067 -0.056487162642773273 0.0011472024128388683 -0.0014554855674929507
leaf_weight=4084.740945070982 113.37878328561783 775.61924559995532 94.513269945979118 109.94312895834446 112.12919466197491 1978.6251278817654
leaf_count=20601 335 2589 287 393 364 6684
internal_value=-0.000379592 0.00478329 0.0294952 -0.00393194 -0.0280018 0.00286795
internal_weight=7268.95 2962.14 207.892 4306.81 222.072 2754.24
internal_count=31253 9895 622 21358 757 9273
is_linear=0
shrinkage=0.05


Tree=89
num_leaves=7
num_cat=0
split_feature=27 16 6 8 35 12
split_gain=62.1571 50.7182 109.314 72.6606 74.9794 81.7034
threshold=2.5000000000000004 958.50000000000011 111.50000000000001 32.500000000000007 2701.5476388888892 12.500000000000002
decision_type=2 8 10 10 8 10
left_child=1 2 -1 -3 5 -5
right_child=-2 3 -4 4 -6 -7
leaf_value=-0.0012655648038190966 0.051039883735255587 0.042414134636488132 -0.051268719727461248 0.048141727539523525 -0.033268735588480529 0.0011368816664350685
leaf_weight=6266.4219057559967 53.609225068241358 146.68554772436619 106.24833648651838 114.16689455509186 107.4970815628767 413.44708630442619
leaf_count=28522 50 455 259 239 554 1119
internal_value=-0.000241983 -0.000661621 -0.00213878 0.0113163 0.00385869 0.0116644
internal_weight=7208.08 7154.47 6372.67 781.797 635.111 527.614
internal_count=31198 31148 28781 2367 1912 1358
is_linear=0
shrinkage=0.05


Tree=90
num_leaves=7
num_cat=0
split_feature=32 15 4 12 12 23
split_gain=50.6963 41.9259 61.4792 61.3726 59.5815 72.9619
threshold=3.5000000000000004 1.0000000180025095e-35 141674.50000000003 13.500000000000002 74.500000000000014 1.1529941116614466
decision_type=2 8 10 10 10 10
left_child=1 2 3 -1 -3 -6
right_child=-2 4 -4 -5 5 -7
leaf_value=-0.032634988895149632 0.023154970578399561 0.0053294339209786507 0.036825327736317498 0.0043624957469672139 0.0028508237500215572 -0.012472459703425606
leaf_weight=307.14981418475509 231.31159783154726 3364.1663039624691 49.432258754968643 173.22487244382501 1671.6045528501272 1443.8935877755284
leaf_count=2861 205 14835 193 1129 6358 5525
internal_value=0.000376903 -0.000390739 -0.0138461 -0.0193861 0.000719264 -0.00425944
internal_weight=7240.78 7009.47 529.807 480.375 6479.66 3115.5
internal_count=31106 30901 4183 3990 26718 11883
is_linear=0
shrinkage=0.05


Tree=91
num_leaves=7
num_cat=0
split_feature=23 34 4 2 19 4
split_gain=46.2206 69.309 77.2106 53.6291 182.854 102.948
threshold=5.0353701788701182 10765.585138888891 144121.00000000003 60589.000000000007 27.500000000000004 202207.00000000003
decision_type=8 8 10 10 10 10
left_child=1 3 -3 5 -5 -1
right_child=-2 2 -4 4 -6 -7
leaf_value=0.0004882672824579074 0.014753185494969233 -0.026536297297831569 0.062422764070405035 0.011460304926506397 -0.067018676432323301 0.035892052039041382
leaf_weight=5781.2562129497528 526.10677939653397 367.72807556763291 21.411945708096027 184.8614114522934 117.69777154922485 207.90051473677158
leaf_count=23583 2033 3674 125 543 429 688
internal_value=0.000556423 -0.000571746 -0.0209116 0.000701874 -0.0196618 0.00174615
internal_weight=7206.96 6680.86 389.14 6291.72 302.559 5989.16
internal_count=31075 29042 3799 25243 972 24271
is_linear=0
shrinkage=0.05


Tree=92
num_leaves=7
num_cat=0
split_feature=15 4 36 36 2 19
split_gain=48.3796 54.7917 47.0107 67.7244 51.4419 138.7
threshold=1.0000000180025095e-35 195497.00000000003 1.7748611111111112 5.0402777777777787 60589.000000000007 27.500000000000004
decision_type=10 10 8 8 10 10
left_child=1 -1 -2 -4 -5 -6
right_child=2 -3 3 4 5 -7
leaf_value=-0.018610763930474016 -0.022226772187173612 0.048619589243677513 0.038479359157548909 0.0022515865390409034 0.0091853297355049129 -0.059516229031615235
leaf_weight=489.0357434079051 202.22548592090607 27.551176458597183 119.56221874803305 6056.9184202477336 177.57406684756279 118.97753278166056
leaf_count=4135 825 93 320 24725 578 427
internal_value=7.26186e-05 -0.0145935 0.00121767 0.0019667 0.00124987 -0.0189078
internal_weight=7191.84 516.587 6675.26 6473.03 6353.47 296.552
internal_count=31103 4228 26875 26050 25730 1005
is_linear=0
shrinkage=0.05


Tree=93
num_leaves=7
num_cat=0
split_feature=21 31 27 36 36 3
split_gain=41.0931 50.2345 48.8784 54.2538 92.7712 100.989
threshold=0.06277844413982181 1.5000000000000002 2.5000000000000004 47.087083333333339 237.7490277777778 606.50000000000011
decision_type=10 2 2 8 8 10
left_child=-1 2 3 -2 5 -5
right_child=1 -3 -4 4 -6 -7
leaf_value=0.043139835678751841 -0.010956717355928689 -0.016864835719900887 0.049893295441738338 -0.035268430610775024 -0.00015039687915610484 0.028674553962542249
leaf_weight=49.181046649813652 942.51622188091278 438.76970760524273 44.718859508633614 65.981126673519611 5216.1513701751828 503.37379247695208
leaf_count=148 3329 159 45 446 25516 1493
internal_value=-0.000242099 -0.00056764 0.000499831 0.000134722 0.00194953 0.0210218
internal_weight=7260.69 7211.51 6772.74 6728.02 5785.51 569.355
internal_count=31136 30988 30829 30784 27455 1939
is_linear=0
shrinkage=0.05


Tree=94
num_leaves=7
num_cat=0
split_feature=12 12 36 23 31 34
split_gain=45.0384 74.4483 61.6492 48.6888 69.8689 68.5621
threshold=5565.5000000000009 7584.0000000000009 387.55138888888894 5.0353701788701182 1.5000000000000002 10765.585138888891
decision_type=8 10 10 10 2 8
left_child=3 -2 -3 4 5 -1
right_child=1 2 -4 -5 -6 -7
leaf_value=0.00076419313189558758 0.06229278024065904 -0.013293846948218981 0.038028404964085986 0.01442145529407262 -0.023687429166709711 -0.021066821187868397
leaf_weight=5736.0383632294834 69.5123675391078 159.27929213643074 86.002180576324463 490.50157868489623 341.39689426124096 378.68694036453962
leaf_count=24283 159 560 223 1941 117 3764
internal_value=0.000160072 0.0185068 0.00510131 -0.000684042 -0.00184195 -0.000603916
internal_weight=7261.42 314.794 245.281 6946.62 6456.12 6114.73
internal_count=31047 942 783 30105 28164 28047
is_linear=0
shrinkage=0.05


end of trees

feature_importances:
n_dying_ch=56
ev_h_since_prev=49
ev_gap_last=47
ev_relapse_rate=43
n_rows_28d=38
act_share_7d=32
n_alarm_28d=31
n_undef_28d=28
rate_28d=26
ev_h_since_inc=24
n_alarm_7d=21
ev_open_ch=19
n_bad_28d=16
ev_inc_168h=15
n_rows_3d=14
dying_share=10
ev_fail_3h=10
n_rows_7d=9
n_ch_bad_28d=9
ev_inc_24h=9
ev_inc_72h=9
ev_inc_672h=9
n_undef_7d=7
n_alarm_3d=7
rate_7d=7
n_active_ch=6
act_share_1d=6
n_ch_bad_7d=3
n_undef_1d=2
ev_fail_24h=2
n_rows_1d=1
n_bad_3d=1
n_undef_3d=1
n_ch_bad_1d=1
ev_fail_168h=1
hour=1

parameters:
[boosting: gbdt]
[objective: binary]
[metric: average_precision]
[tree_learner: serial]
[device_type: cpu]
[data_sample_strategy: bagging]
[data: ]
[valid: ]
[num_iterations: 2000]
[learning_rate: 0.05]
[num_leaves: 7]
[num_threads: 6]
[seed: 51]
[deterministic: 1]
[force_col_wise: 1]
[force_row_wise: 0]
[histogram_pool_size: -1]
[max_depth: -1]
[min_data_in_leaf: 200]
[min_sum_hessian_in_leaf: 0.001]
[bagging_fraction: 0.8]
[pos_bagging_fraction: 1]
[neg_bagging_fraction: 1]
[bagging_freq: 1]
[bagging_seed: 31600]
[bagging_by_query: 0]
[feature_fraction: 0.8]
[feature_fraction_bynode: 1]
[feature_fraction_seed: 17250]
[extra_trees: 0]
[extra_seed: 15452]
[early_stopping_round: 0]
[early_stopping_min_delta: 0]
[first_metric_only: 1]
[max_delta_step: 0]
[lambda_l1: 0]
[lambda_l2: 5]
[linear_lambda: 0]
[min_gain_to_split: 0]
[drop_rate: 0.1]
[max_drop: 50]
[skip_drop: 0.5]
[xgboost_dart_mode: 0]
[uniform_drop: 0]
[drop_seed: 14807]
[top_rate: 0.2]
[other_rate: 0.1]
[min_data_per_group: 100]
[max_cat_threshold: 32]
[cat_l2: 10]
[cat_smooth: 10]
[max_cat_to_onehot: 4]
[top_k: 20]
[monotone_constraints: ]
[monotone_constraints_method: basic]
[monotone_penalty: 0]
[feature_contri: ]
[forcedsplits_filename: ]
[refit_decay_rate: 0.9]
[cegb_tradeoff: 1]
[cegb_penalty_split: 0]
[cegb_penalty_feature_lazy: ]
[cegb_penalty_feature_coupled: ]
[path_smooth: 0]
[interaction_constraints: ]
[verbosity: -1]
[saved_feature_importance_type: 0]
[use_quantized_grad: 0]
[num_grad_quant_bins: 4]
[quant_train_renew_leaf: 0]
[stochastic_rounding: 1]
[linear_tree: 0]
[max_bin: 255]
[max_bin_by_feature: ]
[min_data_in_bin: 3]
[bin_construct_sample_cnt: 200000]
[data_random_seed: 205]
[is_enable_sparse: 1]
[enable_bundle: 1]
[use_missing: 1]
[zero_as_missing: 0]
[feature_pre_filter: 1]
[pre_partition: 0]
[two_round: 0]
[header: 0]
[label_column: ]
[weight_column: ]
[group_column: ]
[ignore_column: ]
[categorical_feature: ]
[forcedbins_filename: ]
[precise_float_parser: 0]
[parser_config_file: ]
[objective_seed: 10610]
[num_class: 1]
[is_unbalance: 0]
[scale_pos_weight: 1]
[sigmoid: 1]
[boost_from_average: 1]
[reg_sqrt: 0]
[alpha: 0.9]
[fair_c: 1]
[poisson_max_delta_step: 0.7]
[tweedie_variance_power: 1.5]
[lambdarank_truncation_level: 30]
[lambdarank_norm: 1]
[label_gain: ]
[lambdarank_position_bias_regularization: 0]
[eval_at: ]
[multi_error_top_k: 1]
[auc_mu_weights: ]
[num_machines: 1]
[local_listen_port: 12400]
[time_out: 120]
[machine_list_filename: ]
[machines: ]
[gpu_platform_id: -1]
[gpu_device_id: -1]
[gpu_use_dp: 0]
[num_gpu: 1]

end of parameters

pandas_categorical:[]
