tree
version=v4
num_class=1
num_tree_per_iteration=1
label_index=0
max_feature_idx=41
objective=binary sigmoid:1
feature_names=n_active_ch n_rows_1d n_rows_3d n_rows_7d n_rows_28d n_bad_1d n_bad_3d n_bad_7d n_bad_28d n_undef_1d n_undef_3d n_undef_7d n_undef_28d n_alarm_1d n_alarm_3d n_alarm_7d n_alarm_28d n_ch_bad_1d n_ch_bad_7d n_ch_bad_28d act_share_1d act_share_7d rate_7d rate_28d n_dying_ch dying_share ev_inc_6h ev_inc_24h ev_inc_72h ev_inc_168h ev_inc_672h ev_fail_3h ev_fail_24h ev_fail_168h ev_h_since_inc ev_h_since_prev ev_gap_last ev_relapse_rate ev_open_ch is_rearm hour dow
feature_infos=[0:1459] [0:200094] [0:575548] [0:1039472] [0:3446064] [0:32012] [0:32027] [0:32027] [0:32057] [0:37262] [0:71955] [0:122355] [0:165289] [0:32013] [0:32065] [0:32176] [0:33059] [0:383] [0:947] [0:1109] [0:1] [0.0054644808743169399:1] [0:52] [0:13] [0:1420] [0:1] [0:3] [0:7] [0:11] [0:18] [0:25] [0:191] [0:561] [0:1165] [1:22977.983611111111] [2.0238888888888891:28233.218888888889] [1.0238888888888888:21790.846388888887] [0.090909090909090912:0.96551724137931039] [0:195] [0:1] [0:23] [0:6]
tree_sizes=888 897 901 896 897 895 897 906 901 904 900 894 905 895 899 905 913 902 902 898 901 901 905 904 900 900 909 908 902 905 907 898 912 899 904 903 906 904 906 908 903 903 900 907 903 910 908 901 904 908 904 900 909 907 899 909 903 902 910 902 899 905 907 900 905 903 908 900 906 903 903 899 901 912 903 909

Tree=0
num_leaves=7
num_cat=0
split_feature=35 30 24 24 35 35
split_gain=4780.78 1167.81 519.147 450.402 271.101 254.184
threshold=2629.6495833333338 2.5000000000000004 102.50000000000001 729.50000000000011 205.22361111111113 997.54763888888908
decision_type=8 2 8 10 10 10
left_child=1 3 -2 5 -3 -1
right_child=2 4 -4 -5 -6 -7
leaf_value=-0.51140220598194164 -0.58858532518768625 -0.44343763513297096 -0.55261536374892861 -0.48816785807361046 -0.49733612266674054 -0.5442319858414002
leaf_weight=981.92955243587494 3290.9165153503418 742.54792010784149 1446.2834391593933 815.75685584545135 359.53728199005127 1463.9465559720993
leaf_count=2489 13488 703 5733 2432 945 5151
internal_value=-0.542861 -0.505125 -0.577625 -0.520229 -0.460733 -0.531013
internal_weight=9100.92 4363.72 4737.2 3261.63 1102.09 2445.88
internal_count=30941 11720 19221 10072 1648 7640
is_linear=0
shrinkage=1


Tree=1
num_leaves=7
num_cat=0
split_feature=35 30 24 24 34 35
split_gain=4445.27 1002.54 433.637 361.655 232.433 227.801
threshold=2665.1501388888896 2.5000000000000004 102.50000000000001 729.50000000000011 61.533333333333339 274.49152777777783
decision_type=8 2 8 10 10 10
left_child=1 3 -2 4 -1 -3
right_child=2 5 -4 -5 -6 -7
leaf_value=0.034583651359023325 -0.044265602703934356 0.089823863974524937 -0.01135170101257521 0.049833434064063535 0.0013474151320630879 0.036428049402128237
leaf_weight=768.34871363639832 3237.4240400195122 836.81822325289249 1453.6652977466583 851.23811531066895 1646.2433150708675 274.89818015694618
leaf_count=672 13460 886 5766 2436 7068 763
internal_value=-0.00029043 0.0359268 -0.0340893 0.0219025 0.0119731 0.0768427
internal_weight=9068.64 4377.55 4691.09 3265.83 2414.59 1111.72
internal_count=31051 11825 19226 10176 7740 1649
is_linear=0
shrinkage=0.05


Tree=2
num_leaves=7
num_cat=0
split_feature=30 36 24 29 24 16
split_gain=3283.57 1337.54 572.711 428.083 268.629 265.319
threshold=1.5000000000000002 2914.9948611111117 716.50000000000011 2.5000000000000004 108.50000000000001 472.50000000000006
decision_type=2 8 10 2 8 10
left_child=1 2 -1 5 -3 -2
right_child=3 4 -4 -5 -6 -7
leaf_value=-0.004811352410903174 0.018872426374612859 -0.046570221340929918 0.045797627046160812 0.094915673463286859 -0.012701921744975487 0.062010480979945742
leaf_weight=3067.5851874351501 665.98589317500591 2614.9604958891869 678.38970772922039 531.46227340400219 759.95379030704498 777.43317894637585
leaf_count=11656 1423 10881 2312 373 2784 1595
internal_value=-0.000342094 -0.0161684 0.00440268 0.05662 -0.0389739 0.0422407
internal_weight=9095.77 7120.89 3745.97 1974.88 3374.91 1443.42
internal_count=31024 27633 13968 3391 13665 3018
is_linear=0
shrinkage=0.05


Tree=3
num_leaves=7
num_cat=0
split_feature=30 37 36 4 34 0
split_gain=3002.53 1229.78 475.466 351.902 349.417 240.289
threshold=1.5000000000000002 0.56385869565217395 3012.6204166666671 1925.5000000000002 14.850416666666669 128.50000000000003
decision_type=2 2 8 10 10 8
left_child=1 2 -1 -3 -2 -4
right_child=4 3 5 -5 -6 -7
leaf_value=-0.0087267074490345441 0.069649396672268743 -0.05955953408633851 -0.042156057409631589 0.025719614186926133 0.025434057879155949 0.032043682834663537
leaf_weight=2117.1644022166729 1323.17869836092 125.12377065420151 2990.1000340282917 1771.3456513434649 685.81573787331581 109.75927650928497
leaf_count=8046 602 533 12506 6321 2864 358
internal_value=0.000757065 -0.0144928 -0.0270209 0.0199513 0.0546561 -0.0394814
internal_weight=9122.49 7113.49 5217.02 1896.47 2008.99 3099.86
internal_count=31230 27764 20910 6854 3466 12864
is_linear=0
shrinkage=0.05


Tree=4
num_leaves=7
num_cat=0
split_feature=35 30 24 16 24 35
split_gain=3215.65 782.87 342.724 244.025 215.442 210.299
threshold=2818.6045833333342 2.5000000000000004 108.50000000000001 728.50000000000011 747.50000000000011 274.49152777777783
decision_type=8 2 8 10 10 10
left_child=1 3 -2 4 -1 -3
right_child=2 5 -4 -5 -6 -7
leaf_value=0.0028486209171515267 -0.039626835781419796 0.077020492443726829 -0.0093147503986725153 0.045020313549859324 0.035951858945808414 0.02813106301517403
leaf_weight=2153.9201156198978 3157.7039052397013 853.90529707074165 1327.7264115214348 619.76328878104687 632.21608157455921 306.45335860550404
leaf_count=6841 13630 896 5299 1889 1832 764
internal_value=-0.00062286 0.0288982 -0.0306746 0.0167657 0.0104112 0.0642848
internal_weight=9051.69 4566.26 4485.43 3405.9 2786.14 1160.36
internal_count=31151 12222 18929 10562 8673 1660
is_linear=0
shrinkage=0.05


Tree=5
num_leaves=7
num_cat=0
split_feature=35 34 34 37 21 29
split_gain=3266.2 616.431 271.89 296.993 234.335 205.08
threshold=2507.8823611111115 14.850416666666669 5507.9051388888902 0.37797619047619052 0.46963109354413707 2.5000000000000004
decision_type=8 10 8 2 10 2
left_child=1 5 3 -2 -5 -1
right_child=2 -3 -4 4 -6 -7
leaf_value=0.042553971355636787 -0.034545593322633364 0.014772315102147049 -0.045314261701147732 0.015459546741915431 -0.02497767166921621 0.080039321560729015
leaf_weight=1428.7849124073982 1611.0321470797062 2474.063211068511 1608.7215487509966 769.58863979578018 661.70700272917747 502.17273879051208
leaf_count=645 6808 10423 7340 2945 2628 209
internal_value=0.000507569 0.0313442 -0.0287002 -0.019855 -0.00325699 0.0524841
internal_weight=9056.07 4405.02 4651.05 3042.33 1431.3 1930.96
internal_count=30998 11277 19721 12381 5573 854
is_linear=0
shrinkage=0.05


Tree=6
num_leaves=7
num_cat=0
split_feature=30 24 16 37 29 16
split_gain=2122.86 965.439 416.012 365.99 280.582 216.099
threshold=1.5000000000000002 135.50000000000003 291.50000000000006 0.50675675675675691 2.5000000000000004 487.50000000000006
decision_type=2 8 10 2 2 10
left_child=1 2 -1 -3 5 -2
right_child=4 3 -4 -5 -6 -7
leaf_value=-0.034214723480669285 0.014042976176585557 -0.012940582040043856 0.0040440126122329913 0.027638087497572329 0.076485978488273557 0.05191612045749925
leaf_weight=3704.5263048559427 737.41478039324284 885.27312129735947 877.65442164242268 1476.7495819479227 512.92947921156883 775.78558471798897
leaf_count=15703 1514 3511 3367 5102 359 1545
internal_value=-0.000372517 -0.0135151 -0.0268904 0.0124342 0.0445936 0.0335668
internal_weight=8970.33 6944.2 4582.18 2362.02 2026.13 1513.2
internal_count=31101 27683 19070 8613 3418 3059
is_linear=0
shrinkage=0.05


Tree=7
num_leaves=7
num_cat=0
split_feature=35 0 35 36 4 37
split_gain=2762.11 530.677 442.381 291.969 189.435 218.082
threshold=1645.4013888888892 33.500000000000007 205.22361111111113 4824.6498611111119 2364.5000000000005 0.37797619047619052
decision_type=8 8 10 10 10 2
left_child=2 4 -1 -3 -2 -6
right_child=1 3 -4 -5 5 -7
leaf_value=0.060974048718195187 -0.051455771663553355 0.0078135099932378146 0.022687375603229261 -0.043168170759022767 -0.039558895409938753 -0.0095586679347990037
leaf_weight=1101.3724924623966 1051.6743652969599 1603.0460167825222 2408.2086288630962 335.26022937893867 1336.6647627949715 1111.9427251219749
leaf_count=1019 4686 6288 7137 1429 5936 4594
internal_value=0.000219162 -0.0220897 0.0347721 -0.00109295 -0.0336986 -0.0259827
internal_weight=8948.17 5438.59 3509.58 1938.31 3500.28 2448.61
internal_count=31089 22933 8156 7717 15216 10530
is_linear=0
shrinkage=0.05


Tree=8
num_leaves=7
num_cat=0
split_feature=35 35 24 12 15 35
split_gain=2374.22 517.83 281.904 227.554 221.685 166.153
threshold=2665.1501388888896 205.22361111111113 108.50000000000001 20.500000000000004 60.500000000000007 1065.152638888889
decision_type=8 10 8 10 10 10
left_child=1 -1 3 -2 5 -3
right_child=2 4 -4 -5 -6 -7
leaf_value=0.0565669094211457 -0.046455387004372115 0.021654629250364415 -0.0070353830260027747 -0.018745337919165259 0.028669360326783945 -0.0095644699319252045
leaf_weight=1024.7619026601315 1738.0007456094027 728.36789816617966 1335.8237392306328 1307.3766802847385 1761.8218200057745 1012.8936974853277
leaf_count=998 8015 1983 5457 5758 5179 3641
internal_value=4.86522e-06 0.0253813 -0.0262199 -0.0346097 0.0161908 0.00351906
internal_weight=8909.05 4527.85 4381.2 3045.38 3503.08 1741.26
internal_count=31031 11801 19230 13773 10803 5624
is_linear=0
shrinkage=0.05


Tree=9
num_leaves=7
num_cat=0
split_feature=35 24 35 38 37 3
split_gain=2081.77 578.122 286.426 271.458 208.721 149.786
threshold=1309.4962500000004 706.50000000000011 5507.604444444446 1.0000000180025095e-35 0.37797619047619052 48009.000000000007
decision_type=8 8 8 2 2 10
left_child=3 2 4 -1 -2 -4
right_child=1 -3 5 -5 -6 -7
leaf_value=0.015572074249681177 -0.030437809831332388 0.034287492343788577 -0.03571099609774462 0.045473542573300697 0.00050390147289277882 0.020450778880158348
leaf_weight=1348.7085465341806 823.69651238620281 477.92116293311119 2809.8048226386309 1753.7280578166246 1591.7348584085703 120.8706778138876
leaf_count=5563 3336 1671 12944 1085 6108 499
internal_value=-0.000531899 -0.0181516 -0.0228671 0.0325206 -0.0100887 -0.0333638
internal_weight=8926.46 5824.03 5346.11 3102.44 2415.43 2930.68
internal_count=31206 24558 22887 6648 9444 13443
is_linear=0
shrinkage=0.05


Tree=10
num_leaves=7
num_cat=0
split_feature=36 38 16 29 19 16
split_gain=1615.17 699.562 262.746 239.857 214.88 206.477
threshold=2914.9948611111117 1.0000000180025095e-35 285.50000000000006 2.5000000000000004 72.500000000000014 728.50000000000011
decision_type=8 2 10 2 8 10
left_child=1 2 -1 5 -2 -3
right_child=4 3 -4 -5 -6 -7
leaf_value=-0.010200799403931595 -0.032604921785034234 0.017144000162654226 0.016287544577374923 0.068552190570139823 0.028022286608141864 0.057758267406546909
leaf_weight=1952.8833732753992 2903.2828247994184 1101.6548933237791 1789.2177935838699 507.10506066679955 150.20221860706806 436.20564265549183
leaf_count=8588 13093 801 7484 202 544 332
internal_value=-0.000187902 0.0153336 0.00246896 0.0388112 -0.0295817 0.0288139
internal_weight=8840.55 5787.07 3742.1 2044.97 3053.49 1537.86
internal_count=31044 17407 16072 1335 13637 1133
is_linear=0
shrinkage=0.05


Tree=11
num_leaves=7
num_cat=0
split_feature=35 16 24 27 12 30
split_gain=1891.44 437.364 249.695 225.767 224.238 184.291
threshold=2846.2472222222227 558.50000000000011 68.500000000000014 2.5000000000000004 21.500000000000004 2.5000000000000004
decision_type=8 10 10 2 10 2
left_child=1 3 4 -1 -2 -3
right_child=2 5 -4 -5 -6 -7
leaf_value=0.0082117777428576035 -0.047659156535804763 0.028032910017725718 -0.010054064729950555 0.083696532972503304 -0.016388788708640186 0.06217410022328175
leaf_weight=2918.3609905838966 1401.4063792824745 928.27420827746391 1776.9698447287083 97.639907479286194 980.60750961303711 704.70290848612785
leaf_count=8438 6828 2802 7522 34 4456 985
internal_value=0.000202773 0.0221067 -0.0242789 0.01079 -0.0348473 0.0429112
internal_weight=8807.96 4648.98 4158.98 3016 2382.01 1632.98
internal_count=31065 12259 18806 8472 11284 3787
is_linear=0
shrinkage=0.05


Tree=12
num_leaves=7
num_cat=0
split_feature=35 38 14 37 16 4
split_gain=1735.86 427.692 226.377 213.937 170.802 143.435
threshold=2665.1501388888896 1.0000000180025095e-35 1.0000000180025095e-35 0.45804195804195807 533.50000000000011 19294.500000000004
decision_type=8 2 8 2 10 10
left_child=1 4 -2 -3 -1 -5
right_child=2 3 -4 5 -6 -7
leaf_value=-0.0012622447388777604 -0.038977038419315151 0.0032739140323885525 -0.01440734738115935 0.066592862970068598 0.026436712806277275 0.035444834807636369
leaf_weight=1691.2461433559656 1425.4822884202003 356.54543319344521 2751.9857007116079 563.80416253209114 824.227792724967 1143.6806707680225
leaf_count=7113 6838 179 12215 377 3363 781
internal_value=0.000465755 0.0217161 -0.0228279 0.0385576 0.00784812 0.0458942
internal_weight=8756.97 4579.5 4177.47 2064.03 2515.47 1707.48
internal_count=30866 11813 19053 1337 10476 1158
is_linear=0
shrinkage=0.05


Tree=13
num_leaves=7
num_cat=0
split_feature=35 16 28 2 24 4
split_gain=1398.42 379.883 237.034 214.566 199.406 161.952
threshold=2818.6045833333342 728.50000000000011 2.5000000000000004 260.50000000000006 872.50000000000011 122579.00000000001
decision_type=8 10 2 8 10 10
left_child=1 2 4 -2 -1 -3
right_child=3 5 -4 -5 -6 -7
leaf_value=0.0014527708151034972 -0.040456563683923245 0.054895521432215579 0.062494124502048859 -0.014732089538865269 0.03465883333220561 0.01338596962280683
leaf_weight=2799.6310765743256 1117.0913314521313 821.95991507172585 197.96143762767315 2962.2370743751526 534.29533702135086 333.78121541440487
leaf_count=8179 5447 1717 90 13412 1429 839
internal_value=-0.00042505 0.0181947 0.0100229 -0.0218174 0.00681831 0.0430167
internal_weight=8766.96 4687.63 3531.89 4079.33 3333.93 1155.74
internal_count=31113 12254 9698 18859 9608 2556
is_linear=0
shrinkage=0.05


Tree=14
num_leaves=7
num_cat=0
split_feature=35 16 29 21 16 2
split_gain=1458.21 441.974 269.924 172.421 170.242 146.824
threshold=1332.7075000000002 288.50000000000006 2.5000000000000004 0.6002056202878685 706.50000000000011 332.50000000000006
decision_type=8 8 2 10 10 10
left_child=2 3 4 5 -1 -2
right_child=1 -3 -4 -5 -6 -7
leaf_value=0.01280624465278412 -0.031991361274203552 0.0079414131234641118 0.060328137766034878 -0.038845786443509972 0.040916202616729548 -0.00800762786018323
leaf_weight=1842.6738834679127 986.26590605080128 1539.6292164325714 525.22098959982395 1259.3324181884527 760.85517890751362 1804.9734257459641
leaf_count=4658 4680 5879 380 6141 1697 7760
internal_value=0.000450703 -0.0148436 0.0277574 -0.0235034 0.0210838 -0.0165242
internal_weight=8718.95 5590.2 3128.75 4050.57 2603.53 2791.24
internal_count=31195 24460 6735 18581 6355 12440
is_linear=0
shrinkage=0.05


Tree=15
num_leaves=7
num_cat=0
split_feature=35 16 24 12 4 27
split_gain=1174.17 319.184 245.593 174.547 162.301 152.189
threshold=2846.2472222222227 558.50000000000011 102.50000000000001 21.500000000000004 41151.000000000007 1.0000000180025095e-35
decision_type=8 10 8 10 10 2
left_child=1 5 3 -2 -3 -1
right_child=2 4 -4 -5 -6 -7
leaf_value=-0.0014348466689410712 -0.039832647316338808 0.053108691304587598 -0.0024155458270742028 -0.013870582394285923 0.020757363509291148 0.021318685172754589
leaf_weight=1899.4677724391222 1535.55657581985 690.21506023406982 1307.6157492697239 1130.163845717907 901.63902308046818 1193.0481910258532
leaf_count=8010 7807 1413 5491 5391 2412 542
internal_value=-0.000199813 0.0167506 -0.0201794 -0.0288723 0.034907 0.00736338
internal_weight=8657.71 4684.37 3973.34 2665.72 1591.85 3092.52
internal_count=31066 12377 18689 13198 3825 8552
is_linear=0
shrinkage=0.05


Tree=16
num_leaves=7
num_cat=0
split_feature=36 34 4 37 34 14
split_gain=947.216 413.647 261.792 159.427 134.316 130.411
threshold=2914.9948611111117 63.217361111111117 236708.50000000003 0.25833333333333336 4789.980833333334 1.0000000180025095e-35
decision_type=8 10 8 2 10 10
left_child=1 -1 5 -3 -5 -2
right_child=2 3 -4 4 -6 -7
leaf_value=0.028773957803787484 -0.039640693126995183 -0.027486392420114643 0.084382406549080746 0.0074714933828910314 -0.033161555673923912 -0.017518680362596375
leaf_weight=2091.3728825002909 1089.7465892285109 430.46512086689472 49.911912724375725 3014.1574704796076 213.14809864759445 1742.8887146264315
leaf_count=1601 5550 2001 152 12787 1052 7948
internal_value=-0.000660965 0.0110659 -0.0240286 0.000915733 0.00474073 -0.0260841
internal_weight=8631.69 5749.14 2882.55 3657.77 3227.31 2832.64
internal_count=31091 17441 13650 15840 13839 13498
is_linear=0
shrinkage=0.05


Tree=17
num_leaves=7
num_cat=0
split_feature=34 36 37 24 23 29
split_gain=921.451 465.979 339.887 191.477 155.612 152.74
threshold=178.13194444444449 3513.7331944444445 0.39047619047619053 831.50000000000011 5.0353701788701182 2.5000000000000004
decision_type=8 8 2 10 10 2
left_child=2 3 -1 -2 -3 -4
right_child=1 4 5 -5 -6 -7
leaf_value=-0.016483985718132289 -0.0047319415480874573 -0.034357338333382621 0.025292388106775116 0.027573767039575821 0.0052003869872223286 0.057786969217569317
leaf_weight=431.17133235931396 3098.1002535372972 1893.453945055604 1876.6094498634338 533.22118206322193 284.67530825734138 449.96981602907181
leaf_count=627 13846 10018 2506 2163 1485 330
internal_value=0.000365084 -0.0109318 0.0241397 4.3202e-05 -0.0291872 0.0316874
internal_weight=8567.2 5809.45 2757.75 3631.32 2178.13 2326.58
internal_count=30975 27512 3463 16009 11503 2836
is_linear=0
shrinkage=0.05


Tree=18
num_leaves=7
num_cat=0
split_feature=35 0 2 36 23 36
split_gain=901.716 359.34 204.404 200.246 198.285 179.257
threshold=1332.7075000000002 31.500000000000004 3923.0000000000005 4824.6498611111119 1.5825191150864963 3970.1341666666672
decision_type=8 8 10 10 10 10
left_child=2 -2 -1 5 -4 -3
right_child=1 3 4 -5 -6 -7
leaf_value=0.034809711486093284 -0.023086504997411394 0.0061693628547789762 -0.0036649398359182429 -0.034341709185415743 0.032060030394603686 0.087733865731249014
leaf_weight=1456.0713531672955 3240.3531722724438 1819.5680643469095 1077.1519819945097 301.85448414087296 601.66586729884148 65.012415289878845
leaf_count=3198 15446 7161 2554 1470 1078 170
internal_value=-0.000200744 -0.0125305 0.0211291 0.00313081 0.00919559 0.0092078
internal_weight=8561.68 5426.79 3134.89 2186.43 1678.82 1884.58
internal_count=31077 24247 6830 8801 3632 7331
is_linear=0
shrinkage=0.05


Tree=19
num_leaves=7
num_cat=0
split_feature=35 15 28 2 0 37
split_gain=941.564 306.786 176.16 181.737 150.493 112.673
threshold=1309.4962500000004 64.500000000000014 2.5000000000000004 2924.0000000000005 18.500000000000004 0.39047619047619053
decision_type=8 8 2 10 10 2
left_child=2 4 3 5 -2 -1
right_child=1 -3 -4 -5 -6 -7
leaf_value=-0.0082781007380518887 -0.028917113379254011 0.0074653316787503662 0.058843575902987701 0.0078079949510653293 -0.0093184208500843631 0.039636929600433989
leaf_weight=137.9841548204422 2021.6316767781973 1449.3311026394367 296.67564143240452 1639.7886587977409 1909.166597917676 999.73752950131893
leaf_count=315 10117 5687 155 3803 8492 2352
internal_value=0.000431591 -0.0121788 0.0224849 0.0185026 -0.0194221 0.0338149
internal_weight=8454.32 5380.13 3074.19 2777.51 3930.8 1137.72
internal_count=30921 24296 6625 6470 18609 2667
is_linear=0
shrinkage=0.05


Tree=20
num_leaves=7
num_cat=0
split_feature=34 37 24 16 36 36
split_gain=696.091 315.157 264.825 170.663 160.405 144.013
threshold=1340.0883333333336 0.45804195804195807 716.50000000000011 958.50000000000011 3634.8136111111112 1710.3352777777779
decision_type=8 2 10 8 8 10
left_child=1 -1 4 5 -2 -3
right_child=2 3 -4 -5 -6 -7
leaf_value=-0.0096341975227362733 -0.0092550108284555274 0.018324965866732035 0.045243013287565262 0.040992836408667577 -0.031820867405846623 -0.011082623046367375
leaf_weight=1319.6689091026783 1501.7558002024889 2592.8312752246857 153.0778021812439 696.71004836261272 1664.1067740172148 492.28601372241974
leaf_count=4290 7191 6624 637 1427 9189 1592
internal_value=-0.000214666 0.0113771 -0.0180225 0.018712 -0.021148 0.0136221
internal_weight=8420.44 5101.5 3318.94 3781.83 3165.86 3085.12
internal_count=30950 13933 17017 9643 16380 8216
is_linear=0
shrinkage=0.05


Tree=21
num_leaves=7
num_cat=0
split_feature=35 16 29 37 2 21
split_gain=738.216 316.527 178.843 163.956 161.472 157.36
threshold=1332.7075000000002 288.50000000000006 2.5000000000000004 0.28991596638655465 3761.5000000000005 0.6002056202878685
decision_type=8 10 2 2 10 10
left_child=2 5 3 -1 -5 -2
right_child=1 -3 -4 4 -6 -7
leaf_value=-0.039938443407559955 -0.012022926405316832 0.0081784979118423775 0.046905715854341279 0.030736827787589183 0.0052044459225388476 -0.033838679745462695
leaf_weight=128.79205466806889 2656.7921675741673 1501.4792328178883 490.15304175019264 1142.458593249321 1350.5646488070488 1201.7681011110544
leaf_count=263 12424 5811 376 2795 3298 6211
internal_value=-3.66841e-05 -0.0112799 0.0193156 0.0140782 0.0169431 -0.0188526
internal_weight=8472.01 5360.04 3111.97 2621.82 2493.02 3858.56
internal_count=31178 24446 6732 6356 6093 18635
is_linear=0
shrinkage=0.05


Tree=22
num_leaves=7
num_cat=0
split_feature=35 15 4 24 28 36
split_gain=663.09 227.387 202.483 149.481 149.512 146.193
threshold=2892.4106944444452 164.50000000000003 2535.5000000000005 872.50000000000011 4.5000000000000009 4917.4005555555568
decision_type=8 10 8 10 2 10
left_child=1 3 -2 4 -1 -4
right_child=2 -3 5 -5 -6 -7
leaf_value=-0.00063303554737088484 -0.037236242780644767 0.030772870995783186 -0.002841212453884356 0.029726427624006613 0.069003102141291281 -0.028800182601270038
leaf_weight=2789.3387529402971 839.38019029796124 1252.0671049058437 2161.0811276733875 546.20194651186466 74.269140258431435 719.68908911943436
leaf_count=8089 4681 2726 10245 1560 30 3717
internal_value=3.60925e-05 0.0125929 -0.0156952 0.00588207 0.00129014 -0.00936508
internal_weight=8382.03 4661.88 3720.15 3409.81 2863.61 2880.77
internal_count=31048 12405 18643 9679 8119 13962
is_linear=0
shrinkage=0.05


Tree=23
num_leaves=7
num_cat=0
split_feature=38 36 35 21 15 4
split_gain=700.6 325.815 241.803 134.976 118.101 108.276
threshold=1.0000000180025095e-35 3513.7331944444445 228.41652777777782 0.41291708796764415 109.50000000000001 2183.5000000000005
decision_type=2 8 10 10 10 10
left_child=1 5 3 -2 -4 -1
right_child=2 -3 4 -5 -6 -7
leaf_value=-0.026447425545594344 0.064138746626982421 -0.024124898862254891 -0.0013435200561419018 0.026567424425691318 0.030582802247922303 0.0027779114176790325
leaf_weight=341.97392801940441 424.88149966299534 2082.5084103196859 821.13800358772278 567.55258204042912 442.20451158285141 3654.4388421326876
leaf_count=1742 202 11736 713 366 349 15930
internal_value=0.000716842 -0.00811514 0.0244828 0.0428934 0.00990808 0.00024717
internal_weight=8334.7 6078.92 2255.78 992.434 1263.34 3996.41
internal_count=31038 29408 1630 568 1062 17672
is_linear=0
shrinkage=0.05


Tree=24
num_leaves=7
num_cat=0
split_feature=35 16 23 21 23 24
split_gain=617.476 319.619 148.281 144.527 143.256 135.127
threshold=1332.7075000000002 288.50000000000006 12.99467867376177 0.6002056202878685 0.5797301028029328 797.50000000000011
decision_type=8 8 10 10 10 8
left_child=2 3 4 -2 -1 -3
right_child=1 5 -4 -5 -6 -7
leaf_value=0.040250165624512529 -0.011178769739384328 0.0026970251847152332 0.068312977323837523 -0.032543853272757689 0.010836557153219406 0.042463830586196322
leaf_weight=495.26782195270061 2575.7921465039253 1253.4004290401936 136.82449036836624 1143.9458733201027 2443.9550174623728 252.70904809236526
leaf_count=1068 12327 4889 120 6114 5580 858
internal_value=0.000536735 -0.00992267 0.0182933 -0.0177841 0.0158528 0.0094879
internal_weight=8301.89 5225.85 3076.05 3719.74 2939.22 1506.11
internal_count=30956 24188 6768 18441 6648 5747
is_linear=0
shrinkage=0.05


Tree=25
num_leaves=7
num_cat=0
split_feature=37 34 34 24 16 35
split_gain=531.378 390.376 190.556 140.69 124.775 117.372
threshold=0.37797619047619052 5289.063472222223 29.43930555555556 88.500000000000014 35.500000000000007 14711.324027777779
decision_type=2 8 10 10 10 10
left_child=5 2 -2 -4 -5 -1
right_child=1 -3 3 4 -6 -7
leaf_value=-0.016964299105531714 0.026013365480516415 -0.024889289414613359 -0.009209987081700198 0.07827170406811311 0.010470844978810774 -0.052497336511508411
leaf_weight=2123.4597609043121 1685.6202650219202 813.90724137425423 1100.3622322678566 65.272311881184578 2128.2265109717846 258.06766858696938
leaf_count=9639 892 4673 5149 283 8898 1569
internal_value=-0.00105928 0.00711462 0.0123655 0.00535235 0.0126618 -0.0209167
internal_weight=8174.92 5793.39 4979.48 3293.86 2193.5 2381.53
internal_count=31103 19895 15222 14330 9181 11208
is_linear=0
shrinkage=0.05


Tree=26
num_leaves=7
num_cat=0
split_feature=35 4 37 2 12 21
split_gain=492.785 273.271 201.231 153.264 135.011 120.475
threshold=1332.7075000000002 2364.5000000000005 0.37797619047619052 2606.5000000000005 32.500000000000007 0.47181396888447541
decision_type=8 8 2 10 10 10
left_child=3 4 -3 -1 -2 -4
right_child=1 2 5 -5 -6 -7
leaf_value=0.030171991573364129 -0.046623302907488368 -0.017907776678020609 0.013828385898717399 0.0069474180040989628 -0.00025512170542570708 -0.0074913664856847946
leaf_weight=1145.2962269037962 643.8832103908062 1700.2093605846167 1444.7032262533903 1868.3388216197491 207.16465517878532 1216.1237341910601
leaf_count=2613 3743 8630 5571 4095 1069 5327
internal_value=-0.00027008 -0.00957327 -0.00449775 0.015809 -0.0354036 0.00408848
internal_weight=8225.72 5212.08 4361.04 3013.64 851.048 2660.83
internal_count=31048 24340 19528 6708 4812 10898
is_linear=0
shrinkage=0.05


Tree=27
num_leaves=7
num_cat=0
split_feature=38 36 18 37 24 23
split_gain=518.161 266.206 143.993 141.711 109.997 91.4332
threshold=1.0000000180025095e-35 3513.7331944444445 28.500000000000004 0.44949494949494956 837.50000000000011 5.0353701788701182
decision_type=2 8 10 2 10 10
left_child=1 4 3 -2 -1 -3
right_child=2 5 -4 -5 -6 -7
leaf_value=-0.0033459349241059541 -0.011994713276392344 -0.026281985302513289 0.044783200949791477 0.022055452867018138 0.01987750789193617 0.0052919173405745843
leaf_weight=3375.2498170882463 395.79013194143772 1746.8140973597765 491.62634116411209 1296.3284719586372 595.45407156646252 262.08018758893013
leaf_count=15236 284 10358 253 1113 2410 1471
internal_value=0.000261031 -0.0073526 0.0210781 0.0140792 0.000157314 -0.0221599
internal_weight=8163.34 5979.6 2183.74 1692.12 3970.7 2008.89
internal_count=31125 29475 1650 1397 17646 11829
is_linear=0
shrinkage=0.05


Tree=28
num_leaves=7
num_cat=0
split_feature=35 4 36 22 23 37
split_gain=415.429 228.864 153.416 130.348 129.063 109.348
threshold=1244.207916666667 2364.5000000000005 5118.1291666666675 18.288115100924731 0.61261923379952732 0.45804195804195807
decision_type=8 10 10 10 10 2
left_child=3 -2 -3 4 -1 -6
right_child=1 2 -4 -5 5 -7
leaf_value=0.035359841347186942 -0.033158894917591844 -0.00051501943274876924 -0.02679889994326556 0.068942646973414831 -0.015139940559367107 0.012764405411245539
leaf_weight=505.44530737400055 813.14256474375725 3786.8668664097786 645.59575888514519 101.98304907977581 427.94103272259235 1862.0208693146706
leaf_count=1084 4830 16442 3515 88 898 4257
internal_value=-0.000468234 -0.00885933 -0.00436919 0.0147126 0.0126146 0.0075281
internal_weight=8143 5245.61 4432.46 2897.39 2795.41 2289.96
internal_count=31114 24787 19957 6327 6239 5155
is_linear=0
shrinkage=0.05


Tree=29
num_leaves=7
num_cat=0
split_feature=35 4 24 2 35 28
split_gain=340.097 228.227 161.143 140.721 104.105 104.064
threshold=1187.8637500000002 2364.5000000000005 706.50000000000011 2606.5000000000005 15925.140833333337 2.5000000000000004
decision_type=8 8 8 10 10 2
left_child=3 -2 4 -1 -3 -5
right_child=1 2 -4 5 -6 -7
leaf_value=0.027543720064702189 -0.032494497970021727 -0.0056914458573387198 0.021722918890284562 -0.00013727791348360437 -0.045766497971471407 0.038799946080377887
leaf_weight=1055.8545511066914 823.17362327873707 3823.5574316233397 534.28579631447792 1504.5444821715355 164.40407238900661 188.6825162768364
leaf_count=2313 4921 17270 1818 3602 1059 120
internal_value=-0.00101386 -0.00836182 -0.00393798 0.0132631 -0.00739878 0.0043031
internal_weight=8094.5 5345.42 4522.25 2749.08 3987.96 1693.23
internal_count=31103 25068 20147 6035 18329 3722
is_linear=0
shrinkage=0.05


Tree=30
num_leaves=7
num_cat=0
split_feature=38 37 29 34 19 21
split_gain=384.227 238.736 152.274 137.572 145.313 121.391
threshold=1.0000000180025095e-35 0.25833333333333336 2.5000000000000004 6301.748611111112 4.5000000000000009 0.68895663956639575
decision_type=2 2 2 8 10 10
left_child=1 -1 -2 -3 5 -5
right_child=2 3 -4 4 -6 -7
leaf_value=-0.026439280557464296 0.011887280702217553 0.0026393963005123798 0.045419303456745726 0.027377245246206397 -0.037348989895557537 -0.039123633602714029
leaf_weight=1160.9028768986464 1752.3588349372149 3941.2957497090101 416.67181247472763 212.81652550399303 477.4374016970396 95.28828838467598
leaf_count=6754 1436 17901 203 1279 2871 614
internal_value=0.000453187 -0.00617519 0.0184184 -0.00117568 -0.0202127 0.00651403
internal_weight=8056.77 5887.74 2169.03 4726.84 785.542 308.105
internal_count=31058 29419 1639 22665 4764 1893
is_linear=0
shrinkage=0.05


Tree=31
num_leaves=7
num_cat=0
split_feature=35 35 23 37 21 36
split_gain=347.414 216.758 183.886 177.27 176.536 114.31
threshold=5507.604444444446 110.55194444444446 5.0353701788701182 0.37797619047619052 0.24332721976480745 3970.1341666666672
decision_type=8 10 8 2 10 10
left_child=1 -1 -2 5 -4 -3
right_child=2 3 4 -5 -6 -7
leaf_value=0.03178191838307947 -0.02169752402900061 -0.019683062159496417 0.098680827652049052 0.007714989511133816 0.0018747120180749957 0.047608964595795028
leaf_weight=742.97524224221706 2028.9307938367128 976.91293086111546 51.898396864533424 4000.3000988513231 274.50207826495171 62.742709219455719
leaf_count=588 11887 3855 193 13026 1381 204
internal_value=7.10462e-05 0.00666405 -0.0160963 0.00293342 0.0185237 -0.0154136
internal_weight=8138.26 5782.93 2355.33 5039.96 326.4 1039.66
internal_count=31134 17673 13461 17085 1574 4059
is_linear=0
shrinkage=0.05


Tree=32
num_leaves=7
num_cat=0
split_feature=15 24 22 38 16 15
split_gain=387.414 225.633 142.754 139.358 122.538 122.404
threshold=114.50000000000001 123.50000000000001 1.4560782138994408 1.0000000180025095e-35 92.500000000000014 1.0000000180025095e-35
decision_type=8 10 10 2 10 10
left_child=1 5 -3 -2 -4 -1
right_child=3 2 4 -5 -6 -7
leaf_value=-0.033756526219753995 0.0069748758497718893 -0.0011917873789432237 0.069907229399284482 0.033328569449493674 0.013344238361324477 -0.010312219652970247
leaf_weight=692.73108980059624 1165.3234313726425 2020.629155755043 128.21405357122421 880.40214844048023 352.52040413022041 2801.2542053759098
leaf_count=4106 5044 6850 248 653 1342 12840
internal_value=-0.000391532 -0.00680333 0.00465589 0.0183701 0.0289942 -0.015002
internal_weight=8041.07 5995.35 2501.36 2045.73 480.734 3493.99
internal_count=31083 25386 8440 5697 1590 16946
is_linear=0
shrinkage=0.05


Tree=33
num_leaves=7
num_cat=0
split_feature=37 34 23 11 37 36
split_gain=317.637 175.158 155.23 124.631 100.4 127.449
threshold=0.25833333333333336 6301.748611111112 12.99467867376177 247.50000000000003 0.72821969696969713 1.7748611111111112
decision_type=2 8 8 10 2 8
left_child=-1 2 4 -3 5 -2
right_child=1 3 -4 -5 -6 -7
leaf_value=-0.02271684016312147 -0.040155751636700557 -0.022562599476194971 0.055215441791782387 0.069374268679822548 0.016699285164417613 0.0035855165595570799
leaf_weight=1302.5595733821392 168.68109166622162 738.11161677539349 158.45917303860188 33.999906539916992 1537.9786606281996 4044.6777834892273
leaf_count=6898 631 4627 209 188 4326 14331
internal_value=-0.000178555 0.00422872 0.00715798 -0.0180939 0.00578711 0.00178882
internal_weight=7984.47 6681.91 5909.8 772.112 5751.34 4213.36
internal_count=31210 24312 19497 4815 19288 14962
is_linear=0
shrinkage=0.05


Tree=34
num_leaves=7
num_cat=0
split_feature=38 37 36 20 19 4
split_gain=314.255 187.578 114.857 108.539 113.309 105.583
threshold=1.0000000180025095e-35 0.25833333333333336 20.552777777777781 0.21540934949295082 6.5000000000000009 2039.5000000000002
decision_type=2 2 10 10 10 10
left_child=1 -1 -2 4 -4 -3
right_child=2 5 3 -5 -6 -7
leaf_value=-0.02412917653582753 0.039115543565624605 -0.022462586601023359 -0.0051721433429794076 -0.0051932897913733933 0.030039462365685533 0.0013437482805686769
leaf_weight=1108.3119363635778 440.37117692828178 519.011300817132 315.95234639942646 671.43572390079498 807.92361651360989 4184.742386624217
leaf_count=6722 399 3285 213 509 552 19478
internal_value=0.000454975 -0.00567365 0.0163646 0.0106908 0.0201615 -0.0013041
internal_weight=8047.75 5812.07 2235.68 1795.31 1123.88 4703.75
internal_count=31158 29485 1673 1274 765 22763
is_linear=0
shrinkage=0.05


Tree=35
num_leaves=7
num_cat=0
split_feature=37 15 21 21 30 24
split_gain=295.92 204.369 128.12 108.012 102.772 96.4629
threshold=0.25833333333333336 113.50000000000001 0.6002056202878685 0.95920722135007852 2.5000000000000004 27.500000000000004
decision_type=2 8 10 10 2 10
left_child=5 2 -2 -4 -3 -1
right_child=1 4 3 -5 -6 -7
leaf_value=-0.043959400140972382 0.0034716620000670912 0.010329006382624005 -0.021638378864203354 0.018731155337211595 0.035533058111965887 -0.013266492924424415
leaf_weight=362.22240413725376 3467.3316629379988 1380.4810136258602 1039.2901896610856 192.94901658594608 571.16969594359398 869.83477685600519
leaf_count=2357 13326 4377 4807 741 897 4465
internal_value=2.54398e-05 0.00419901 -0.00145267 -0.015267 0.0177772 -0.0224314
internal_weight=7883.28 6651.22 4699.57 1232.24 1951.65 1232.06
internal_count=30970 24148 18874 5548 5274 6822
is_linear=0
shrinkage=0.05


Tree=36
num_leaves=7
num_cat=0
split_feature=37 16 21 4 22 35
split_gain=250.659 170.429 200.972 146.483 128.22 169.285
threshold=0.39047619047619053 558.50000000000011 0.48758930771125897 129955.50000000001 1.2258100535913703 3638.3798611111115
decision_type=2 8 10 10 10 10
left_child=-1 2 4 -3 -2 -6
right_child=1 3 -4 -5 5 -7
leaf_value=-0.015025994845589797 -0.00036264033110583265 0.027420976659179853 -0.014914876095727983 -0.0050362359386691528 0.015476246107049202 0.085330877734196536
leaf_weight=2214.348003745079 1612.0858147740364 1201.620523005724 1550.6468223109841 486.35338260233402 776.2312820404768 93.267715021967888
leaf_count=11227 5551 3092 6777 1502 2488 422
internal_value=-0.00076184 0.00476825 -0.000820588 0.0180819 0.00799867 0.0234143
internal_weight=7934.55 5720.21 4032.23 1687.97 2481.58 869.499
internal_count=31059 19832 15238 4594 8461 2910
is_linear=0
shrinkage=0.05


Tree=37
num_leaves=7
num_cat=0
split_feature=14 15 24 28 16 19
split_gain=252.449 163.543 113.412 113.093 104.982 91.9715
threshold=33.500000000000007 1.0000000180025095e-35 872.50000000000011 2.5000000000000004 440.50000000000006 10.500000000000002
decision_type=8 10 10 2 8 10
left_child=1 -1 3 -3 -2 -6
right_child=4 2 -4 -5 5 -7
leaf_value=-0.028161216642167093 0.00014687407816871381 -0.0060110996344781 0.021250655559936119 0.047868666708084519 0.050455578218558776 0.016439081217366008
leaf_weight=693.6220241189003 886.07567448914051 4224.0810466632247 458.49941278994083 94.729513138532639 232.53579364717007 1291.3019270449877
leaf_count=4243 3178 18219 1347 52 632 3414
internal_value=0.000374596 -0.00556469 -0.00225787 -0.0047753 0.0138414 0.021778
internal_weight=7880.85 5470.93 4777.31 4318.81 2409.91 1523.84
internal_count=31085 23861 19618 18271 7224 4046
is_linear=0
shrinkage=0.05


Tree=38
num_leaves=7
num_cat=0
split_feature=34 37 28 21 23 23
split_gain=237.983 197.713 113.459 120.091 113.932 106.395
threshold=5507.9051388888902 0.37797619047619052 2.5000000000000004 0.57521929824561413 1.1977845800728264 5.0353701788701182
decision_type=8 2 2 10 10 10
left_child=1 5 3 -3 -5 -1
right_child=-2 2 -4 4 -6 -7
leaf_value=-0.013347566135527462 -0.020988938617685377 0.012544619058232072 0.04441764964174217 0.0068709237862704057 -0.022003574667585051 0.041326949501445033
leaf_weight=1679.5426711142063 1122.5862487778068 3311.4193714112043 211.20148029923439 836.41933369636536 570.5512505620718 89.146439284086227
leaf_count=8064 7434 10307 142 2900 1894 292
internal_value=0.000263603 0.00383838 0.00898221 0.00735073 -0.00487465 -0.0104831
internal_weight=7820.87 6698.28 4929.59 4718.39 1406.97 1768.69
internal_count=31033 23599 15243 15101 4794 8356
is_linear=0
shrinkage=0.05


Tree=39
num_leaves=7
num_cat=0
split_feature=38 24 36 16 36 8
split_gain=203.513 165.763 122.681 101.424 91.7724 120.516
threshold=1.0000000180025095e-35 19.500000000000004 4917.4005555555568 1163.5000000000002 3806.3420833333334 9.5000000000000018
decision_type=2 10 10 8 10 10
left_child=1 -1 4 -2 -3 -6
right_child=3 2 -4 -5 5 -7
leaf_value=-0.022981401949293209 0.0085676723786963279 0.00084193854079776939 -0.023239519988165987 0.039335039503688607 -0.010581253111720916 0.098096234371352398
leaf_weight=1037.1351750046015 1848.8422572463751 4019.7480838745832 538.82552739232779 309.32122687995434 45.208445653319359 51.031277701258659
leaf_count=6752 1327 18581 3471 329 262 254
internal_value=1.6243e-06 -0.00495602 -0.00091945 0.0130582 0.00202713 0.0490439
internal_weight=7850.11 5691.95 4654.81 2158.16 4115.99 96.2397
internal_count=30976 29320 22568 1656 19097 516
is_linear=0
shrinkage=0.05


Tree=40
num_leaves=7
num_cat=0
split_feature=34 23 37 19 36 21
split_gain=192.053 151.869 125.604 103.747 95.2694 97.3751
threshold=5507.9051388888902 5.936436594464511 0.39047619047619053 4.5000000000000009 3634.8136111111112 0.65022275531185758
decision_type=8 8 2 10 10 10
left_child=1 2 -1 4 5 -2
right_child=3 -3 -4 -5 -6 -7
leaf_value=-0.0098212368785298154 0.030799736224241231 0.037560118755598261 0.0059403765109014954 -0.033632504920368893 -0.032659813788810992 -0.024620752962743922
leaf_weight=1722.6588378846645 230.7483291849494 304.71761518716812 4705.4687069505453 577.95535964518785 172.69057606905699 114.95209474116564
leaf_count=8222 1414 677 14645 3829 1350 823
internal_value=0.000197254 0.0033612 0.00171211 -0.0191601 -0.00285764 0.0122831
internal_weight=7829.19 6732.85 6428.13 1096.35 518.391 345.7
internal_count=30960 23544 22867 7416 3587 2237
is_linear=0
shrinkage=0.05


Tree=41
num_leaves=7
num_cat=0
split_feature=38 4 36 37 35 3
split_gain=236.046 144.773 118.149 113.709 101.411 81.6668
threshold=1.0000000180025095e-35 2183.5000000000005 20.552777777777781 0.7421798631476052 15925.140833333337 6761.5000000000009
decision_type=2 10 10 2 10 10
left_child=1 -1 -2 -4 -3 -5
right_child=2 4 3 5 -6 -7
leaf_value=-0.025662557616818751 0.040230056391315161 -3.2339647190895429e-05 0.0015102900879490255 0.049799931516591012 -0.043349706496941892 0.0091025405494155939
leaf_weight=686.21875254809856 385.16379033029079 4842.6905008107424 1226.4902132302523 247.91856198012829 133.9926740527153 245.80479131639004
leaf_count=4703 383 23622 793 273 1065 191
internal_value=0.00109529 -0.00422035 0.0153691 0.0097021 -0.00124096 0.0298327
internal_weight=7768.28 5662.9 2105.38 1720.21 4976.68 493.723
internal_count=31030 29390 1640 1257 24687 464
is_linear=0
shrinkage=0.05


Tree=42
num_leaves=7
num_cat=0
split_feature=37 38 24 37 8 1
split_gain=199.661 135.75 94.3213 102.977 89.6501 102.21
threshold=0.25833333333333336 1.0000000180025095e-35 95.500000000000014 0.17424242424242428 1.5000000000000002 1022.5000000000001
decision_type=2 2 10 2 8 10
left_child=2 -2 3 -1 -3 -6
right_child=1 4 -4 -5 5 -7
leaf_value=-0.0025366570124244771 -0.00063945864216466192 -0.011180649711578883 0.0016623012797061859 -0.04067696491388436 0.03608457476347756 0.01027243588658972
leaf_weight=265.49963676184416 4643.4453376084566 277.24239933490753 400.3455873131752 529.99083759635687 588.13236638903618 1102.8970456123352
leaf_count=1543 22753 282 1763 3525 543 705
internal_value=0.000624818 0.00402852 -0.0181325 -0.0280428 0.0150147 0.0193297
internal_weight=7807.55 6611.72 1195.84 795.49 1968.27 1691.03
internal_count=31114 24283 6831 5068 1530 1248
is_linear=0
shrinkage=0.05


Tree=43
num_leaves=7
num_cat=0
split_feature=15 28 4 37 16 16
split_gain=180.384 129.605 125.57 82.3292 107.811 91.6382
threshold=1.0000000180025095e-35 2.5000000000000004 2364.5000000000005 0.25833333333333336 36.500000000000007 558.50000000000011
decision_type=8 2 8 2 10 10
left_child=-1 2 -2 -4 -5 -6
right_child=1 -3 3 4 5 -7
leaf_value=-0.025183814894764796 -0.020308078632794855 0.038709125976556347 -0.011291724320949088 0.027486902887214261 -0.0015974536824483309 0.01290473734727522
leaf_weight=645.29365165531635 619.35379888117313 231.65801903605461 842.07673858106136 499.46204942464828 3285.2864298671484 1623.9661530703306
leaf_count=4190 3575 158 4419 1987 11872 4775
internal_value=2.20542e-05 0.00232845 0.00107445 0.00320766 0.0054734 0.00320808
internal_weight=7747.1 7101.8 6870.15 6250.79 5408.71 4909.25
internal_count=30976 26786 26628 23053 18634 16647
is_linear=0
shrinkage=0.05


Tree=44
num_leaves=7
num_cat=0
split_feature=37 16 38 23 24 29
split_gain=181.84 159.537 123.014 100.522 113.053 111.856
threshold=0.25833333333333336 973.50000000000011 1.5000000000000002 5.0353701788701182 135.50000000000003 2.5000000000000004
decision_type=2 8 2 10 10 2
left_child=-1 3 -3 4 -2 -6
right_child=1 2 -4 -5 5 -7
leaf_value=-0.018114224386385699 -0.0087669966492707873 0.013330652268848917 0.060054023817860042 0.023922104790289347 0.0035638971940413636 0.053637932812693169
leaf_weight=1164.4441526681185 2659.4086376279593 610.70911929011345 179.92691074311733 416.27439571917057 2618.9140274226665 111.54671354591846
leaf_count=6885 12036 1825 211 1667 8447 99
internal_value=5.81272e-05 0.00327715 0.0242742 0.000399507 -0.0014377 0.00570386
internal_weight=7761.22 6596.78 790.636 5806.14 5389.87 2730.46
internal_count=31170 24285 2036 22249 20582 8546
is_linear=0
shrinkage=0.05


Tree=45
num_leaves=7
num_cat=0
split_feature=15 27 24 22 21 34
split_gain=175.021 129.276 102.896 99.6909 80.4826 100.268
threshold=1.0000000180025095e-35 2.5000000000000004 872.50000000000011 35.665644235385699 0.42425280910544799 3709.3612500000004
decision_type=8 2 8 10 10 10
left_child=4 2 3 -2 5 -1
right_child=1 -3 -4 -5 -6 -7
leaf_value=0.014121851303583139 -0.0013186313492259487 0.059454403964540437 0.019081046147284172 0.049245336523264294 -0.040516215625015894 -0.049927847134434711
leaf_weight=202.53501432389021 6084.5809565335512 92.982788324356079 746.77815416455269 94.065767534077168 354.97581759095192 81.657828964293003
leaf_count=1056 24231 52 2250 243 2533 680
internal_value=0.000135479 0.00242316 0.0016151 -0.000509632 -0.0248083 -0.00482675
internal_weight=7657.58 7018.41 6925.42 6178.65 639.169 284.193
internal_count=31045 26776 26724 24474 4269 1736
is_linear=0
shrinkage=0.05


Tree=46
num_leaves=7
num_cat=0
split_feature=28 24 21 25 37 8
split_gain=165.339 150.734 107.967 94.7754 90.0675 82.7387
threshold=2.5000000000000004 14.500000000000002 0.39146178768820289 0.22239159891598917 0.44097222222222227 14.500000000000002
decision_type=2 8 8 10 2 10
left_child=1 2 4 -3 -1 -5
right_child=-2 3 -4 5 -6 -7
leaf_value=-0.027367437407556323 0.042065965638333397 0.022813047660878005 -0.026364228985452327 0.0064946147600149261 0.073965709364237228 -0.0053950343437326881
leaf_weight=34.07230344414711 216.70866508036852 453.35052224993706 818.98302067816257 2394.5969536229968 47.582612946629524 3744.8656282648444
leaf_count=299 161 1548 5036 10494 189 13361
internal_value=-0.000488274 -0.00174616 -0.0208733 0.000880622 0.0325429 -0.00075616
internal_weight=7710.16 7493.45 900.638 6592.81 81.6549 6139.46
internal_count=31088 30927 5524 25403 488 23855
is_linear=0
shrinkage=0.05


Tree=47
num_leaves=7
num_cat=0
split_feature=4 36 23 24 27 21
split_gain=134.585 110.778 97.7984 115.161 102.112 92.4116
threshold=2364.5000000000005 133.43680555555559 5.936436594464511 14.500000000000002 2.5000000000000004 0.44770084566596202
decision_type=8 8 8 10 2 10
left_child=1 -1 3 -2 -5 -3
right_child=2 5 -4 4 -6 -7
leaf_value=0.038699550649623993 -0.022450840584101038 -0.010095886110876287 0.025549837073444256 0.0013904846761255665 0.059824246998108614 -0.045427678886697874
leaf_weight=69.962772980332375 512.71920853108168 438.17888760566711 398.19631280750036 5874.513679869473 70.73281492292881 320.30145561695099
leaf_count=202 2981 2511 1310 21611 37 2429
internal_value=-0.000645878 -0.0196186 0.00165925 0.000167539 0.00213538 -0.0252161
internal_weight=7684.61 828.443 6856.16 6457.97 5945.25 758.48
internal_count=31081 5142 25939 24629 21648 4940
is_linear=0
shrinkage=0.05


Tree=48
num_leaves=7
num_cat=0
split_feature=15 27 36 36 36 8
split_gain=131.345 100.652 86.1969 80.4166 90.7777 198.942
threshold=1.0000000180025095e-35 2.5000000000000004 1.7748611111111112 5118.1291666666675 3970.1341666666672 1.5000000000000002
decision_type=8 2 8 10 10 10
left_child=-1 2 -2 4 -4 -6
right_child=1 -3 3 -5 5 -7
leaf_value=-0.022103156367903207 -0.030596649299448393 0.051551536329795339 0.0025027630793141007 -0.016948112950908225 -0.031179989745260785 0.084265397697374289
leaf_weight=631.39685755968094 205.61687070131302 94.498110055923462 6041.4600286930799 517.67602042108774 56.586663164198399 93.779436200857162
leaf_count=4224 818 53 21923 3249 394 365
internal_value=-0.000353566 0.0016199 0.000900813 0.00188814 0.00347537 0.041215
internal_weight=7641.01 7009.62 6915.12 6709.5 6191.83 150.366
internal_count=31026 26802 26749 25931 22682 759
is_linear=0
shrinkage=0.05


Tree=49
num_leaves=7
num_cat=0
split_feature=37 21 15 8 21 25
split_gain=134.018 126.042 111.18 100.669 121.748 186.65
threshold=0.25833333333333336 0.06277844413982181 83.500000000000014 15.500000000000002 0.66343486011005204 0.84356132611216739
decision_type=2 10 10 10 10 10
left_child=-1 -2 3 4 5 -3
right_child=1 2 -4 -5 -6 -7
leaf_value=-0.016586855844874199 0.071672050619182109 0.018960876348967991 0.0099275931441519874 -0.011558244863947631 -0.02005124231502994 -0.022052761984292457
leaf_weight=1128.3446327596903 59.351281061768532 1294.5113803893328 2378.0915997251868 2025.5981988310814 410.92824503034353 348.19319962710142
leaf_count=6790 122 5391 6923 8016 2211 1542
internal_value=-0.000717268 0.00204112 0.00134616 -0.00366263 0.00413435 0.0102269
internal_weight=7645.02 6516.67 6457.32 4079.23 2053.63 1642.7
internal_count=30995 24205 24083 17160 9144 6933
is_linear=0
shrinkage=0.05


Tree=50
num_leaves=7
num_cat=0
split_feature=18 34 27 24 22 37
split_gain=127.907 102.69 100.422 103.889 119.643 96.7713
threshold=29.500000000000004 14.850416666666669 2.5000000000000004 872.50000000000011 0.47855165747156397 0.93933823529411775
decision_type=8 10 2 10 10 2
left_child=2 -2 3 5 -5 -1
right_child=1 -3 -4 4 -6 -7
leaf_value=-0.0058973437553158925 0.034423401902155149 0.0024237904826579456 0.057918978383637604 0.043029335552967875 -0.001267181150240884 0.062245328215247968
leaf_weight=5865.5957353636622 440.83379805833101 574.74466090649366 62.852572470903397 243.66382984817028 393.20289005339146 47.598525241017342
leaf_count=26271 332 2453 37 661 1204 104
internal_value=-6.14944e-05 0.0164145 -0.00260229 -0.00322677 0.0158837 -0.0052967
internal_weight=7628.49 1015.58 6612.91 6550.06 636.867 5913.19
internal_count=31062 2785 28277 28240 1865 26375
is_linear=0
shrinkage=0.05


Tree=51
num_leaves=7
num_cat=0
split_feature=30 4 21 1 37 31
split_gain=127.788 115.168 115.038 108.057 110.905 84.6242
threshold=2.5000000000000004 2364.5000000000005 0.42087040287276328 1740.5000000000002 0.58514492753623204 1.5000000000000002
decision_type=2 8 10 10 2 2
left_child=1 2 -1 -2 -5 -3
right_child=3 5 -4 4 -6 -7
leaf_value=-0.0039070915848487655 0.031759387967130639 0.0017112559039743549 -0.043517315545952368 0.021313387694300689 -0.031831210046098901 -0.024537171479510473
leaf_weight=440.70976196974516 549.44070912152529 5605.2725265622139 310.18483372032642 213.08518506586552 173.57438842207193 319.84320047497749
leaf_count=2566 973 24277 2482 358 323 96
internal_value=0.000360379 -0.00206968 -0.0204492 0.0176098 -0.00264542 0.000274848
internal_weight=7612.11 6676.01 750.895 936.1 386.66 5925.12
internal_count=31075 29421 5048 1654 681 24373
is_linear=0
shrinkage=0.05


Tree=52
num_leaves=7
num_cat=0
split_feature=35 24 10 21 24 8
split_gain=131.558 111.866 98.1236 85.8816 75.0965 137.943
threshold=110.55194444444446 14.500000000000002 219.50000000000003 0.39146178768820289 706.50000000000011 21.500000000000004
decision_type=8 8 8 8 10 10
left_child=-1 3 4 -2 5 -3
right_child=1 2 -4 -5 -6 -7
leaf_value=0.021252630636413864 0.029677721957343917 0.0040002063151289213 0.021192700242799015 -0.024563979928829607 0.010500386693610635 -0.013196851387239054
leaf_weight=650.59733127057552 76.565351255238056 2375.4485225081444 503.34465302526951 749.71783843636513 1022.7844226211309 2282.1036580950022
leaf_count=603 492 11067 1596 4983 3121 9331
internal_value=-0.000166979 -0.00216867 0.000146242 -0.0193895 -0.00173572 -0.00443111
internal_weight=7660.56 7009.96 6183.68 826.283 5680.34 4657.55
internal_count=31193 30590 25115 5475 23519 20398
is_linear=0
shrinkage=0.05


Tree=53
num_leaves=7
num_cat=0
split_feature=14 35 24 24 12 35
split_gain=122.607 80.6587 78.7097 86.8907 84.3767 83.6992
threshold=1.0000000180025095e-35 30.675000000000004 872.50000000000011 1076.5000000000002 74.500000000000014 134.35583333333338
decision_type=8 8 8 10 10 8
left_child=-1 -2 4 -4 5 -3
right_child=1 2 3 -5 -6 -7
leaf_value=-0.012756672325503883 0.027407298550305867 0.042591858839489183 0.040533672967969787 0.0042456944417585095 -0.0070738386624321099 0.0036977109260077946
leaf_weight=1487.9895716235042 321.70969467610121 141.70982491225004 253.56860177218914 459.44436794519424 2415.543922752142 2450.1368809565902
leaf_count=8535 179 194 790 1393 9084 10878
internal_value=7.50844e-05 0.00324309 0.00186137 0.0173432 -0.000358214 0.00590217
internal_weight=7530.1 6042.11 5720.4 713.013 5007.39 2591.85
internal_count=31053 22518 22339 2183 20156 11072
is_linear=0
shrinkage=0.05


Tree=54
num_leaves=7
num_cat=0
split_feature=15 4 19 38 21 12
split_gain=122.164 100.08 96.06 87.4504 83.116 113.51
threshold=114.50000000000001 25782.500000000004 11.500000000000002 1.0000000180025095e-35 0.6002056202878685 473.50000000000006
decision_type=8 10 10 2 10 10
left_child=4 3 -3 -2 -1 -6
right_child=1 2 -4 -5 5 -7
leaf_value=0.00064455299061068512 0.0084949097377355152 0.034830289207358485 -0.0012315799820523101 0.0487015420546765 -0.022705156021162097 0.007334552892519307
leaf_weight=4184.7977548465133 259.53124495595694 214.24229247868061 1168.9914458096027 283.28797387331724 990.95481678843498 456.65480782091618
leaf_count=17808 1191 712 3489 253 5904 1703
internal_value=0.000786798 0.0116401 0.0044592 0.029731 -0.00293162 -0.0132364
internal_weight=7558.46 1926.05 1383.23 542.819 5632.41 1447.61
internal_count=31060 5645 4201 1444 25415 7607
is_linear=0
shrinkage=0.05


Tree=55
num_leaves=7
num_cat=0
split_feature=37 21 14 31 24 4
split_gain=135.333 75.7326 71.1086 66.7979 66.4591 64.7331
threshold=0.25833333333333336 0.081574453837783556 27.500000000000004 1.5000000000000002 27.500000000000004 87929.000000000015
decision_type=2 10 10 2 10 10
left_child=4 -2 3 -3 -1 -6
right_child=1 2 -4 -5 5 -7
leaf_value=-0.036841366299651145 0.05046340287354574 -0.00087102060065927581 0.0085736812695852756 -0.03214210038858744 -0.001054775257306563 -0.034351897577715181
leaf_weight=290.38524256646633 76.129752524197102 3791.7095666751266 2429.1348801702261 173.84421987831593 612.78682457655668 186.74621350318193
leaf_count=2412 226 16691 7339 53 3435 989
internal_value=-0.000292467 0.00245654 0.00184604 -0.00228065 -0.01655 -0.00899711
internal_weight=7560.74 6470.82 6394.69 3965.55 1089.92 799.533
internal_count=31145 24309 24083 16744 6836 4424
is_linear=0
shrinkage=0.05


Tree=56
num_leaves=7
num_cat=0
split_feature=16 21 10 31 35 21
split_gain=115.861 100.937 91.7331 85.7258 80.5602 70.7197
threshold=958.50000000000011 0.6002056202878685 190.50000000000003 1.5000000000000002 5436.9231944444455 0.99496226128362297
decision_type=8 10 10 2 8 10
left_child=1 2 3 -1 -2 -3
right_child=4 5 -4 -5 -6 -7
leaf_value=0.0019585145363428878 0.023701814366894454 -0.014671318368461157 0.031439894596186652 -0.030479437327003586 -0.028212695262181387 0.018393769253504094
leaf_weight=4379.0674565285444 714.71380740404129 1707.6771578788757 246.9510281085968 208.60301113128662 79.162241071462631 174.31708660721779
leaf_count=18947 1909 8404 678 65 389 704
internal_value=0.000379515 -0.00176027 0.00206567 0.000451972 0.0183809 -0.0115681
internal_weight=7510.49 6716.62 4834.62 4587.67 793.876 1881.99
internal_count=31096 28798 19690 19012 2298 9108
is_linear=0
shrinkage=0.05


Tree=57
num_leaves=7
num_cat=0
split_feature=35 21 4 12 4 36
split_gain=107.349 98.9545 93.2309 123.695 112.075 85.4715
threshold=15925.140833333337 0.06277844413982181 2364.5000000000005 25.500000000000004 1075.0000000000002 133.43680555555559
decision_type=10 10 10 10 10 8
left_child=1 -1 3 5 -5 -3
right_child=-2 2 -4 4 -6 -7
leaf_value=0.06504691214304667 -0.041240027975259205 0.033614089460872063 0.0021242257613678407 0.040528739330498414 -0.024229794643008132 -0.038656022491691935
leaf_weight=54.393942520022392 150.27334835380316 41.393494948744774 6593.2530197352171 140.13435808569193 119.27962432801723 425.35668212175369
leaf_count=123 1429 137 24888 706 660 3185
internal_value=-9.68863e-05 0.00076896 0.000247203 -0.0166933 0.0108574 -0.0319584
internal_weight=7524.08 7373.81 7319.42 726.164 259.414 466.75
internal_count=31128 29699 29576 4688 1366 3322
is_linear=0
shrinkage=0.05


Tree=58
num_leaves=7
num_cat=0
split_feature=14 23 3 12 12 11
split_gain=103.641 75.5469 67.3178 73.5366 64.7632 91.8707
threshold=1.0000000180025095e-35 12.99467867376177 56760.000000000007 26.500000000000004 74.500000000000014 157.50000000000003
decision_type=10 10 10 10 10 10
left_child=2 4 3 -1 -2 -6
right_child=1 -3 -4 -5 5 -7
leaf_value=-0.02288918900054758 0.006912135756209345 0.033566829675734343 0.050119348905271012 0.00032813900331343408 -0.010581613606482366 0.0073045041366181888
leaf_weight=892.52678607404232 2805.3445682153106 184.09582372009754 37.227884106338024 549.84752128273249 1842.8772971779108 1169.6423014178872
leaf_count=5773 11335 576 142 2620 6901 3792
internal_value=-0.000460248 0.00246372 -0.0122896 -0.014068 0.00145154 -0.00363654
internal_weight=7481.56 6001.96 1479.6 1442.37 5817.86 3012.52
internal_count=31139 22604 8535 8393 22028 10693
is_linear=0
shrinkage=0.05


Tree=59
num_leaves=7
num_cat=0
split_feature=29 35 4 12 34 35
split_gain=120.247 98.8442 68.8139 95.9616 145.61 111.902
threshold=2.5000000000000004 15925.140833333337 2364.5000000000005 23.500000000000004 2109.3384722222227 1187.8637500000002
decision_type=2 10 8 10 10 8
left_child=1 2 3 5 -5 -1
right_child=-2 -3 -4 4 -6 -7
leaf_value=0.046517781702741401 0.029536131452747218 -0.041883776205887485 0.0014460463465900868 -0.0086543150182541908 0.083474195470526993 -0.036285360505011403
leaf_weight=40.864339038729668 330.76416870206594 140.38733652234077 6337.3627625107765 224.43192591518164 47.816160507500172 419.11021568626165
leaf_count=75 378 1404 24543 1090 347 3271
internal_value=0.000287166 -0.0010742 -0.000234773 -0.0146934 0.00874022 -0.028508
internal_weight=7540.74 7209.97 7069.59 732.223 272.248 459.975
internal_count=31108 30730 29326 4783 1437 3346
is_linear=0
shrinkage=0.05


Tree=60
num_leaves=7
num_cat=0
split_feature=28 24 4 4 23 16
split_gain=109.169 87.2304 102.923 104.216 89.4141 86.4748
threshold=2.5000000000000004 872.50000000000011 25782.500000000004 61089.000000000007 0.41922942928637869 291.50000000000006
decision_type=2 8 10 10 10 8
left_child=1 4 5 -4 -1 -3
right_child=-2 2 3 -5 -6 -7
leaf_value=-0.020507100833314407 0.037135725679395042 -0.0033516419667944542 -0.012714148653539193 0.035254318213054046 -0.00086217616781436319 0.061027227207857138
leaf_weight=637.20756494998932 188.37464056164026 74.017572492361069 356.01252987980843 159.9980745613575 5911.2938842475414 167.68275161087513
leaf_count=3233 163 237 1104 484 25352 430
internal_value=5.47821e-05 -0.000926011 0.0150784 0.0023549 -0.00278793 0.0416437
internal_weight=7494.59 7306.21 757.711 516.011 6548.5 241.7
internal_count=31003 30840 2255 1588 28585 667
is_linear=0
shrinkage=0.05


Tree=61
num_leaves=7
num_cat=0
split_feature=15 22 37 4 4 21
split_gain=112.666 88.3048 82.2451 59.7799 68.8607 53.2478
threshold=1.0000000180025095e-35 35.665644235385699 0.73385416666666681 195497.00000000003 148994.00000000003 0.42425280910544799
decision_type=8 8 2 10 10 10
left_child=5 2 -2 4 -4 -1
right_child=1 -3 3 -5 -6 -7
leaf_value=-0.004081368681681052 -0.00085067933311191611 0.047944331754329571 0.013677672750542012 0.056174824898247079 -0.029006275336582149 -0.034439926736666203
leaf_weight=272.4254544377327 5491.7062378004193 100.61444897204638 1180.7814538031816 70.635207399725914 98.013518244028091 306.12094461172819
leaf_count=1703 22647 256 3496 191 310 2515
internal_value=0.000799956 0.00257202 0.00187019 0.0129054 0.0103059 -0.0203022
internal_weight=7520.3 6941.75 6841.14 1349.43 1278.79 578.546
internal_count=31118 26900 26644 3997 3806 4218
is_linear=0
shrinkage=0.05


Tree=62
num_leaves=7
num_cat=0
split_feature=21 29 16 11 36 8
split_gain=85.3291 130.808 84.2186 83.4003 92.5691 66.5978
threshold=0.6002056202878685 2.5000000000000004 540.50000000000011 188.50000000000003 1.7748611111111112 38.500000000000007
decision_type=10 2 10 8 8 10
left_child=1 3 -2 4 -1 -4
right_child=2 -3 5 -5 -6 -7
leaf_value=-0.036275273325780212 -0.014941180187559173 0.044583737110204906 0.037086047748304811 0.022803802135382394 0.0010100477621723394 -0.0018497176584171772
leaf_weight=167.77324938774109 1557.1559193879366 177.92549846321344 134.59703861176968 418.7590966001153 4556.6948026791215 512.98218755424023
leaf_count=674 8148 191 411 1241 19044 1502
internal_value=-0.000393382 0.00303389 -0.00865329 0.0015546 -0.000350963 0.00646509
internal_weight=7525.89 5321.15 2204.74 5143.23 4724.47 647.579
internal_count=31211 21150 10061 20959 19718 1913
is_linear=0
shrinkage=0.05


Tree=63
num_leaves=7
num_cat=0
split_feature=21 4 12 4 19 27
split_gain=93.1285 84.0569 121.775 114.91 83.3782 61.504
threshold=0.06277844413982181 2183.5000000000005 28.500000000000004 1075.0000000000002 1.5000000000000002 2.5000000000000004
decision_type=10 10 10 10 10 2
left_child=-1 2 -2 4 -4 -3
right_child=1 5 3 -5 -6 -7
leaf_value=0.059579976549324745 -0.032344599922964352 0.00035820226920542933 0.0068262845553819455 -0.027719710043508202 0.087365568828815549 0.045737810231877674
leaf_weight=59.349462948739529 453.06204899400473 6626.4258441105485 72.849071905016899 96.979923635721207 53.843988470733166 70.517937868833542
leaf_count=159 3514 26183 379 551 273 45
internal_value=-0.000310159 -0.000832251 -0.0175586 0.0124436 0.0430726 0.00086981
internal_weight=7433.03 7373.68 676.735 223.673 126.693 6696.94
internal_count=31104 30945 4717 1203 652 26228
is_linear=0
shrinkage=0.05


Tree=64
num_leaves=7
num_cat=0
split_feature=27 37 36 3 21 25
split_gain=94.7689 90.7885 66.0728 160.47 120.945 150.024
threshold=2.5000000000000004 0.25833333333333336 47.087083333333339 42235.500000000007 0.54890004782400781 0.47780102278010234
decision_type=2 2 10 10 10 10
left_child=1 -1 3 4 5 -3
right_child=-2 2 -4 -5 -6 -7
leaf_value=-0.013575544228524051 0.054589210254344711 0.045421940403951921 0.0056438384741207964 0.03450228366700335 -0.027154120147990554 -0.0076338397640036502
leaf_weight=1062.0714420303702 75.11553643643856 150.05729869008064 4336.4608949571848 219.03973571956158 665.0665166452527 941.95360627770424
leaf_count=6874 54 685 15015 702 3869 3852
internal_value=0.000501531 -8.59993e-05 0.00219252 -0.0053763 -0.0104314 -0.00016945
internal_weight=7449.77 7374.65 6312.58 1976.12 1757.08 1092.01
internal_count=31051 30997 24123 9108 8406 4537
is_linear=0
shrinkage=0.05


Tree=65
num_leaves=7
num_cat=0
split_feature=28 24 36 8 8 36
split_gain=93.0246 78.5433 72.2303 78.1855 104.838 68.7443
threshold=2.5000000000000004 14.500000000000002 5118.1291666666675 19.500000000000004 9.5000000000000018 47.087083333333339
decision_type=2 8 10 10 10 8
left_child=1 -1 5 4 -4 -3
right_child=-2 2 3 -5 -6 -7
leaf_value=-0.015724754782366557 0.036543940644157752 -0.010184557080716401 -0.013489887537693361 -0.039175701596556034 0.064921741180011247 0.0046358942795077301
leaf_weight=809.5650670081377 162.93873818218708 922.87082582712173 241.33418477326632 221.70242287963629 46.5489472001791 4992.246588781476
leaf_count=5463 154 3164 1566 1487 315 18808
internal_value=-0.000244865 -0.00109813 0.000755735 -0.0172131 8.06703e-05 0.00231697
internal_weight=7397.21 7234.27 6424.7 509.586 287.883 5915.12
internal_count=30957 30803 25340 3368 1881 21972
is_linear=0
shrinkage=0.05


Tree=66
num_leaves=7
num_cat=0
split_feature=35 37 21 10 23 16
split_gain=79.7705 64.692 59.0734 89.7185 84.6326 82.2341
threshold=15925.140833333337 0.93933823529411775 0.6002056202878685 126.50000000000001 1.2306355165679366 518.50000000000011
decision_type=10 2 10 10 10 10
left_child=1 2 3 -1 5 -4
right_child=-2 -3 4 -5 -6 -7
leaf_value=0.0020260462363671842 -0.037177277702221963 0.055462549003766383 -0.0056639124794208018 0.028008055110753296 -0.017454565013529079 0.023420768580323298
leaf_weight=4770.4795593544841 131.80159141868353 49.840510107576847 832.76785910874605 352.23075015842915 917.68156849592924 337.43467084318399
leaf_count=19160 1399 121 4422 951 4037 1022
internal_value=0.000649756 0.00136156 0.000949432 0.0038381 -0.00613028 0.00278679
internal_weight=7392.24 7260.43 7210.59 5122.71 2087.88 1170.2
internal_count=31112 29713 29592 20111 9481 5444
is_linear=0
shrinkage=0.05


Tree=67
num_leaves=7
num_cat=0
split_feature=23 36 4 36 4 4
split_gain=74.0252 103.021 122.725 78.3652 163.15 73.7594
threshold=5.0353701788701182 5118.1291666666675 202207.00000000003 3806.3420833333334 5439.5000000000009 83666.500000000015
decision_type=8 8 10 10 10 10
left_child=1 3 5 -1 -5 -3
right_child=-2 2 -4 4 -6 -7
leaf_value=-0.00045962324733904637 0.016796347086696729 -0.01105691792792783 0.070133739646914967 -0.02391412128643252 0.071946108539543016 -0.040266732608127825
leaf_weight=5546.388512827456 551.10202249884605 838.71534227579832 35.435023240745068 71.878736771643162 103.31652162224054 289.24386715888977
leaf_count=19856 2061 6206 159 478 427 1895
internal_value=-0.000752293 -0.00216813 -0.0156978 0.000594232 0.0330445 -0.0186919
internal_weight=7436.08 6884.98 1163.39 5721.58 175.195 1127.96
internal_count=31082 29021 8260 20761 905 8101
is_linear=0
shrinkage=0.05


Tree=68
num_leaves=7
num_cat=0
split_feature=27 37 8 16 34 25
split_gain=82.942 79.8369 57.7353 99.6457 93.7912 80.6999
threshold=2.5000000000000004 0.25833333333333336 13.500000000000002 740.50000000000011 6445.748611111112 0.80859615516179806
decision_type=2 2 10 8 8 10
left_child=1 -1 3 5 -4 -3
right_child=-2 2 4 -5 -6 -7
leaf_value=-0.013561010989223391 0.053291248977005413 0.01034011361826506 8.3475623923875926e-05 0.053371710006947494 -0.027311963218830261 -0.013695817852000162
leaf_weight=1046.5515824407339 66.526398010551929 1667.6728614717722 3700.9580216705799 108.90725250542164 336.22770964354277 436.75052128732204
leaf_count=6838 53 7485 11963 310 2468 1903
internal_value=-0.000289566 -0.000814211 0.00132918 0.00780989 -0.00222905 0.00533107
internal_weight=7363.59 7297.07 6250.52 2213.33 4037.19 2104.42
internal_count=31020 30967 24129 9698 14431 9388
is_linear=0
shrinkage=0.05


Tree=69
num_leaves=7
num_cat=0
split_feature=27 24 23 22 4 23
split_gain=80.2527 84.6552 95.6171 77.3434 66.9023 66.8319
threshold=2.5000000000000004 872.50000000000011 0.42620181554257824 0.6141212194428417 86976.500000000015 5.936436594464511
decision_type=2 8 10 10 10 10
left_child=1 2 -1 -3 -5 -4
right_child=-2 3 5 4 -6 -7
leaf_value=-0.02062691466072054 0.053026944305068768 0.032680590073181297 -0.0018505032927307596 -0.01045963465934446 0.038816219721737433 0.018540137078075815
leaf_weight=640.69142408668995 65.559527561068535 342.1007637232542 5525.2830516397953 310.56089366972446 83.118603870272636 428.33805075287819
leaf_count=3330 54 1054 23834 916 279 1639
internal_value=-4.23596e-05 -0.000552828 -0.0023515 0.0154745 0.00030044 -0.000369156
internal_weight=7395.65 7330.09 6594.31 735.78 393.679 5953.62
internal_count=31106 31052 28803 2249 1195 25473
is_linear=0
shrinkage=0.05


Tree=70
num_leaves=7
num_cat=0
split_feature=15 23 34 24 2 1
split_gain=71.6279 53.8835 76.9583 58.352 76.8734 57.3888
threshold=1.0000000180025095e-35 5.6123587603356873 10765.585138888891 224.50000000000003 474.50000000000006 1.5000000000000002
decision_type=8 8 8 10 8 10
left_child=-1 2 5 4 -3 -2
right_child=1 3 -4 -5 -6 -7
leaf_value=-0.017420765991877789 0.026430551325773089 -0.021040248404671953 -0.023932685259980019 -0.023305827310346902 0.037841028262703802 0.00040063981391134793
leaf_weight=551.80873589590192 214.75535813719034 65.159418173134327 311.82150161266327 65.817759051918983 283.79064141958952 5817.2735325098038
leaf_count=4209 957 376 2515 225 933 21801
internal_value=-0.00018318 0.00123602 8.79688e-05 0.0185853 0.0267042 0.00134849
internal_weight=7310.43 6758.62 6343.85 414.768 348.95 6032.03
internal_count=31016 26807 25273 1534 1309 22758
is_linear=0
shrinkage=0.05


Tree=71
num_leaves=7
num_cat=0
split_feature=16 38 19 37 36 31
split_gain=80.1429 100.448 85.2804 86.762 92.7004 76.6517
threshold=958.50000000000011 2.5000000000000004 14.500000000000002 0.76533166458072599 273.13361111111118 1.5000000000000002
decision_type=8 2 10 2 8 2
left_child=5 2 -2 4 -4 -1
right_child=1 -3 3 -5 -6 -7
leaf_value=-0.0009083690993710651 0.046969904027386843 0.060856707992230585 0.035037074756833597 -0.042038667517361912 -0.0093488728321174889 -0.024310175933987144
leaf_weight=6187.8700569979846 110.14302285760641 97.40289081633091 192.68911705166101 97.135632120072842 286.63795121014118 365.92174412310123
leaf_count=28572 315 159 558 312 984 118
internal_value=-0.000421652 0.0146342 0.0076844 -0.000161117 0.00867175 -0.00223251
internal_weight=7337.8 784.009 686.606 576.463 479.327 6553.79
internal_count=31018 2328 2169 1854 1542 28690
is_linear=0
shrinkage=0.05


Tree=72
num_leaves=7
num_cat=0
split_feature=27 37 33 24 37 34
split_gain=71.8333 65.4447 71.2681 67.8195 72.6075 81.2417
threshold=2.5000000000000004 0.25833333333333336 2.5000000000000004 54.500000000000007 0.17424242424242428 4166.5927777777788
decision_type=2 2 2 10 2 10
left_child=1 2 3 4 5 -1
right_child=-2 -3 -4 -5 -6 -7
leaf_value=-0.015684106837832647 0.051981100746677271 0.00077066474781228975 -0.064760661035622016 0.0032954541457638556 -0.036879385518853905 0.064226498725251921
leaf_weight=123.00385390967131 59.138735339045525 6229.2710262984037 57.158979862928391 505.61992232501507 310.959153175354 37.347171097993851
leaf_count=836 51 24183 112 2725 2831 334
internal_value=-0.000702067 -0.00116648 -0.0127832 -0.00942783 -0.0229686 0.00430711
internal_weight=7322.5 7263.36 1034.09 976.93 471.31 160.351
internal_count=31072 31021 6838 6726 4001 1170
is_linear=0
shrinkage=0.05


Tree=73
num_leaves=7
num_cat=0
split_feature=40 35 21 4 12 34
split_gain=74.3475 76.5374 53.4358 56.4625 76.0544 97.4985
threshold=10.500000000000002 15925.140833333337 0.081574453837783556 2183.5000000000005 28.500000000000004 1859.5566666666671
decision_type=2 10 10 10 10 10
left_child=-1 2 -2 4 -4 -6
right_child=1 -3 3 -5 5 -7
leaf_value=0.017439633561603964 0.041065975300041843 -0.040834666673779746 -0.028086758962919029 3.3686457285756722e-05 -0.0098983968253142721 0.074520629572220692
leaf_weight=546.03940868377686 69.872895911335945 117.42713124677539 403.98494505882263 5988.4597486704588 135.63596000522375 40.337160177528858
leaf_count=180 244 1386 3203 24978 772 272
internal_value=-0.000220795 -0.00166006 -0.000936878 -0.00141459 -0.0162415 0.0109767
internal_weight=7301.76 6755.72 6638.29 6568.42 579.958 175.973
internal_count=31035 30855 29469 29225 4247 1044
is_linear=0
shrinkage=0.05


Tree=74
num_leaves=7
num_cat=0
split_feature=15 31 12 23 11 24
split_gain=81.4999 91.571 86.685 88.1329 123.841 67.7993
threshold=150.50000000000003 1.5000000000000002 38.500000000000007 1.1379678670609683 90.500000000000014 16.500000000000004
decision_type=8 2 10 10 10 10
left_child=1 5 -2 -4 -5 -1
right_child=2 -3 3 4 -6 -7
leaf_value=-0.015645866838235677 0.026844631578700075 -0.030252042316625028 0.016971274143156967 -0.038875169960567738 0.010402622144051479 0.00027871896426366941
leaf_weight=770.97164182364941 489.71441997587681 295.79912716150284 451.95016992092133 240.12635690718889 262.26174832880497 4819.7274174839258
leaf_count=5825 1401 98 1345 816 740 20822
internal_value=-0.000764693 -0.00337703 0.00985909 0.00104856 -0.0133017 -0.00192934
internal_weight=7330.55 5886.5 1444.05 954.338 502.388 5590.7
internal_count=31047 26745 4302 2901 1556 26647
is_linear=0
shrinkage=0.05


Tree=75
num_leaves=7
num_cat=0
split_feature=35 21 4 35 21 8
split_gain=79.0356 72.0943 54.5741 76.2929 77.2727 69.3436
threshold=15925.140833333337 0.06277844413982181 2364.5000000000005 393.81013888888896 0.41688948306595369 12.500000000000002
decision_type=10 10 10 8 10 10
left_child=1 -1 3 -3 -5 -4
right_child=-2 2 5 4 -6 -7
leaf_value=0.057603361180533046 -0.040661891157613921 0.03996768692405625 0.0081833664170110326 -0.0042729805843227222 -0.040499927737009556 -0.0025530884964804004
leaf_weight=49.565859079360962 114.42492379620671 55.84285730868578 2343.544803313911 367.5303173288703 242.05570939183235 4177.3379447087646
leaf_count=119 1405 79 10286 2289 2344 14627
internal_value=-0.000317804 0.000347816 -8.68661e-05 -0.0136716 -0.0188705 0.00130881
internal_weight=7350.3 7235.88 7186.31 665.429 609.586 6520.88
internal_count=31149 29744 29625 4712 4633 24913
is_linear=0
shrinkage=0.05


end of trees

feature_importances:
ev_h_since_prev=46
n_dying_ch=42
ev_relapse_rate=41
n_rows_28d=34
act_share_7d=33
ev_gap_last=33
n_alarm_28d=29
rate_28d=21
ev_h_since_inc=21
n_alarm_7d=16
ev_open_ch=14
n_undef_28d=13
n_bad_28d=11
ev_inc_24h=11
ev_inc_168h=11
ev_inc_72h=10
ev_inc_672h=9
n_rows_3d=8
n_ch_bad_28d=8
rate_7d=7
n_alarm_3d=6
ev_fail_3h=5
n_active_ch=4
n_rows_7d=4
n_undef_7d=4
dying_share=4
n_rows_1d=3
n_undef_3d=3
n_ch_bad_7d=2
act_share_1d=1
ev_fail_168h=1
hour=1

parameters:
[boosting: gbdt]
[objective: binary]
[metric: average_precision]
[tree_learner: serial]
[device_type: cpu]
[data_sample_strategy: bagging]
[data: ]
[valid: ]
[num_iterations: 2000]
[learning_rate: 0.05]
[num_leaves: 7]
[num_threads: 6]
[seed: 52]
[deterministic: 1]
[force_col_wise: 1]
[force_row_wise: 0]
[histogram_pool_size: -1]
[max_depth: -1]
[min_data_in_leaf: 200]
[min_sum_hessian_in_leaf: 0.001]
[bagging_fraction: 0.8]
[pos_bagging_fraction: 1]
[neg_bagging_fraction: 1]
[bagging_freq: 1]
[bagging_seed: 9580]
[bagging_by_query: 0]
[feature_fraction: 0.8]
[feature_fraction_bynode: 1]
[feature_fraction_seed: 8545]
[extra_trees: 0]
[extra_seed: 19379]
[early_stopping_round: 0]
[early_stopping_min_delta: 0]
[first_metric_only: 1]
[max_delta_step: 0]
[lambda_l1: 0]
[lambda_l2: 5]
[linear_lambda: 0]
[min_gain_to_split: 0]
[drop_rate: 0.1]
[max_drop: 50]
[skip_drop: 0.5]
[xgboost_dart_mode: 0]
[uniform_drop: 0]
[drop_seed: 32671]
[top_rate: 0.2]
[other_rate: 0.1]
[min_data_per_group: 100]
[max_cat_threshold: 32]
[cat_l2: 10]
[cat_smooth: 10]
[max_cat_to_onehot: 4]
[top_k: 20]
[monotone_constraints: ]
[monotone_constraints_method: basic]
[monotone_penalty: 0]
[feature_contri: ]
[forcedsplits_filename: ]
[refit_decay_rate: 0.9]
[cegb_tradeoff: 1]
[cegb_penalty_split: 0]
[cegb_penalty_feature_lazy: ]
[cegb_penalty_feature_coupled: ]
[path_smooth: 0]
[interaction_constraints: ]
[verbosity: -1]
[saved_feature_importance_type: 0]
[use_quantized_grad: 0]
[num_grad_quant_bins: 4]
[quant_train_renew_leaf: 0]
[stochastic_rounding: 1]
[linear_tree: 0]
[max_bin: 255]
[max_bin_by_feature: ]
[min_data_in_bin: 3]
[bin_construct_sample_cnt: 200000]
[data_random_seed: 208]
[is_enable_sparse: 1]
[enable_bundle: 1]
[use_missing: 1]
[zero_as_missing: 0]
[feature_pre_filter: 1]
[pre_partition: 0]
[two_round: 0]
[header: 0]
[label_column: ]
[weight_column: ]
[group_column: ]
[ignore_column: ]
[categorical_feature: ]
[forcedbins_filename: ]
[precise_float_parser: 0]
[parser_config_file: ]
[objective_seed: 20925]
[num_class: 1]
[is_unbalance: 0]
[scale_pos_weight: 1]
[sigmoid: 1]
[boost_from_average: 1]
[reg_sqrt: 0]
[alpha: 0.9]
[fair_c: 1]
[poisson_max_delta_step: 0.7]
[tweedie_variance_power: 1.5]
[lambdarank_truncation_level: 30]
[lambdarank_norm: 1]
[label_gain: ]
[lambdarank_position_bias_regularization: 0]
[eval_at: ]
[multi_error_top_k: 1]
[auc_mu_weights: ]
[num_machines: 1]
[local_listen_port: 12400]
[time_out: 120]
[machine_list_filename: ]
[machines: ]
[gpu_platform_id: -1]
[gpu_device_id: -1]
[gpu_use_dp: 0]
[num_gpu: 1]

end of parameters

pandas_categorical:[]
