tree
version=v4
num_class=1
num_tree_per_iteration=1
label_index=0
max_feature_idx=41
objective=binary sigmoid:1
feature_names=n_active_ch n_rows_1d n_rows_3d n_rows_7d n_rows_28d n_bad_1d n_bad_3d n_bad_7d n_bad_28d n_undef_1d n_undef_3d n_undef_7d n_undef_28d n_alarm_1d n_alarm_3d n_alarm_7d n_alarm_28d n_ch_bad_1d n_ch_bad_7d n_ch_bad_28d act_share_1d act_share_7d rate_7d rate_28d n_dying_ch dying_share ev_inc_6h ev_inc_24h ev_inc_72h ev_inc_168h ev_inc_672h ev_fail_3h ev_fail_24h ev_fail_168h ev_h_since_inc ev_h_since_prev ev_gap_last ev_relapse_rate ev_open_ch is_rearm hour dow
feature_infos=[0:1459] [0:200094] [0:575548] [0:1039472] [0:3446064] [0:32012] [0:32027] [0:32027] [0:32057] [0:37262] [0:71955] [0:122355] [0:165289] [0:32013] [0:32065] [0:32176] [0:33059] [0:383] [0:947] [0:1109] [0:1] [0.0054644808743169399:1] [0:52] [0:13] [0:1420] [0:1] [0:3] [0:7] [0:11] [0:18] [0:25] [0:191] [0:561] [0:1165] [1:22977.983611111111] [2.0238888888888891:28233.218888888889] [1.0238888888888888:21790.846388888887] [0.090909090909090912:0.96551724137931039] [0:195] [0:1] [0:23] [0:6]
tree_sizes=885 902 896 899 894 900 902 902 903 903 904 903 905 899 901 907 900 901 906 903 907 905 897 906 904 904 902 905 898 907 905 911 895 908 905 906 907 898 899 905 907 904 911 900 904 907 908 904 894 907 903 900 904 903 902 908 900 907 906 909 911 910 904 903 915 914 899 903 897 899 901 893 900 905 907 912 903 905 911 907 908 912 906 902 910 906 898 911 903

Tree=0
num_leaves=7
num_cat=0
split_feature=30 24 36 29 4 16
split_gain=4070.36 1634.49 915.912 570.416 265.077 214.883
threshold=1.5000000000000002 635.50000000000011 3474.7206944444447 2.5000000000000004 2183.5000000000005 590.50000000000011
decision_type=2 8 8 2 10 10
left_child=1 2 4 5 -1 -2
right_child=3 -3 -4 -5 -6 -7
leaf_value=-0.58906775254713195 -0.51266401060056788 -0.49662611556712621 -0.58956052121315339 -0.43357329554743973 -0.54595840209457847 -0.4732150280096491
leaf_weight=402.53300869464874 818.08095562458038 865.72486460208893 3018.5327492952347 504.56073153018951 2858.1702970266342 611.70144140720367
leaf_count=1662 1714 3025 12134 379 10884 1330
internal_value=-0.543425 -0.560851 -0.569736 -0.479179 -0.551342 -0.4956
internal_weight=9079.3 7144.96 6279.24 1934.34 3260.7 1429.78
internal_count=31128 27705 24680 3423 12546 3044
is_linear=0
shrinkage=1


Tree=1
num_leaves=7
num_cat=0
split_feature=35 35 24 16 37 11
split_gain=4419.32 1259.64 449.261 380.722 197.949 174.796
threshold=2558.7504166666672 228.41652777777782 108.50000000000001 325.50000000000006 0.48333333333333339 6.5000000000000009
decision_type=8 10 8 10 2 10
left_child=1 -1 5 4 -3 -2
right_child=2 3 -4 -5 -6 -7
leaf_value=0.08403209082929701 -0.050301967358187899 -0.022794499723915507 -0.0093790071735190619 0.038052264327828073 0.015456585753291219 -0.025078416459802286
leaf_weight=1059.7014660984278 2383.9850949943066 485.3650074005127 1417.3101538270712 1636.1585939526558 1085.593136548996 987.77265591919422
leaf_count=1098 9961 1654 5604 5121 3623 4011
internal_value=-8.93468e-05 0.0368925 -0.0330424 0.02121 0.00360366 -0.0429607
internal_weight=9055.89 4266.82 4789.07 3207.12 1570.96 3371.76
internal_count=31072 11496 19576 10398 5277 13972
is_linear=0
shrinkage=0.05


Tree=2
num_leaves=7
num_cat=0
split_feature=35 35 16 35 30 37
split_gain=4114.19 956.725 364.676 254.205 239.256 190.043
threshold=2665.1501388888896 228.41652777777782 706.50000000000011 5436.9231944444455 2.5000000000000004 0.25833333333333336
decision_type=8 10 10 8 2 2
left_child=1 4 5 -2 -1 -3
right_child=3 2 -4 -5 -6 -7
leaf_value=0.034875856172268828 -0.015882746398268654 -0.032684589562619812 0.050741499257327453 -0.041292891438405588 0.087568254819661864 0.015464195887072258
leaf_weight=304.6485031992197 1433.4751153290272 219.45646397769451 755.57036657631397 3200.6262390166521 819.63873222470284 2388.8747238516808
leaf_count=335 5665 711 2252 13575 760 7744
internal_value=-0.000430524 0.0336703 0.0202664 -0.0334583 0.0735078 0.0113583
internal_weight=9122.29 4488.19 3363.9 4634.1 1124.29 2608.33
internal_count=31042 11802 10707 19240 1095 8455
is_linear=0
shrinkage=0.05


Tree=3
num_leaves=7
num_cat=0
split_feature=35 35 24 16 24 3
split_gain=3797.68 811.74 438.167 411.264 320.477 175.091
threshold=2818.6045833333342 110.55194444444446 102.50000000000001 525.50000000000011 747.50000000000011 31730.000000000004
decision_type=8 10 8 10 10 10
left_child=1 -1 -2 4 -3 -5
right_child=2 3 -4 5 -6 -7
leaf_value=0.076542836761312433 -0.0428666778672624 0.00077142403845152857 -0.0090130386970764115 0.057676812343512553 0.04541088610057864 0.015977142430962273
leaf_weight=841.30935841798782 3127.3135434240103 1917.9908079355955 1380.1093308925629 871.56955033540726 503.76835629343987 359.98389215767384
leaf_count=615 13255 6340 5558 2546 1463 1132
internal_value=-0.000111113 0.0323927 -0.0325226 0.0221348 0.0101316 0.0456019
internal_weight=9002.04 4494.62 4507.42 3653.31 2421.76 1231.55
internal_count=30909 12096 18813 11481 7803 3678
is_linear=0
shrinkage=0.05


Tree=4
num_leaves=7
num_cat=0
split_feature=35 16 30 36 34 32
split_gain=3555.57 778.018 439.763 274.137 246.051 200.613
threshold=1244.207916666667 288.50000000000006 2.5000000000000004 3513.7331944444445 2437.3804166666673 1.0000000180025095e-35
decision_type=8 8 2 8 8 2
left_child=2 3 -1 -2 -3 -4
right_child=1 4 5 -5 -6 -7
leaf_value=0.030337169196558357 -0.017845326463664976 0.02086125589851677 0.033885141637300567 -0.042703706676788383 -0.022966646312406785 0.082061211055064434
leaf_weight=1752.7243025153875 2061.0039405375719 1184.9999524950981 299.97945959866047 2426.7632693648338 433.53595045208931 876.63359598815441
leaf_count=4677 8301 4139 1239 10349 1923 398
internal_value=0.0011112 -0.0206111 0.04635 -0.0313201 0.00908708 0.069974
internal_weight=9035.64 6106.3 2929.34 4487.77 1618.54 1176.61
internal_count=31026 24712 6314 18650 6062 1637
is_linear=0
shrinkage=0.05


Tree=5
num_leaves=7
num_cat=0
split_feature=35 16 38 4 36 16
split_gain=3121.22 620.776 488.376 226.282 199.014 168.353
threshold=1501.2641666666671 288.50000000000006 1.0000000180025095e-35 2448.5000000000005 4824.6498611111119 958.50000000000011
decision_type=8 8 2 10 10 10
left_child=2 3 -1 -2 -3 -4
right_child=1 4 5 -5 -6 -7
leaf_value=0.017859663225467528 -0.051297632659964745 0.013354494685343311 0.047205127576823332 -0.024846659694921794 -0.044624867021734876 0.083022979922008688
leaf_weight=1529.8811862021685 1091.5680774897337 1250.7519119530916 1356.1387550085783 3179.7117758989334 162.86119911074638 448.90799558162689
leaf_count=6389 4733 4741 806 13405 693 348
internal_value=0.000359934 -0.0221624 0.0387284 -0.0316585 0.006541 0.0563176
internal_weight=9019.82 5684.89 3334.93 4271.28 1413.61 1805.05
internal_count=31115 23572 7543 18138 5434 1154
is_linear=0
shrinkage=0.05


Tree=6
num_leaves=7
num_cat=0
split_feature=35 38 14 29 15 16
split_gain=2835.09 681.801 312.813 274.399 215.364 208.856
threshold=2818.6045833333342 1.0000000180025095e-35 1.0000000180025095e-35 2.5000000000000004 99.500000000000014 548.50000000000011
decision_type=8 2 8 2 10 10
left_child=1 5 -2 4 -3 -1
right_child=2 3 -4 -5 -6 -7
leaf_value=0.0015663061938245857 -0.046328342104768439 0.021629978256820753 -0.018318079714670265 0.082385140110390609 0.059976941138155285 0.032200510342912658
leaf_weight=1786.8825951069593 1542.5147785246372 814.48484160006046 2836.117615506053 492.96308054029942 674.02067784965038 803.32063971459866
leaf_count=7593 6842 644 11993 195 468 3307
internal_value=0.000510663 0.0280358 -0.0282272 0.0500767 0.0391368 0.0111109
internal_weight=8950.3 4571.67 4378.63 1981.47 1488.51 2590.2
internal_count=31042 12207 18835 1307 1112 10900
is_linear=0
shrinkage=0.05


Tree=7
num_leaves=7
num_cat=0
split_feature=35 24 38 0 36 20
split_gain=2669.76 643.621 355.999 336.07 207.278 188.677
threshold=1332.7075000000002 706.50000000000011 1.0000000180025095e-35 31.500000000000004 4824.6498611111119 0.12220435869953557
decision_type=8 8 2 10 10 10
left_child=2 3 -1 -2 -5 -4
right_child=1 -3 5 4 -6 -7
leaf_value=0.018420760449031674 -0.033982646971737154 0.036693047005462942 0.070631070267614962 -0.00028618981211491384 -0.042518300338553042 0.037174378070252832
leaf_weight=1371.294945821166 3438.592405334115 460.99428987503052 791.84410221874714 1597.3368014842272 350.1562817543745 946.71055233478546
leaf_count=5685 14959 1657 523 6250 1499 595
internal_value=0.000170806 -0.0197336 0.0375664 -0.0245927 -0.0079689 0.0525715
internal_weight=8956.93 5847.08 3109.85 5386.09 1947.49 1738.55
internal_count=31168 24365 6803 22708 7749 1118
is_linear=0
shrinkage=0.05


Tree=8
num_leaves=7
num_cat=0
split_feature=35 30 14 37 12 22
split_gain=2358.49 582.615 249.243 248.044 178.013 175.422
threshold=2846.2472222222227 2.5000000000000004 1.0000000180025095e-35 0.44949494949494956 593.50000000000011 2.3105995585367878
decision_type=8 2 8 2 10 10
left_child=1 3 -2 4 5 -1
right_child=2 -3 -4 -5 -6 -7
leaf_value=-0.030070160872425856 -0.042836353553742816 0.055384635038785303 -0.017534414600731244 0.022118146727998542 0.036687967246913811 0.042997136422007975
leaf_weight=593.59229370951653 1511.14481587708 1165.6404341757298 2756.8094662725925 2669.2168244868517 167.41076290607452 90.717118576169014
leaf_count=1943 6885 1627 11816 8067 490 198
internal_value=0.000340708 0.0248158 -0.0265327 0.0146315 -0.00882296 -0.0201422
internal_weight=8954.53 4686.58 4267.95 3520.94 851.72 684.309
internal_count=31026 12325 18701 10698 2631 2141
is_linear=0
shrinkage=0.05


Tree=9
num_leaves=7
num_cat=0
split_feature=35 38 24 24 12 16
split_gain=2254.58 533.999 356.921 214.5 203.947 156.424
threshold=2533.575416666667 1.0000000180025095e-35 108.50000000000001 837.50000000000011 21.500000000000004 706.50000000000011
decision_type=8 2 8 10 10 10
left_child=1 3 4 -1 -2 -3
right_child=2 5 -4 -5 -6 -7
leaf_value=0.0019214974319522234 -0.045696537972979914 0.034130863178478306 -0.0039051922818262585 0.039037198796280419 -0.019623837296580623 0.063981908157182285
leaf_weight=1950.052641287446 1758.9104215502739 1354.5771074295044 1375.7373648285866 481.54077389836311 1326.6469694077969 667.07447278499603
leaf_count=8183 8149 852 5669 1967 5836 455
internal_value=2.83614e-06 0.0251565 -0.0251055 0.00933673 -0.0345364 0.0441142
internal_weight=8914.54 4453.24 4461.29 2431.59 3085.56 2021.65
internal_count=31111 11457 19654 10150 13985 1307
is_linear=0
shrinkage=0.05


Tree=10
num_leaves=7
num_cat=0
split_feature=35 30 24 37 12 24
split_gain=1791.38 385.376 342.762 214.744 207.369 167.676
threshold=2665.1501388888896 2.5000000000000004 102.50000000000001 0.25833333333333336 21.500000000000004 872.50000000000011
decision_type=8 2 8 2 10 10
left_child=1 3 4 -1 -2 -5
right_child=2 -3 -4 5 -6 -7
leaf_value=-0.035225634596621438 -0.044201138220786536 0.046433361672993244 -0.0025838997869967535 0.011231662564451676 -0.017198093711347538 0.041435617128922742
leaf_weight=208.95317439734936 1667.6270963549614 1185.7013539522886 1401.9511552304029 2616.4698959290981 1253.9000866860151 554.36900137364864
leaf_count=699 7880 1672 5757 7879 5586 1634
internal_value=0.000129838 0.0219611 -0.0229222 0.0133198 -0.0326608 0.0165692
internal_weight=8888.97 4565.49 4323.48 3379.79 2921.53 3170.84
internal_count=31107 11884 19223 10212 13466 9513
is_linear=0
shrinkage=0.05


Tree=11
num_leaves=7
num_cat=0
split_feature=35 29 24 37 16 2
split_gain=1685.98 449.363 291.479 278.361 173.147 171.916
threshold=2846.2472222222227 2.5000000000000004 447.50000000000006 0.44949494949494956 717.50000000000011 260.50000000000006
decision_type=8 2 8 2 10 10
left_child=1 3 5 -1 -5 -2
right_child=2 -3 -4 4 -6 -7
leaf_value=-0.010616042069191136 -0.043326407169320839 0.064393439030287422 0.027669415025808438 0.014426306850223723 0.040524525482481893 -0.020169820247227181
leaf_weight=850.57510851323605 1143.2600837796926 509.99573826789856 255.64212341606617 2374.9326040446758 868.35980731248856 2725.4160156995058
leaf_count=2693 5467 373 1006 6964 2276 12315
internal_value=-0.000435639 0.0203533 -0.0236383 0.0147951 0.0214655 -0.0270601
internal_weight=8728.18 4603.86 4124.32 4093.87 3243.29 3868.68
internal_count=31094 12306 18788 11933 9240 17782
is_linear=0
shrinkage=0.05


Tree=12
num_leaves=7
num_cat=0
split_feature=35 34 21 25 16 11
split_gain=1544.4 435.956 201.031 215.341 166.154 159.754
threshold=2818.6045833333342 37.387361111111119 0.49004753416518126 0.51391038871689043 558.50000000000011 58.500000000000007
decision_type=8 10 10 10 10 10
left_child=1 -1 3 -2 -3 -4
right_child=2 4 5 -5 -6 -7
leaf_value=0.037595169240546844 0.037637929607697088 -0.0018166877136384055 -0.041243165858349411 -0.016612836785137829 0.0249918541151639 -0.009075468478642764
leaf_weight=1945.7671942710876 198.61437028646469 1854.7283134907484 1573.8823352605104 1815.261068046093 834.20946410298347 515.28522464632988
leaf_count=1115 813 7819 7520 8190 3379 2251
internal_value=-0.000169482 0.0195992 -0.0224964 -0.0111825 0.00653128 -0.0333497
internal_weight=8737.75 4634.7 4103.04 2013.88 2688.94 2089.17
internal_count=31087 12313 18774 9003 11198 9771
is_linear=0
shrinkage=0.05


Tree=13
num_leaves=7
num_cat=0
split_feature=35 29 24 24 16 12
split_gain=1432.01 430.331 293.34 241.227 277.444 196.948
threshold=2818.6045833333342 2.5000000000000004 102.50000000000001 872.50000000000011 728.50000000000011 21.500000000000004
decision_type=8 2 8 10 10 10
left_child=1 3 5 4 -1 -2
right_child=2 -3 -4 -5 -6 -7
leaf_value=0.001486093129825689 -0.041296023308568491 0.062937147493367859 -0.0010240134250887507 0.041452505608150135 0.035347168474533001 -0.014200496797968365
leaf_weight=2636.9859025478363 1568.3110446929932 518.36465227603912 1319.5508868694305 697.5306479036808 780.22114503383636 1182.2615500837564
leaf_count=8030 7806 366 5608 1917 1917 5398
internal_value=0.00121205 0.0202114 -0.0204135 0.014759 0.00925765 -0.0296966
internal_weight=8703.23 4633.1 4070.12 4114.74 3417.21 2750.57
internal_count=31042 12230 18812 11864 9947 13204
is_linear=0
shrinkage=0.05


Tree=14
num_leaves=7
num_cat=0
split_feature=36 29 37 4 24 24
split_gain=1140.16 510.989 309.765 291.742 211.12 187.482
threshold=2701.1322222222229 2.5000000000000004 0.25833333333333336 236708.50000000003 872.50000000000011 101.50000000000001
decision_type=8 2 2 8 10 10
left_child=1 2 -1 5 -4 -2
right_child=3 -3 4 -5 -6 -7
leaf_value=-0.02898765493841628 -0.035052652222752452 0.060335912178757695 0.0072197754620154419 0.089591565724078462 0.036081985241118109 -0.0062860591837548751
leaf_weight=509.73235942423344 2182.3732570409775 504.41930930316448 3933.856954395771 49.332977071404457 751.24816653132439 767.69571875035763
leaf_count=2081 10659 359 12722 153 2083 3066
internal_value=-0.000588566 0.0125415 0.00784711 -0.0255168 0.0118813 -0.02759
internal_weight=8698.66 5699.26 5194.84 2999.4 4685.11 2950.07
internal_count=31123 17245 16886 13878 14805 13725
is_linear=0
shrinkage=0.05


Tree=15
num_leaves=7
num_cat=0
split_feature=35 24 4 4 36 24
split_gain=1291.84 433.813 262.425 250.83 188.029 161.902
threshold=1332.7075000000002 706.50000000000011 2364.5000000000005 25782.500000000004 4917.4005555555568 13.500000000000002
decision_type=8 8 10 10 10 10
left_child=3 2 -2 -1 5 -4
right_child=1 -3 4 -5 -6 -7
leaf_value=0.044514738621432064 -0.042391724845027588 0.031512141184686919 -0.034617579733216462 0.014840726392036561 -0.035431858579810821 -0.0035282746943830867
leaf_weight=1106.4538253545761 970.94619542360306 457.85008877515793 487.98376722633839 2005.8861793875694 782.27901497483253 2791.9816872477531
leaf_count=2297 4857 1619 2356 4464 3765 11733
internal_value=-0.000266803 -0.0148499 -0.0190944 0.0254445 -0.0134807 -0.0081993
internal_weight=8603.38 5491.04 5033.19 3112.34 4062.24 3279.97
internal_count=31091 24330 22711 6761 17854 14089
is_linear=0
shrinkage=0.05


Tree=16
num_leaves=7
num_cat=0
split_feature=35 16 28 21 2 37
split_gain=1048.23 418.981 205.362 195.051 187.527 163.775
threshold=1244.207916666667 288.50000000000006 2.5000000000000004 0.52539302382706965 3761.5000000000005 0.39047619047619053
decision_type=8 10 2 10 10 2
left_child=2 3 4 -2 5 -1
right_child=1 -3 -4 -5 -6 -7
leaf_value=-0.015919625433308257 -0.012301862492131454 0.0086453308412976475 0.061668637217402601 -0.034575407896730366 0.0066809562867415689 0.040099478825609713
leaf_weight=145.70153807103634 2362.4578213393688 1589.1564950346947 312.68790423870087 1689.4680604189634 1428.7219932228327 1074.3728201240301
leaf_count=310 10474 6022 150 8245 3314 2542
internal_value=-0.000450286 -0.0130939 0.0236149 -0.0216201 0.019015 0.033372
internal_weight=8602.57 5641.08 2961.48 4051.93 2648.8 1220.07
internal_count=31057 24741 6316 18719 6166 2852
is_linear=0
shrinkage=0.05


Tree=17
num_leaves=7
num_cat=0
split_feature=35 16 29 4 21 3
split_gain=1021.23 403.418 219.003 180.501 145.207 128.662
threshold=1187.8637500000002 288.50000000000006 2.5000000000000004 2364.5000000000005 0.6002056202878685 6569.0000000000009
decision_type=8 10 2 10 8 10
left_child=2 3 5 -2 -5 -1
right_child=1 -3 -4 4 -6 -7
leaf_value=0.031574103528656208 -0.041136409329688976 0.008017922087901988 0.053816849107208548 -0.0083947234244010453 -0.03159395814997662 0.0078663807015640422
leaf_weight=944.64080959558487 899.15114909410477 1630.8424602597952 491.86508157849312 2147.5744024068117 982.16314947605133 1452.042364180088
leaf_count=2167 4702 6166 369 9383 4731 3519
internal_value=-0.000602191 -0.0129461 0.0235646 -0.0214315 -0.0157138 0.0172569
internal_weight=8548.28 5659.73 2888.55 4028.89 3129.74 2396.68
internal_count=31037 24982 6055 18816 14114 5686
is_linear=0
shrinkage=0.05


Tree=18
num_leaves=7
num_cat=0
split_feature=35 24 4 37 38 37
split_gain=848.886 356.61 211.738 198.623 191.381 180.978
threshold=1309.4962500000004 635.50000000000011 2364.5000000000005 0.45804195804195807 1.0000000180025095e-35 0.37797619047619052
decision_type=8 8 10 2 2 2
left_child=3 2 -2 -1 -5 -4
right_child=1 -3 5 4 -6 -7
leaf_value=-0.0084375212660202283 -0.038013547748555476 0.025446736955484807 -0.023072561311605698 0.011076170558677489 0.038574362511648301 -0.0016372400998204938
leaf_weight=485.90016138553619 918.98457044363022 562.44033217430115 1804.5605549365282 1146.7661057412624 1421.8918816298246 2162.0611494034529
leaf_count=1043 4789 1982 8528 4644 966 9089
internal_value=-0.00027352 -0.0121003 -0.0164444 0.0208058 0.0263433 -0.0114057
internal_weight=8502.6 5448.05 4885.61 3054.56 2568.66 3966.62
internal_count=31041 24388 22406 6653 5610 17617
is_linear=0
shrinkage=0.05


Tree=19
num_leaves=7
num_cat=0
split_feature=35 24 29 0 37 12
split_gain=910.333 319.35 174.71 174.538 151.406 141.485
threshold=1187.8637500000002 145.50000000000003 2.5000000000000004 28.500000000000004 0.51389961389961403 26.500000000000004
decision_type=8 10 2 10 2 10
left_child=2 3 -1 5 -3 -2
right_child=1 4 -4 -5 -6 -7
leaf_value=0.017121329709129895 -0.037434162004698728 -0.012055323582130515 0.049869356965713374 -0.0051694386162251613 0.018103777209059143 -0.013200607970603071
leaf_weight=2402.1200666278601 1486.2419381737709 689.73292376101017 488.70650885999203 1328.5998286008835 1034.0243951976299 1023.7398249953985
leaf_count=5627 7764 2901 365 5764 3703 4830
internal_value=-3.35622e-06 -0.0118301 0.0227341 -0.0198506 0.00603615 -0.027596
internal_weight=8453.17 5562.34 2890.83 3838.58 1723.76 2509.98
internal_count=30954 24962 5992 18358 6604 12594
is_linear=0
shrinkage=0.05


Tree=20
num_leaves=7
num_cat=0
split_feature=35 15 24 24 12 38
split_gain=749.148 303.038 198.313 145.272 144.841 132.935
threshold=2846.2472222222227 140.50000000000003 102.50000000000001 123.50000000000001 21.500000000000004 1.0000000180025095e-35
decision_type=8 10 8 10 10 2
left_child=1 3 4 -1 -2 -3
right_child=2 5 -4 -5 -6 -7
leaf_value=-0.0085242829878034131 -0.035683334691937095 0.015351575861789478 -0.0010686842778210273 0.013366181002413055 -0.011434769545050918 0.045698264025891028
leaf_weight=1301.6437778770924 1416.4812243282795 676.95391763746738 1296.8426648378372 1800.7160906791687 1098.3603879958391 786.52771021425724
leaf_count=3921 7809 2746 5555 5132 5342 517
internal_value=-0.000607607 0.0130475 -0.01696 0.00418276 -0.0251364 0.031761
internal_weight=8377.53 4565.84 3811.68 3102.36 2514.84 1463.48
internal_count=31022 12316 18706 9053 13151 3263
is_linear=0
shrinkage=0.05


Tree=21
num_leaves=7
num_cat=0
split_feature=35 37 35 24 4 22
split_gain=737.377 415.239 230.487 168.988 124.051 118.296
threshold=5436.9231944444455 0.39047619047619053 110.55194444444446 92.500000000000014 68016.000000000015 5.8252483870348213
decision_type=8 2 10 10 10 10
left_child=1 4 -3 -4 -1 -2
right_child=5 2 3 -5 -6 -7
leaf_value=-0.031003495778996526 -0.02693665310223969 0.041579619785616001 -0.0055340114247291045 0.017358447599136878 0.0033917835162577807 0.005922639148806844
leaf_weight=706.46335308253765 2312.9006747305393 713.12416689097881 1132.0202650874853 2778.2132350951433 413.64777891337872 308.76964971423149
leaf_count=2726 12243 537 4113 8806 1342 1447
internal_value=-0.00111548 0.00891392 0.0155302 0.0107324 -0.018343 -0.0230627
internal_weight=8365.14 5743.47 4623.36 3910.23 1120.11 2621.67
internal_count=31214 17524 13456 12919 4068 13690
is_linear=0
shrinkage=0.05


Tree=22
num_leaves=7
num_cat=0
split_feature=35 24 29 4 36 16
split_gain=761.587 327.568 190.786 184.847 163.12 125.485
threshold=1187.8637500000002 706.50000000000011 2.5000000000000004 2364.5000000000005 5118.1291666666675 728.50000000000011
decision_type=8 8 2 10 10 10
left_child=2 3 5 -2 -5 -1
right_child=1 -3 -4 4 -6 -7
leaf_value=0.008246711401899226 -0.035473469416915926 0.026528202209281201 0.050404336742881577 -0.0055928208997694014 -0.032151550307449976 0.034030959970274527
leaf_weight=1675.3950800150633 863.80098076164722 534.38009491562843 469.66480015218258 3436.1246367245913 690.9236574023962 654.62335506081581
leaf_count=4120 4851 1800 371 14977 3533 1471
internal_value=0.000252019 -0.0105115 0.021475 -0.0145 -0.0100726 0.0155482
internal_weight=8324.91 5525.23 2799.68 4990.85 4127.05 2330.02
internal_count=31123 25161 5962 23361 18510 5591
is_linear=0
shrinkage=0.05


Tree=23
num_leaves=7
num_cat=0
split_feature=36 34 3 21 2 25
split_gain=579.136 282.187 198.788 139.883 124.039 168.071
threshold=2914.9948611111117 14.850416666666669 48009.000000000007 0.6250428375599727 332.50000000000006 0.38300148723707778
decision_type=8 10 10 8 10 10
left_child=1 -1 3 4 -2 -6
right_child=2 -3 -4 -5 5 -7
leaf_value=0.025043067090510514 -0.032223355735466273 0.0009373224513772911 0.049856661070119872 -0.039086204952906156 0.054755974944106993 -0.010511876283965393
leaf_weight=1783.9803845733404 608.39406859874725 3778.9530559778214 94.502331897616386 834.29540830850601 104.17318852245808 1019.1524551212788
leaf_count=820 3385 16530 352 4629 452 4839
internal_value=-0.000492094 0.00868335 -0.0196575 -0.0223096 -0.0141379 -0.00424335
internal_weight=8223.45 5562.93 2660.52 2566.02 1731.72 1123.33
internal_count=31007 17350 13657 13305 8676 5291
is_linear=0
shrinkage=0.05


Tree=24
num_leaves=7
num_cat=0
split_feature=35 0 36 36 37 38
split_gain=629.701 252.582 157.258 165.298 152.295 161.494
threshold=1187.8637500000002 31.500000000000004 4917.4005555555568 3806.3420833333334 0.45804195804195807 1.0000000180025095e-35
decision_type=8 8 10 10 2 2
left_child=4 -2 3 -3 -1 -6
right_child=1 2 -4 -5 5 -7
leaf_value=-0.0070133189502913657 -0.019381779372434266 0.0046185966975499969 -0.031340931038510413 0.080353530446137009 0.0087323535378734263 0.034814226165313183
leaf_weight=481.58117863535881 3140.212342068553 1935.1619221270084 295.30758546292782 69.877476334571838 1040.0645211189985 1390.8004057705402
leaf_count=944 15714 7639 1488 179 4203 951
internal_value=-0.000130079 -0.0101724 0.0024142 0.00745134 0.0186146 0.0236957
internal_weight=8353.01 5440.56 2300.35 2005.04 2912.45 2430.86
internal_count=31118 25020 9306 7818 6098 5154
is_linear=0
shrinkage=0.05


Tree=25
num_leaves=7
num_cat=0
split_feature=34 36 24 37 23 33
split_gain=588.736 310.824 136.986 132.476 121.216 112.833
threshold=61.533333333333339 3513.7331944444445 831.50000000000011 0.37797619047619052 5.0353701788701182 6.5000000000000009
decision_type=8 8 10 2 10 2
left_child=3 2 -2 -1 -3 -5
right_child=1 4 -4 5 -6 -7
leaf_value=-0.0060244766795115208 -0.0032445796206285182 -0.028163039843317098 0.022617209218039086 0.022297275489873952 0.0065558026113912123 0.05644240905240229
leaf_weight=347.22589457035065 3329.0645669996738 1765.2625188827515 599.94385728240013 1645.0530128180981 291.05703401565552 282.95168337225914
leaf_count=296 15057 10255 2423 1229 1579 236
internal_value=0.000710396 -0.00752055 0.000728139 0.0223321 -0.0232449 0.0274414
internal_weight=8260.56 5985.33 3929.01 2275.23 2056.32 1928
internal_count=31075 29314 17480 1761 11834 1465
is_linear=0
shrinkage=0.05


Tree=26
num_leaves=7
num_cat=0
split_feature=35 0 23 16 28 24
split_gain=509.331 261.141 200.218 191.009 151.222 127.899
threshold=1332.7075000000002 23.500000000000004 0.6270051289828632 675.50000000000011 2.5000000000000004 13.500000000000002
decision_type=8 8 10 10 2 10
left_child=2 5 -1 4 -4 -2
right_child=1 -3 3 -5 -6 -7
leaf_value=0.043600201269813232 -0.039677805712050616 0.0017120136325613653 -0.0041603985305797763 0.030630366659833527 0.047720017221391658 -0.014009082184495642
leaf_weight=556.16680538654327 657.93115893006325 2638.1212171167135 1492.9514103084803 784.74054010212421 149.99291795492172 1852.4815243929625
leaf_count=1203 3951 11128 3719 1710 80 9145
internal_value=0.000248361 -0.00927523 0.016669 0.0104223 0.00070645 -0.0208019
internal_weight=8132.39 5148.53 2983.85 2427.68 1642.94 2510.41
internal_count=30936 24224 6712 5509 3799 13096
is_linear=0
shrinkage=0.05


Tree=27
num_leaves=7
num_cat=0
split_feature=35 37 21 33 24 40
split_gain=477.626 255.353 154.105 150.034 124.627 115.052
threshold=5436.9231944444455 0.37797619047619052 0.37936578334626903 2.5000000000000004 28.500000000000004 11.500000000000002
decision_type=8 2 10 2 10 2
left_child=1 2 -1 -3 -4 -2
right_child=5 3 4 -5 -6 -7
leaf_value=-0.040625375425687199 0.050063109074853021 0.0090046316031942297 -0.036903915649697604 0.032635005298897839 0.010589618065075995 -0.020027602203741227
leaf_weight=351.94427433609962 55.379228591918945 3878.9654190540314 176.28371499478817 809.43643227219582 575.25375945866108 2382.4524971544743
leaf_count=1418 20 12600 742 999 1915 13517
internal_value=0.000208171 0.00802266 -0.0135739 0.0131148 -0.000720934 -0.0183362
internal_weight=8229.72 5791.88 1103.48 4688.4 751.537 2437.83
internal_count=31211 17674 4075 13599 2657 13537
is_linear=0
shrinkage=0.05


Tree=28
num_leaves=7
num_cat=0
split_feature=37 34 34 22 8 2
split_gain=412.439 273.434 160.161 113.116 158.54 153.748
threshold=0.25833333333333336 106.64805555555557 6445.748611111112 6.1578001033898904 1.5000000000000002 3923.0000000000005
decision_type=2 8 8 8 10 10
left_child=-1 3 -3 4 -2 -6
right_child=1 2 -4 -5 5 -7
leaf_value=-0.025342375981906036 -0.024225361950321912 0.0022927656586162275 -0.022256942380906336 0.051902883670876698 0.037739880832181265 0.0078375404905211485
leaf_weight=1338.9991491436958 220.22855080664158 3785.3081565052271 800.60936257243156 234.07956326007843 736.83713458478451 1030.4013112783432
leaf_count=6852 187 17250 4750 221 739 1065
internal_value=-2.8918e-05 0.00496508 -0.00201269 0.0193414 0.0153858 0.0203764
internal_weight=8146.46 6807.46 4585.92 2221.55 1987.47 1767.24
internal_count=31064 24212 22000 2212 1991 1804
is_linear=0
shrinkage=0.05


Tree=29
num_leaves=7
num_cat=0
split_feature=35 37 23 24 21 16
split_gain=381.936 192.853 151.127 138.923 129.38 121.737
threshold=5507.604444444446 0.37797619047619052 12.99467867376177 85.500000000000014 0.37936578334626903 825.50000000000011
decision_type=8 2 10 10 10 10
left_child=1 4 3 5 -1 -3
right_child=-2 2 -4 -5 -6 -7
leaf_value=-0.037436161222082619 -0.016817190331919446 -0.011235459213718307 0.064234464852316916 0.015280799735322467 -0.00044450267996936927 0.029101226284611117
leaf_weight=336.3810858130455 2390.1998961120844 1056.2530320435762 126.53163853287697 3270.5756754130125 768.86099091172218 222.15197658538818
leaf_count=1433 13553 3640 117 9252 2706 511
internal_value=-2.63574e-05 0.00692477 0.0113639 0.00982441 -0.0118208 -0.00413997
internal_weight=8170.95 5780.75 4675.51 4548.98 1105.24 1278.41
internal_count=31212 17659 13520 13403 4139 4151
is_linear=0
shrinkage=0.05


Tree=30
num_leaves=7
num_cat=0
split_feature=16 27 14 1 21 11
split_gain=333.067 185.126 155.284 147.479 144.363 145.387
threshold=291.50000000000006 2.5000000000000004 18.500000000000004 1497.5000000000002 0.6002056202878685 949.50000000000011
decision_type=8 2 8 10 10 10
left_child=1 4 -2 -4 5 -1
right_child=2 -3 3 -5 -6 -7
leaf_value=-0.0061561002029422753 -0.0053790436736307588 0.065496554114769845 0.033652834994469714 0.0083665136009076647 -0.023887318798636641 0.06680393699443303
leaf_weight=3171.0291812419891 975.68178454041481 76.87127386033535 940.83699327707291 1489.3244924843311 1381.4639143198729 64.801298096776009
leaf_count=14059 3232 32 2488 4308 6822 237
internal_value=-0.000442729 -0.00907514 0.0114509 0.0182051 -0.0103862 -0.00459418
internal_weight=8100.01 4694.17 3405.84 2430.16 4617.29 3235.83
internal_count=31178 21150 10028 6796 21118 14296
is_linear=0
shrinkage=0.05


Tree=31
num_leaves=7
num_cat=0
split_feature=38 36 35 36 18 21
split_gain=415.377 194.642 108.624 104.894 104.876 91.7377
threshold=1.0000000180025095e-35 3493.0963888888896 15925.140833333337 20.552777777777781 24.500000000000004 0.6250428375599727
decision_type=2 8 10 10 10 10
left_child=1 -1 5 -2 -5 -3
right_child=3 2 -4 4 -6 -7
leaf_value=0.00017324305866088345 0.042239606645781136 -0.0065779595666618038 -0.052621193575150382 0.0067886827682916142 0.035035929440889062 -0.030542537416560864
leaf_weight=3912.4756798744202 404.13746485114098 1153.5724888890982 210.81698222458363 1294.6690871715546 436.98683995008469 608.90766181051731
leaf_count=17514 386 6732 1400 1053 222 3887
internal_value=0.000565753 -0.00628936 -0.0190709 0.0194275 0.0139973 -0.0149203
internal_weight=8021.57 5885.77 1973.3 2135.79 1731.66 1762.48
internal_count=31194 29533 12019 1661 1275 10619
is_linear=0
shrinkage=0.05


Tree=32
num_leaves=7
num_cat=0
split_feature=34 37 22 24 36 36
split_gain=322.043 274.93 174.717 172.096 105.675 117.521
threshold=5507.9051388888902 0.37797619047619052 18.288115100924731 93.500000000000014 1.7748611111111112 1005.0658333333334
decision_type=8 2 8 10 8 8
left_child=1 4 3 -3 -1 -6
right_child=-2 2 -4 -5 5 -7
leaf_value=-0.064606660029784643 -0.024092215880754234 -0.005225211792907 0.06581517503552177 0.014918081830069159 0.015171440714840473 -0.016278286383268323
leaf_weight=87.202684327960014 1187.4327750653028 1547.6543330699205 132.09083832800388 3348.181365519762 372.750178784132 1395.6102272719145
leaf_count=368 7430 5506 159 9639 1096 6956
internal_value=-0.000101664 0.0040513 0.0101199 0.00855162 -0.0123755 -0.00962496
internal_weight=8070.92 6883.49 5027.93 4895.84 1855.56 1768.36
internal_count=31154 23724 15304 15145 8420 8052
is_linear=0
shrinkage=0.05


Tree=33
num_leaves=7
num_cat=0
split_feature=38 37 4 12 35 34
split_gain=343.879 207.129 116.288 166.411 85.5482 97.784
threshold=1.0000000180025095e-35 0.25833333333333336 2119.5000000000005 51.500000000000007 14711.324027777779 8051.884027777779
decision_type=2 2 10 10 10 10
left_child=1 4 3 -3 5 -1
right_child=-2 2 -4 -5 -6 -7
leaf_value=-0.021457837194516341 0.017570528313445181 -0.03566268526831725 0.0016398329383646938 0.035851482327837192 -0.052645474982023356 0.058403282116091686
leaf_weight=868.72259259223938 2146.3930458426476 446.14710807800293 4169.8788820058107 94.997333332896233 221.13699623942375 35.365817844867706
leaf_count=4949 1671 2873 19399 513 1542 231
internal_value=0.000481664 -0.00581276 -0.00119973 -0.0228952 -0.0250355 -0.0180298
internal_weight=7982.64 5836.25 4711.02 541.144 1125.23 904.088
internal_count=31178 29507 22785 3386 6722 5180
is_linear=0
shrinkage=0.05


Tree=34
num_leaves=7
num_cat=0
split_feature=34 37 28 14 21 19
split_gain=295.971 268.253 132.83 104.792 109.228 97.0026
threshold=5507.9051388888902 0.37797619047619052 2.5000000000000004 29.500000000000004 0.47181396888447541 4.5000000000000009
decision_type=8 2 2 8 10 10
left_child=1 -1 3 4 -3 -2
right_child=5 2 -4 -5 -6 -7
leaf_value=-0.012289601787803141 -0.0077841171229172104 0.0094306542771396256 0.046888729576377505 0.017167428018192835 -0.011365317718943743 -0.036820599843654191
leaf_weight=1801.3831654936075 549.20842976868153 1777.4885898679495 230.47238166630268 1970.2256979197264 972.89695158600807 606.78175087273121
leaf_count=8402 3603 5949 142 5520 3634 3808
internal_value=0.000203014 0.00420968 0.0102191 0.00838103 0.0020672 -0.0231184
internal_weight=7908.46 6752.47 4951.08 4720.61 2750.39 1155.99
internal_count=31058 23647 15245 15103 9583 7411
is_linear=0
shrinkage=0.05


Tree=35
num_leaves=7
num_cat=0
split_feature=37 15 37 8 0 2
split_gain=280.866 199.194 108.342 96.2535 149.448 111.786
threshold=0.25833333333333336 114.50000000000001 0.17424242424242428 14.500000000000002 66.500000000000014 18256.500000000004
decision_type=2 8 2 10 10 10
left_child=2 3 -1 4 5 -2
right_child=1 -3 -4 -5 -6 -7
leaf_value=-0.0025415198703887228 -0.00081149052385947891 0.01739570961235384 -0.032968107947899061 -0.0081490522064831018 0.042796944583434263 0.06454754812634711
leaf_weight=464.44209833443165 1870.7224832847714 1953.4438075423241 789.71940860152245 2550.8868105709553 241.75161863863468 62.787566527724266
leaf_count=2274 8423 5267 4593 9697 730 215
internal_value=-9.31407e-05 0.00398739 -0.0217553 -0.00156716 0.00615229 0.00147195
internal_weight=7933.75 6679.59 1254.16 4726.15 2175.26 1933.51
internal_count=31199 24332 6867 19065 9368 8638
is_linear=0
shrinkage=0.05


Tree=36
num_leaves=7
num_cat=0
split_feature=15 28 24 23 34 24
split_gain=237.542 179.878 133.975 151.188 124.158 117.357
threshold=1.0000000180025095e-35 2.5000000000000004 872.50000000000011 5.6123587603356873 9445.7581944444464 1076.5000000000002
decision_type=8 2 8 10 8 10
left_child=-1 2 3 4 -2 -4
right_child=1 -3 5 -5 -6 -7
leaf_value=-0.02807926316864964 -0.001621968573177671 0.042782588122563407 0.045576608974595367 0.027566053745376781 -0.02988989993996214 0.0055682854428748749
leaf_weight=694.96502304077148 5402.7840529903769 260.9041141718626 285.09358552098274 410.41610778868198 413.59918586909771 502.37837770581245
leaf_count=4230 20257 163 842 1500 2737 1465
internal_value=-0.00025874 0.00241629 0.000885412 -0.00157768 -0.00365603 0.0202489
internal_weight=7970.14 7275.18 7014.27 6226.8 5816.38 787.472
internal_count=31194 26964 26801 24494 22994 2307
is_linear=0
shrinkage=0.05


Tree=37
num_leaves=7
num_cat=0
split_feature=34 24 36 2 3 16
split_gain=236.432 173.18 127.32 83.9887 142.018 113.374
threshold=63.217361111111117 17.500000000000004 4917.4005555555568 2769.5000000000005 42235.500000000007 199.50000000000003
decision_type=8 10 10 10 10 8
left_child=3 -2 -3 5 -5 -1
right_child=1 2 -4 4 -6 -7
leaf_value=0.0030451872622308048 -0.024963617178754567 0.0012665749788085059 -0.024222516942372613 -0.0022528332511787762 0.037397856694390975 0.041292155711377447
leaf_weight=318.44852413237095 960.33114533871412 4176.903047002852 549.96295733004808 1074.6309345513582 280.74948258697987 493.23330253362656
leaf_count=273 6217 19462 3528 960 224 391
internal_value=-0.000309417 -0.00566461 -0.0017215 0.0137253 0.00606756 0.0263972
internal_weight=7854.26 5687.2 4726.87 2167.06 1355.38 811.682
internal_count=31055 29207 22990 1848 1184 664
is_linear=0
shrinkage=0.05


Tree=38
num_leaves=7
num_cat=0
split_feature=35 24 12 36 16 1
split_gain=224.343 171.102 129.533 120.311 106.628 129.475
threshold=228.41652777777782 17.500000000000004 66.500000000000014 5118.1291666666675 913.50000000000011 2010.5000000000002
decision_type=8 8 10 10 10 10
left_child=2 -2 -1 -3 5 -4
right_child=1 3 4 -5 -6 -7
leaf_value=0.04190319066604372 -0.021236333575926795 0.002869672685344455 0.018582425660486169 -0.021465888228929371 0.039371004943743869 -0.042798302582382534
leaf_weight=461.69801011681557 1059.6780560016632 5318.0734567344189 176.00314380228519 556.45543079078197 149.25787721574306 159.08554024994373
leaf_count=460 6353 20402 264 3287 194 198
internal_value=0.000327675 -0.00279377 0.0231012 0.000548231 0.00493348 -0.0107593
internal_weight=7880.25 6934.21 946.045 5874.53 484.347 335.089
internal_count=31158 30042 1116 23689 656 462
is_linear=0
shrinkage=0.05


Tree=39
num_leaves=7
num_cat=0
split_feature=37 15 21 24 21 2
split_gain=220.002 143.77 116.735 91.7347 81.4764 80.6969
threshold=0.25833333333333336 150.50000000000003 0.6002056202878685 27.500000000000004 0.96899038461538478 60589.000000000007
decision_type=2 8 10 10 10 10
left_child=3 2 -2 -1 -4 -3
right_child=1 5 4 -5 -6 -7
leaf_value=-0.041139930041555361 0.0044613136941432799 0.022259829283387194 -0.017418044764390923 -0.010556992314243093 0.016943344678097022 -0.012301164286289981
leaf_weight=341.39783438295126 3791.5707160010934 1264.0148804783821 1187.6552327275276 858.21780956536531 197.58863668888807 191.56641925871372
leaf_count=2343 14168 3379 5356 4456 743 590
internal_value=0.000263212 0.0038308 -7.78685e-05 -0.0193952 -0.0124735 0.0176848
internal_weight=7832.01 6632.4 5176.81 1199.62 1385.24 1455.58
internal_count=31035 24236 20267 6799 6099 3969
is_linear=0
shrinkage=0.05


Tree=40
num_leaves=7
num_cat=0
split_feature=37 22 34 19 24 37
split_gain=194.372 136.208 118.006 149.756 97.0713 96.3241
threshold=0.25833333333333336 35.665644235385699 6301.748611111112 4.5000000000000009 27.500000000000004 0.93933823529411775
decision_type=2 8 8 10 10 2
left_child=4 2 5 -4 -1 -2
right_child=1 -3 3 -5 -6 -7
leaf_value=-0.041653235100234207 0.0036787982885559917 0.053397143007263941 0.012218253645448164 -0.035439046941389038 -0.0098563885350004682 0.064141775269577636
leaf_weight=331.07594588398933 5744.4048183783889 126.76763527840376 262.40654972940683 429.29541280120611 856.71179141104221 61.661458656191826
leaf_count=2391 19221 310 1731 2812 4400 119
internal_value=-0.000275426 0.00306793 0.00204573 -0.0174017 -0.0188567 0.00437556
internal_weight=7812.32 6624.54 6497.77 691.702 1187.79 5806.07
internal_count=30984 24193 23883 4543 6791 19340
is_linear=0
shrinkage=0.05


Tree=41
num_leaves=7
num_cat=0
split_feature=38 4 16 31 35 12
split_gain=201.641 143.392 120.798 223.83 105.649 96.6646
threshold=1.0000000180025095e-35 2246.5000000000005 558.50000000000011 1.5000000000000002 15925.140833333337 20.500000000000004
decision_type=2 10 8 2 10 10
left_child=1 5 3 -2 -3 -1
right_child=2 4 -4 -5 -6 -7
leaf_value=-0.039426730416115496 0.015715671453640518 -0.00020740872269901656 0.03068482289587714 -0.033275333514181764 -0.044926497958768602 -0.00034375787023837684
leaf_weight=445.20174331218004 1074.5195186138153 4836.5864206925035 697.65360227227211 292.45672971010208 130.78450185060501 244.068110704422
leaf_count=3261 955 23524 595 91 1064 1472
internal_value=0.000477344 -0.0044051 0.0138325 0.00515126 -0.0014288 -0.0256897
internal_weight=7721.27 5656.64 2064.63 1366.98 4967.37 689.27
internal_count=30962 29321 1641 1046 24588 4733
is_linear=0
shrinkage=0.05


Tree=42
num_leaves=7
num_cat=0
split_feature=38 35 4 21 35 21
split_gain=191.078 130.486 110.406 110.584 97.0146 132.246
threshold=1.0000000180025095e-35 15925.140833333337 2364.5000000000005 0.48100319620579446 205.22361111111113 0.40633355614973271
decision_type=2 10 10 10 10 10
left_child=1 2 3 -1 5 -2
right_child=4 -3 -4 -5 -6 -7
leaf_value=-0.004037657938700129 0.049720989612262116 -0.047027649378902407 -0.00041031085165664331 -0.044712340537935033 0.0045078045933697845 0.0092958873804471227
leaf_weight=381.74853117018938 348.11475238204002 169.20698174089193 4826.9245347157121 293.73173245787621 1272.4239960163832 480.57898147404194
leaf_count=2385 187 1416 23417 2266 1079 357
internal_value=0.000351747 -0.00442054 -0.0030688 -0.0219236 0.0132136 0.0264739
internal_weight=7772.73 5671.61 5502.4 675.48 2101.12 828.694
internal_count=31107 29484 28068 4651 1623 544
is_linear=0
shrinkage=0.05


Tree=43
num_leaves=7
num_cat=0
split_feature=37 23 36 34 24 36
split_gain=169.618 255.138 133.796 99.018 92.7019 98.6376
threshold=0.56125000000000014 5.0353701788701182 5.0402777777777787 10765.585138888891 14.500000000000002 47.087083333333339
decision_type=2 8 10 8 10 10
left_child=1 3 -2 -1 -4 -6
right_child=2 -3 4 -5 5 -7
leaf_value=-0.0077096672042485 0.060404261741054011 0.026988566343173922 -0.034860124116401471 -0.031375824067506178 -0.0098827929175292154 0.013261068504825247
leaf_weight=3704.0801398009062 115.06667365133762 502.4501930102706 124.55247054994106 498.04591944813728 578.16580560803413 2196.4377340748906
leaf_count=16311 275 1901 528 3725 1744 6532
internal_value=-0.000584876 -0.00651521 0.00866661 -0.0105486 0.0065127 0.0084293
internal_weight=7718.8 4704.58 3014.22 4202.13 2899.16 2774.6
internal_count=31016 21937 9079 20036 8804 8276
is_linear=0
shrinkage=0.05


Tree=44
num_leaves=7
num_cat=0
split_feature=14 40 36 36 19 30
split_gain=143.094 104.912 108.416 105.585 147.589 77.7858
threshold=1.0000000180025095e-35 10.500000000000002 5118.1291666666675 3970.1341666666672 1.5000000000000002 4.5000000000000009
decision_type=10 2 10 10 10 2
left_child=5 -2 3 -3 -5 -1
right_child=1 2 -4 4 -6 -7
leaf_value=-0.015849151928707221 0.023583292303622015 0.0017231272623796621 -0.02360626923201789 -0.024980067962972516 0.08295852555325528 0.052088840214245181
leaf_weight=1506.7686536759138 557.28121781349182 5134.5181883051991 411.89121863245964 45.52199712395668 86.527440398931503 38.563827484846115
leaf_count=8446 174 19349 2584 291 297 43
internal_value=-0.000396205 0.00298141 0.000940578 0.00288092 0.0461946 -0.0139912
internal_weight=7781.07 6235.74 5678.46 5266.57 132.049 1545.33
internal_count=31184 22695 22521 19937 588 8489
is_linear=0
shrinkage=0.05


Tree=45
num_leaves=7
num_cat=0
split_feature=35 2 4 12 19 19
split_gain=160.064 158.006 151.243 110.483 84.6395 106.115
threshold=1244.207916666667 2606.5000000000005 2364.5000000000005 32.500000000000007 10.500000000000002 42.500000000000007
decision_type=8 10 10 10 10 10
left_child=1 -1 3 -2 -3 -6
right_child=2 4 -4 -5 5 -7
leaf_value=0.024592868481455157 -0.03924672417703725 0.017747847497977261 -0.0021558515104900819 0.0056551715618366125 -0.030254702715646398 0.0023726087361642828
leaf_weight=1045.532320484519 507.30741815268993 466.43288263678551 4257.7714167013764 185.43073956668377 348.62234844267368 841.78641620278358
leaf_count=2458 3711 954 19917 1099 893 2015
internal_value=-0.000353426 0.00942348 -0.00569454 -0.0272731 -0.000194199 -0.00726918
internal_weight=7652.88 2702.37 4950.51 692.738 1656.84 1190.41
internal_count=31047 6320 24727 4810 3862 2908
is_linear=0
shrinkage=0.05


Tree=46
num_leaves=7
num_cat=0
split_feature=38 24 23 24 8 25
split_gain=159.001 114.005 99.5676 66.1368 90.8754 100.962
threshold=1.0000000180025095e-35 16.500000000000004 1.5643133775432869 872.50000000000011 14.500000000000002 0.7978868081550633
decision_type=2 10 8 10 10 10
left_child=1 -1 -2 4 5 -3
right_child=2 3 -4 -5 -6 -7
leaf_value=-0.020628226233193148 0.004287519724396483 0.01205070715686001 0.027012857245606828 0.016157976712313071 -0.0089680251952826227 -0.01668238199743758
leaf_weight=843.34441046416759 1361.0414223968983 1399.6996542587876 743.30102640390396 511.77898322045803 2478.9690644070506 386.11223641782999
leaf_count=5955 1029 7610 622 2087 11787 2039
internal_value=0.00065305 -0.0037375 0.0123596 -0.000736842 -0.00278079 0.00580906
internal_weight=7724.25 5619.9 2104.34 4776.56 4264.78 1785.81
internal_count=31129 29478 1651 23523 21436 9649
is_linear=0
shrinkage=0.05


Tree=47
num_leaves=7
num_cat=0
split_feature=15 15 2 27 4 12
split_gain=149.687 101.925 84.5426 69.5349 68.2575 83.5111
threshold=116.50000000000001 1.0000000180025095e-35 3417.5000000000005 2.5000000000000004 141674.50000000003 24.500000000000004
decision_type=8 10 10 2 10 10
left_child=1 4 -2 -3 5 -1
right_child=2 3 -4 -5 -6 -7
leaf_value=-0.038614314647934439 0.02630792699557305 -0.0030513575969361734 0.0040025394157794389 0.048550569025005874 0.032171948540713848 0.0054771241885933492
leaf_weight=448.87172486633062 629.52841881662607 5037.6080465167761 1292.2370961531997 61.151858568191528 46.68596039712429 139.18583356589079
leaf_count=3196 1699 21186 3862 31 184 804
internal_value=-0.00070012 -0.00474836 0.0113586 -0.00238551 -0.0235616 -0.0282202
internal_weight=7655.27 5733.5 1921.77 5098.76 634.744 588.058
internal_count=30962 25401 5561 21217 4184 4000
is_linear=0
shrinkage=0.05


Tree=48
num_leaves=7
num_cat=0
split_feature=37 34 2 3 35 22
split_gain=183.814 111.272 81.0371 76.3087 73.1638 67.2515
threshold=0.25833333333333336 52.826111111111125 4537.0000000000009 15097.500000000002 87.317916666666676 0.70502090568459186
decision_type=2 8 10 10 10 10
left_child=4 2 5 -4 -1 -2
right_child=1 -3 3 -5 -6 -7
leaf_value=0.046389996853698906 0.040548833859200106 -0.00069920013711051671 -0.018764454755884619 0.012198412949253445 -0.020588569155122468 0.01233457168113512
leaf_weight=37.71833635866642 380.58079817891121 4612.755661688745 264.20759209990501 759.23088313639164 1108.1034431681037 481.46390192210674
leaf_count=24 245 22857 210 574 6802 388
internal_value=0.000227715 0.00348708 0.0137034 0.00415277 -0.0181918 0.0249528
internal_weight=7644.06 6498.24 1885.48 1023.44 1145.82 862.045
internal_count=31100 24274 1417 784 6826 633
is_linear=0
shrinkage=0.05


Tree=49
num_leaves=7
num_cat=0
split_feature=37 16 23 31 24 38
split_gain=139.662 115.472 135.602 137.591 96.8537 91.4655
threshold=0.25833333333333336 958.50000000000011 5.0353701788701182 1.5000000000000002 135.50000000000003 1.5000000000000002
decision_type=2 8 10 2 10 2
left_child=-1 2 3 4 -2 -3
right_child=1 5 -4 -5 -6 -7
leaf_value=-0.016261637651631522 -0.0069082461644924993 0.011939839692081185 0.027277062250935593 -0.035160958445121064 0.0069993995849874369 0.054365238094054996
leaf_weight=1130.4824508950114 2501.5888543501496 621.45586436986923 425.05533781647682 288.97085510194302 2495.7822528332472 156.23381479084492
leaf_count=6837 12004 1899 1660 89 8415 191
internal_value=-8.35872e-05 0.00274519 0.000276781 -0.00191794 3.75505e-05 0.0207557
internal_weight=7619.57 6489.09 5711.4 5286.34 4997.37 777.69
internal_count=31095 24258 22168 20508 20419 2090
is_linear=0
shrinkage=0.05


Tree=50
num_leaves=7
num_cat=0
split_feature=15 22 37 36 36 12
split_gain=131.944 113.35 86.9862 113.872 85.6579 146.219
threshold=1.0000000180025095e-35 35.665644235385699 0.73385416666666681 1.7748611111111112 237.7490277777778 92.500000000000014
decision_type=8 8 2 8 8 10
left_child=-1 2 3 -2 5 -5
right_child=1 -3 -4 4 -6 -7
leaf_value=-0.021482844355827497 -0.038168827747147756 0.049892169756538027 0.012936228430359348 0.042375050161309359 -0.0025214399805876036 -0.00052956514053299839
leaf_weight=617.11065042763948 194.84806309640408 119.16900711506605 1370.8590247556567 302.17276525497437 4456.4482197538018 561.3746192753315
leaf_count=4214 767 277 4004 639 19567 1572
internal_value=0.000585824 0.00254395 0.0016889 -0.0011161 0.000275541 0.0146411
internal_weight=7621.98 7004.87 6885.7 5514.84 5320 863.547
internal_count=31040 26826 26549 22545 21778 2211
is_linear=0
shrinkage=0.05


Tree=51
num_leaves=7
num_cat=0
split_feature=21 29 36 4 22 40
split_gain=132.765 141.188 88.1648 106.797 102.339 118.433
threshold=0.6002056202878685 2.5000000000000004 5243.0150000000003 144121.00000000003 9.6842099534412203 13.500000000000002
decision_type=10 2 8 10 10 2
left_child=1 -1 4 -4 5 -2
right_child=2 -3 3 -5 -6 -7
leaf_value=0.0019392929784154266 -0.034061766251745583 0.044049553597707194 -0.034389509499011539 0.036956977251101565 0.051582074442833352 -0.00068361783775825944
leaf_weight=5217.136492960155 331.20678961277008 201.97572042047977 529.53376904129982 54.06619406491518 71.364122077822685 1269.3641431033611
leaf_count=21067 102 191 3958 219 114 5645
internal_value=-0.000695209 0.00354794 -0.010875 -0.027522 -0.00499957 -0.00767514
internal_weight=7674.65 5419.11 2255.54 583.6 1671.94 1600.57
internal_count=31296 21258 10038 4177 5861 5747
is_linear=0
shrinkage=0.05


Tree=52
num_leaves=7
num_cat=0
split_feature=36 24 21 4 22 27
split_gain=107.727 90.6297 128.238 125.191 108.01 80.2745
threshold=5118.1291666666675 28.500000000000004 0.40916083916083923 25019.500000000004 6.1578001033898904 2.5000000000000004
decision_type=10 8 8 10 10 2
left_child=1 2 4 -4 -1 -3
right_child=-2 5 3 -5 -6 -7
leaf_value=0.0012001759891778483 -0.020384586275419909 0.0037505949295486142 -0.032575047786549731 0.0017584096333981968 0.064093630357671211 0.058674976453976839
leaf_weight=329.04200609773397 611.43607654422522 5361.1562243700027 637.20558086782694 451.81099013239145 81.200302675366402 62.393877908587456
leaf_count=1691 4125 18729 4217 2110 240 33
internal_value=-0.000354943 0.00142755 -0.00943376 -0.0183879 0.0142707 0.00443592
internal_weight=7534.25 6922.81 1499.26 1089.02 410.242 5423.55
internal_count=31145 27020 8258 6327 1931 18762
is_linear=0
shrinkage=0.05


Tree=53
num_leaves=7
num_cat=0
split_feature=23 36 4 37 24 11
split_gain=128.862 137.327 117.459 88.2932 84.3025 77.9487
threshold=5.936436594464511 5118.1291666666675 202207.00000000003 0.93933823529411775 14.500000000000002 206.50000000000003
decision_type=8 8 10 2 10 10
left_child=1 3 -3 4 -1 -6
right_child=-2 2 -4 -5 5 -7
leaf_value=-0.020147540269190019 0.026459251014351183 -0.01900413949556063 0.069369525251244804 0.060691808466180823 0.00038267494958738003 0.016909476438862134
leaf_weight=420.20619544386864 439.98769845068455 1210.8871205970645 33.979968950152397 58.23791665583849 4544.9375382140279 841.37226255238056
leaf_count=2383 1650 8285 167 124 16136 2372
internal_value=0.000356762 -0.00127608 -0.016324 0.00192922 0.00128813 0.00297754
internal_weight=7549.61 7109.62 1244.87 5864.75 5806.52 5386.31
internal_count=31117 29467 8452 21015 20891 18508
is_linear=0
shrinkage=0.05


Tree=54
num_leaves=7
num_cat=0
split_feature=30 4 1 36 21 24
split_gain=123.71 106.642 85.7648 119.859 76.7381 76.3225
threshold=2.5000000000000004 2183.5000000000005 2720.5000000000005 22.133472222222228 0.41688948306595369 879.50000000000011
decision_type=2 8 10 10 10 8
left_child=1 4 -2 -4 -1 -3
right_child=2 5 3 -5 -6 -7
leaf_value=-0.0075766730820037449 0.027896822742967738 -0.0024031115505272864 0.033082796148379036 -0.028284490171461785 -0.042117762768385816 0.015944973455716337
leaf_weight=406.0182779058814 605.1719413921237 5267.61223128438 127.15123305469751 195.09388238191605 264.31293885409832 630.04184807837009
leaf_count=2429 1099 22739 176 346 2235 1935
internal_value=-0.000169021 -0.00258664 0.0168747 -0.00393473 -0.0214073 -0.000431153
internal_weight=7495.4 6567.99 927.417 322.245 670.331 5897.65
internal_count=30959 29338 1621 522 4664 24674
is_linear=0
shrinkage=0.05


Tree=55
num_leaves=7
num_cat=0
split_feature=34 35 4 12 34 8
split_gain=123.856 100.147 77.2013 109.019 129.826 100.081
threshold=29.43930555555556 15925.140833333337 2039.5000000000002 32.500000000000007 2077.9477777777779 12.500000000000002
decision_type=8 10 10 10 10 10
left_child=-1 2 3 -2 -5 -4
right_child=1 -3 5 4 -6 -7
leaf_value=0.011605361562834622 -0.033916371336742877 -0.043562707268102116 0.0090298688550074849 -0.0098897580371703955 0.094085839826105522 -0.0056222354665567331
leaf_weight=1937.4148571714759 385.92147493362427 143.50049041211605 1896.0783328041434 123.31930211186409 34.362661838531494 3006.7987707853317
leaf_count=1129 3158 1420 10381 751 226 13953
internal_value=0.000727866 -0.00304914 -0.00194273 -0.0197305 0.0149643 4.75656e-05
internal_weight=7527.4 5589.98 5446.48 543.603 157.682 4902.88
internal_count=31018 29889 28469 4135 977 24334
is_linear=0
shrinkage=0.05


Tree=56
num_leaves=7
num_cat=0
split_feature=16 21 38 21 30 33
split_gain=103.657 98.0828 88.329 83.4252 76.8027 84.4295
threshold=973.50000000000011 0.6002056202878685 2.5000000000000004 0.99496226128362297 2.5000000000000004 1.5000000000000002
decision_type=8 10 2 10 2 2
left_child=1 4 -2 -3 5 -1
right_child=2 3 -4 -5 -6 -7
leaf_value=0.0027397329074984834 0.010607116240835338 -0.014055985331782102 0.056362697429409539 0.022260172950637442 0.022935568088279089 -0.022258116826638835
leaf_weight=4069.5326887071133 677.32204768061638 1732.0119757503271 120.82115372270346 169.50837022811174 419.33939342200756 363.3127364218235
leaf_count=18531 2072 8420 173 683 823 437
internal_value=0.000859606 -0.00115898 0.0178413 -0.0107687 0.0026142 0.000668158
internal_weight=7551.85 6753.71 798.143 1901.52 4852.18 4432.85
internal_count=31139 28894 2245 9103 19791 18968
is_linear=0
shrinkage=0.05


Tree=57
num_leaves=7
num_cat=0
split_feature=23 24 12 8 22 1
split_gain=118.202 140.819 81.8276 141.506 102.548 95.459
threshold=5.0353701788701182 77.500000000000014 21.500000000000004 59.500000000000007 1.1607989624156405 7387.0000000000009
decision_type=8 10 10 10 10 10
left_child=1 2 5 4 -4 -1
right_child=-2 -3 3 -5 -6 -7
leaf_value=-0.024936603589664437 0.021656197860753734 0.0031074989002226861 0.016609212381277206 -0.037070231495847518 -0.013201665744191694 0.041195265983382856
leaf_weight=1072.1697083562613 554.14162563532591 4479.2974427416921 665.42118752747774 253.64560721069574 501.61802429705858 53.071677401661873
leaf_count=7269 2057 15123 3097 1081 2262 172
internal_value=-0.000470169 -0.00222963 -0.0116075 -0.00360605 0.00379421 -0.0216491
internal_weight=7579.37 7025.22 2545.93 1420.68 1167.04 1125.24
internal_count=31061 29004 13881 6440 5359 7441
is_linear=0
shrinkage=0.05


Tree=58
num_leaves=7
num_cat=0
split_feature=21 37 28 35 8 12
split_gain=93.6473 85.2736 65.5429 65.0512 126.155 99.775
threshold=0.06277844413982181 0.25833333333333336 2.5000000000000004 8988.4988888888893 1.0000000180025095e-35 21.500000000000004
decision_type=10 2 2 10 10 10
left_child=-1 -2 3 -3 -5 -6
right_child=1 2 -4 4 5 -7
leaf_value=0.063295257453683237 -0.013514172570632225 -0.00019808072467453579 0.031620591449521632 0.10106858275018436 -0.028576075343780184 0.065617533062477904
leaf_weight=52.544537752866745 1105.2698471471667 5977.6607720181346 170.72576828300953 41.87260390073061 77.653237216174603 37.621978163719177
leaf_count=152 6822 22898 143 257 570 196
internal_value=-0.000243479 -0.000736358 0.00151234 0.000649392 0.031898 0.00361541
internal_weight=7463.35 7410.8 6305.53 6134.81 157.148 115.275
internal_count=31038 30886 24064 23921 1023 766
is_linear=0
shrinkage=0.05


Tree=59
num_leaves=7
num_cat=0
split_feature=29 15 36 21 4 36
split_gain=128.948 91.1746 77.0345 59.0486 59.6578 123.51
threshold=2.5000000000000004 1.0000000180025095e-35 1.7748611111111112 0.081574453837783556 2246.5000000000005 133.43680555555559
decision_type=2 10 8 10 10 8
left_child=1 -1 -3 -4 5 -5
right_child=-2 2 3 4 -6 -7
leaf_value=-0.020125526201412433 0.030937257295719525 -0.029927664589820758 0.049097070147610958 0.072628618107916904 0.002365230966972158 -0.021676073837086762
leaf_weight=584.28606408089399 319.54622533917427 197.77821272611618 59.177062213420868 32.482609838247299 5753.1142597645521 490.83937821537256
leaf_count=4219 364 798 176 79 22243 3282
internal_value=0.000115132 -0.00128937 0.000409268 0.00137915 0.000890518 -0.0151906
internal_weight=7437.22 7117.68 6533.39 6335.61 6276.44 523.322
internal_count=31161 30797 26578 25780 25604 3361
is_linear=0
shrinkage=0.05


Tree=60
num_leaves=7
num_cat=0
split_feature=16 31 4 22 15 16
split_gain=98.193 128.402 78.3743 108.889 83.3114 85.0134
threshold=366.50000000000006 1.5000000000000002 202207.00000000003 1.5999610213363156 1.0000000180025095e-35 44.500000000000007
decision_type=10 2 10 10 10 10
left_child=1 2 4 -4 -1 -6
right_child=-2 -3 3 -5 5 -7
leaf_value=-0.022482262104207354 0.0075695703230066165 -0.043196525964682958 -0.017522026456483705 0.058945164784293763 0.011552584444509746 -0.0056752334740217949
leaf_weight=532.16795340925455 2659.709383264184 199.24306669831276 74.431939467787743 111.57110534608364 942.81934054940939 2924.5280532762408
leaf_count=4038 7976 68 280 389 4888 13370
internal_value=-0.000124188 -0.00440436 -0.00267361 0.028688 -0.00403058 -0.00146578
internal_weight=7444.47 4784.76 4585.52 186.003 4399.52 3867.35
internal_count=31009 23033 22965 669 22296 18258
is_linear=0
shrinkage=0.05


Tree=61
num_leaves=7
num_cat=0
split_feature=35 37 9 32 8 25
split_gain=99.4791 87.5809 76.2184 77.6976 72.7058 89.8474
threshold=110.55194444444446 0.25833333333333336 1386.0000000000002 1.5000000000000002 13.500000000000002 0.84023383886417879
decision_type=8 2 8 2 10 10
left_child=-1 -2 3 4 5 -3
right_child=1 2 -4 -5 -6 -7
leaf_value=0.018166129639762166 -0.016084358986815896 0.012720460581945082 0.050004619406602169 -0.026593279679165444 -0.0040727479311993761 -0.013954818317721704
leaf_weight=625.5701370164752 1017.4323189631104 1698.5652398988605 69.585376098752022 274.22561777383089 3385.7360822409391 383.10231120884418
leaf_count=610 6786 7967 158 183 13609 1725
internal_value=-0.000836742 -0.00258961 -0.000215138 -0.000866752 0.000446718 0.00778957
internal_weight=7454.22 6828.65 5811.21 5741.63 5467.4 2081.67
internal_count=31038 30428 23642 23484 23301 9692
is_linear=0
shrinkage=0.05


Tree=62
num_leaves=7
num_cat=0
split_feature=24 4 23 21 24 12
split_gain=109.388 118.03 93.9797 99.7256 96.0866 94.0962
threshold=872.50000000000011 25782.500000000004 5.936436594464511 0.24989660876757655 14.500000000000002 3794.0000000000005
decision_type=8 10 10 10 10 10
left_child=2 -2 4 -4 -1 -6
right_child=1 -3 3 -5 5 -7
leaf_value=-0.021366989493740631 0.046977535782933448 0.0043571601768260622 0.069771574797160049 0.0085815266407794754 -0.0032548473472382676 0.023985875719747106
leaf_weight=687.53701029717922 233.01185505092144 515.3696446120739 77.20028555393219 360.75081854313612 5304.1977850198746 332.16211003065109
leaf_count=4815 676 1582 242 1455 21344 1083
internal_value=-0.000222008 0.0178509 -0.00223398 0.0200337 -0.0037907 -0.00162966
internal_weight=7510.23 748.381 6761.85 437.951 6323.9 5636.36
internal_count=31197 2258 28939 1697 27242 22427
is_linear=0
shrinkage=0.05


Tree=63
num_leaves=7
num_cat=0
split_feature=37 21 28 36 3 4
split_gain=80.0833 69.9864 61.765 81.1051 155.147 120.885
threshold=0.25833333333333336 0.081574453837783556 2.5000000000000004 47.087083333333339 43542.500000000007 37717.000000000007
decision_type=2 10 2 10 10 10
left_child=-1 -2 3 4 5 -3
right_child=1 2 -4 -5 -6 -7
leaf_value=-0.012902734196846524 0.048051136246034777 -0.0012097664369493033 0.032008851551542053 0.0042216670553792525 0.036679778401209492 -0.02840269364142264
leaf_weight=1070.8113629668951 75.932394981384277 941.81662187725306 154.09390898793936 4271.8916525617242 168.56018616259098 717.64082594960928
leaf_count=6871 237 5148 140 14904 621 3180
internal_value=-0.000290074 0.00185206 0.0012532 0.000450685 -0.0083492 -0.0130195
internal_weight=7400.75 6329.94 6254 6099.91 1828.02 1659.46
internal_count=31101 24230 23993 23853 8949 8328
is_linear=0
shrinkage=0.05


Tree=64
num_leaves=7
num_cat=0
split_feature=27 15 24 30 8 8
split_gain=86.1768 80.6893 50.5633 66.8281 81.5686 60.897
threshold=2.5000000000000004 1.0000000180025095e-35 706.50000000000011 1.0000000180025095e-35 38.500000000000007 21.500000000000004
decision_type=2 10 10 2 10 10
left_child=1 -1 5 -4 -5 -3
right_child=-2 2 3 4 -6 -7
leaf_value=-0.018973665501748199 0.048612655412506346 0.0037137922552544591 0.026935213204299691 -0.035445360879669541 0.0084951577650889728 -0.0066854985131105417
leaf_weight=568.26118244230747 83.726777009665966 2852.5092531219125 384.22918222844601 120.32877418398857 666.77091386914253 2770.0989311933517
leaf_count=4204 54 12869 1574 278 1617 10477
internal_value=-0.000369873 -0.000959543 0.000560047 0.00998738 0.00159636 -0.00141103
internal_weight=7445.93 7362.2 6793.94 1171.33 787.1 5622.61
internal_count=31073 31019 26815 3469 1895 23346
is_linear=0
shrinkage=0.05


Tree=65
num_leaves=7
num_cat=0
split_feature=21 35 27 11 12 21
split_gain=108.085 84.8202 77.6295 51.4854 132.035 120.688
threshold=0.06277844413982181 15925.140833333337 2.5000000000000004 206.50000000000003 834.50000000000011 0.1972920063116681
decision_type=10 10 2 10 10 10
left_child=-1 2 3 4 -2 -6
right_child=1 -3 -4 -5 5 -7
leaf_value=0.064684833229362568 9.6469859518148479e-06 -0.040632409917285242 0.047176035948240651 0.009278465663006644 0.00016887360813276934 -0.047037984775925148
leaf_weight=58.862001612782478 5448.4389774352312 125.26173118501902 81.440996080636978 1128.6157324910164 246.42023462057114 295.40050525218248
leaf_count=158 23909 1374 55 3787 700 1045
internal_value=-8.1326e-05 -0.000645496 7.7858e-05 -0.000493685 -0.00234104 -0.0257631
internal_weight=7384.44 7325.58 7200.32 7118.88 5990.26 541.821
internal_count=31028 30870 29496 29441 25654 1745
is_linear=0
shrinkage=0.05


Tree=66
num_leaves=7
num_cat=0
split_feature=29 4 12 4 8 37
split_gain=72.123 67.8459 73.9205 123.261 71.2471 68.4927
threshold=4.5000000000000009 2364.5000000000005 32.500000000000007 1075.0000000000002 3.5000000000000004 0.73385416666666681
decision_type=2 8 10 10 10 2
left_child=1 2 -1 4 -4 -3
right_child=-2 5 3 -5 -6 -7
leaf_value=-0.026015914482020397 0.04207993721657477 -0.0015820266504827055 0.011766082366356397 -0.028916768614003829 0.090462788593340657 0.011307899331260977
leaf_weight=492.70718134194613 94.969374649226665 5290.4880688488483 76.420138277113438 112.31107310950756 42.922528311610222 1274.6575071960688
leaf_count=3847 106 22157 401 635 222 3790
internal_value=-0.000101228 -0.000679241 -0.0151466 0.0080326 0.0425695 0.000927321
internal_weight=7384.48 7289.51 724.361 231.654 119.343 6565.15
internal_count=31158 31052 5105 1258 623 25947
is_linear=0
shrinkage=0.05


Tree=67
num_leaves=7
num_cat=0
split_feature=37 22 36 3 3 36
split_gain=85.8378 65.9386 59.0659 133.529 94.6796 92.776
threshold=0.25833333333333336 35.665644235385699 47.087083333333339 42235.500000000007 241178.00000000003 26.900138888888893
decision_type=2 8 10 10 10 10
left_child=-1 2 3 5 -4 -2
right_child=1 -3 4 -5 -6 -7
leaf_value=-0.012726444670363202 -0.0057264127140807045 0.040010243254271015 0.0067680865215919957 0.03140918920737909 -0.029600678400300395 -0.041885992373007712
leaf_weight=1039.5223821401596 1491.9845936596394 111.47597095370293 4206.8774179294705 214.46644746512175 182.00641505420208 196.73183107376099
leaf_count=6845 7501 315 14396 671 698 659
internal_value=0.000565138 0.00273108 0.00203936 -0.0053081 0.00522791 -0.0100501
internal_weight=7443.07 6403.54 6292.07 1903.18 4388.88 1688.72
internal_count=31085 24240 23925 8831 15094 8160
is_linear=0
shrinkage=0.05


Tree=68
num_leaves=7
num_cat=0
split_feature=16 8 4 37 37 23
split_gain=70.6551 112.639 128.138 77.1219 78.1643 60.3331
threshold=958.50000000000011 32.500000000000007 220095.00000000003 0.44949494949494956 0.76533166458072599 5.0353701788701182
decision_type=8 10 10 2 2 10
left_child=5 -2 3 -3 -5 -1
right_child=1 2 -4 4 -6 -7
leaf_value=-0.0024134241984122705 0.054208202426998822 -0.029450595087082324 -0.055158330137929992 0.032503890975213133 -0.014412838520306058 0.016765913792213143
leaf_weight=6152.5087997317314 141.98457256704569 83.468489289283752 71.661615714430809 367.97203554213047 113.29069996625185 434.31597846001387
leaf_count=27019 435 340 270 927 364 1764
internal_value=0.00055043 0.0147463 0.00558809 0.0137129 0.0214249 -0.00113704
internal_weight=7365.2 778.377 636.393 564.731 481.263 6586.82
internal_count=31119 2336 1901 1631 1291 28783
is_linear=0
shrinkage=0.05


Tree=69
num_leaves=7
num_cat=0
split_feature=37 36 36 12 3 36
split_gain=72.8167 94.1452 82.7128 173.908 174.544 114.827
threshold=0.72821969696969713 1.7748611111111112 240.49069444444447 92.500000000000014 5818.5000000000009 95.016944444444462
decision_type=2 8 8 10 10 10
left_child=1 -1 3 -3 -5 -6
right_child=-2 2 -4 4 5 -7
leaf_value=-0.036421708456706427 0.010228416301163357 0.042426225553625643 -0.0035887213768883474 0.047457566409457232 -0.030705764494167467 0.036304111940804372
leaf_weight=189.34863251447678 1468.2259079888463 315.640710093081 4828.0641059055924 123.17061500251293 355.38350865989923 73.302801445126534
leaf_count=777 4545 679 23580 365 1005 177
internal_value=0.0002866 -0.00220036 -0.00103173 0.0131383 -0.00384385 -0.018961
internal_weight=7353.14 5884.91 5695.56 867.498 551.857 428.686
internal_count=31128 26583 25806 2226 1547 1182
is_linear=0
shrinkage=0.05


Tree=70
num_leaves=7
num_cat=0
split_feature=37 35 19 36 12 36
split_gain=61.1572 69.223 89.2003 86.4395 77.7149 54.8888
threshold=0.25833333333333336 8988.4988888888893 1.5000000000000002 5397.7402777777779 21.500000000000004 3806.3420833333334
decision_type=2 10 10 10 10 10
left_child=-1 3 -3 5 -4 -2
right_child=1 2 4 -5 -6 -7
leaf_value=-0.01177522694482731 0.00051658122811205627 0.08161627036446123 -0.027629062830160464 -0.042845345201336309 0.056742581717011714 0.032403437780840504
leaf_weight=1037.8498244807124 5901.8258118629456 55.435764163732529 65.807277999818325 108.2428185120225 39.458620190620422 133.12202379852533
leaf_count=6842 22126 305 509 531 199 542
internal_value=-0.000558865 0.00129562 0.0331855 0.000435096 0.00513629 0.0012462
internal_weight=7341.74 6303.89 160.702 6143.19 105.266 6034.95
internal_count=31054 24212 1013 23199 708 22668
is_linear=0
shrinkage=0.05


Tree=71
num_leaves=7
num_cat=0
split_feature=15 23 22 36 18 18
split_gain=68.0425 65.5178 63.3396 85.205 103.033 73.0214
threshold=114.50000000000001 12.99467867376177 1.2258100535913703 44.12916666666667 29.500000000000004 51.500000000000007
decision_type=8 8 10 8 10 10
left_child=-1 2 5 -4 -5 -2
right_child=1 -3 3 4 -6 -7
leaf_value=-0.0033622571505652074 0.021007748735994383 0.0466138752941333 -0.03734455606488616 -0.012982776870014652 0.026170833351047369 -0.013304577273695046
leaf_weight=5484.5114100426435 766.97057808935642 97.003894679248333 156.00433439016342 405.73350439220667 279.43468793481588 190.35527853667736
leaf_count=25307 2311 205 424 1414 797 540
internal_value=-0.000539649 0.00761474 0.00538788 -0.00461041 0.0030593 0.0141514
internal_weight=7380.01 1895.5 1798.5 841.173 685.168 957.326
internal_count=30998 5691 5486 2635 2211 2851
is_linear=0
shrinkage=0.05


Tree=72
num_leaves=7
num_cat=0
split_feature=28 12 34 34 32 24
split_gain=61.065 63.1104 66.7329 57.0482 55.4619 61.6529
threshold=2.5000000000000004 5565.5000000000009 37.387361111111119 1381.0704166666669 1.5000000000000002 16.500000000000004
decision_type=2 8 10 10 2 10
left_child=1 4 -3 -4 5 -1
right_child=-2 2 3 -5 -6 -7
leaf_value=-0.013729196079392065 0.028644630987393623 0.050450655652215438 0.018026465933811225 -0.042681345027659884 -0.018999364760212099 0.00071186856700892641
leaf_weight=846.00879483669996 168.09068241715431 112.06141428649426 146.09213019907475 47.038002699613571 463.82249844819307 5616.6564218103886
leaf_count=6092 157 96 618 221 316 23668
internal_value=-0.000705298 -0.00140682 0.0206596 0.00253674 -0.0023933 -0.00118772
internal_weight=7399.77 7231.68 305.192 193.13 6926.49 6462.67
internal_count=31168 31011 935 839 30076 29760
is_linear=0
shrinkage=0.05


Tree=73
num_leaves=7
num_cat=0
split_feature=35 27 24 23 25 35
split_gain=63.5911 59.1894 53.6084 83.4336 60.3291 116.007
threshold=15925.140833333337 2.5000000000000004 872.50000000000011 0.54311328032006434 0.83678226305924908 10665.063472222224
decision_type=10 2 10 10 10 8
left_child=1 2 4 -4 -1 -6
right_child=-2 -3 3 -5 5 -7
leaf_value=0.00070722273002498705 -0.034961778846995362 0.045267690130329302 0.04223897569703098 0.0036843602000207806 -0.025046355959942382 0.054405389581207809
leaf_weight=5912.0133846104145 118.47316492721438 70.492897525429726 183.26082317531109 555.53740268945694 456.08109190315008 46.315441764891148
leaf_count=25102 1375 51 540 1739 1991 244
internal_value=0.000618713 0.00122603 0.0007607 0.0134676 -0.000712202 -0.0172578
internal_weight=7342.17 7223.7 7153.21 738.798 6414.41 502.397
internal_count=31042 29667 29616 2279 27337 2235
is_linear=0
shrinkage=0.05


Tree=74
num_leaves=7
num_cat=0
split_feature=21 35 28 21 23 3
split_gain=83.5927 68.6779 66.3161 52.9241 101.329 70.1789
threshold=0.06277844413982181 15925.140833333337 4.5000000000000009 0.6002056202878685 1.1977845800728264 7095.0000000000009
decision_type=10 10 2 10 10 10
left_child=-1 2 3 -2 5 -5
right_child=1 -3 -4 4 -6 -7
leaf_value=0.058295159335773533 0.0035880998174123535 -0.037395012019979863 0.052776048243940922 -0.013755095538092864 -0.017852233640379297 0.012646177015952949
leaf_weight=58.446687467396259 5064.7402884066105 111.70979359000921 56.95767343044281 366.15522515028715 952.52428262680769 778.32949600368738
leaf_count=157 20116 1350 52 2335 4193 2957
internal_value=0.00114984 0.000654789 0.00126909 0.000822916 -0.00584826 0.00417652
internal_weight=7388.86 7330.42 7218.71 7161.75 2097.01 1144.48
internal_count=31160 31003 29653 29601 9485 5292
is_linear=0
shrinkage=0.05


Tree=75
num_leaves=7
num_cat=0
split_feature=21 15 4 36 36 33
split_gain=70.4348 60.0047 65.8874 54.1548 63.4897 82.1217
threshold=0.06277844413982181 1.0000000180025095e-35 141674.50000000003 1.7748611111111112 20.552777777777781 1.5000000000000002
decision_type=10 10 10 8 8 2
left_child=-1 2 -2 -3 -5 -6
right_child=1 3 -4 4 5 -7
leaf_value=0.055370312461607396 -0.022643712700920717 -0.024686169002888909 0.035307996323487703 0.02258242590671183 0.0021837637833807696 -0.014035838373678106
leaf_weight=50.509576536715031 494.48682142421603 208.02987437695265 49.915570430457592 316.93392580002546 5334.2749181389809 908.99242880940437
leaf_count=153 3954 812 197 781 23751 1492
internal_value=-0.000740413 -0.00116555 -0.0170572 0.000124346 0.000929311 -0.000187081
internal_weight=7363.14 7312.63 544.402 6768.23 6560.2 6243.27
internal_count=31140 30987 4151 26836 26024 25243
is_linear=0
shrinkage=0.05


Tree=76
num_leaves=7
num_cat=0
split_feature=15 12 30 4 32 37
split_gain=58.0113 61.0786 88.2496 88.1878 95.8227 69.99
threshold=1.0000000180025095e-35 74.500000000000014 4.5000000000000009 202207.00000000003 1.5000000000000002 0.60208333333333341
decision_type=8 10 2 8 2 2
left_child=-1 2 3 4 -2 -5
right_child=1 -3 -4 5 -6 -7
leaf_value=-0.016710522412296699 0.0030951202940522823 -0.0044209520716044365 0.038187286359112504 0.0118300708146731 -0.036376583600736555 0.073441486480687768
leaf_weight=531.94641494378448 2876.9483878016472 3359.0769477263093 185.00331771746278 125.36027990281582 157.42677641659975 70.200159192085266
leaf_count=4168 13737 12035 291 408 96 183
internal_value=-0.000890846 0.000362843 0.00506797 0.00311488 0.000990811 0.0352262
internal_weight=7305.96 6774.02 3414.94 3229.94 3034.38 195.56
internal_count=30918 26750 14715 14424 13833 591
is_linear=0
shrinkage=0.05


Tree=77
num_leaves=7
num_cat=0
split_feature=23 24 21 15 17 24
split_gain=64.5407 61.5714 61.1076 84.7651 60.3626 66.4246
threshold=5.0353701788701182 224.50000000000003 0.3330653804930333 140.50000000000003 49.500000000000007 92.500000000000014
decision_type=8 10 10 10 10 10
left_child=4 2 -2 -4 5 -1
right_child=1 -3 3 -5 -6 -7
leaf_value=-0.0059992439180581733 0.061823544430916505 -0.02059752023328424 -0.0018435826329066029 0.047945874831631576 -0.052725713203235561 0.0041413307000634529
leaf_weight=2708.2466513179243 85.168555408716202 85.369250327348709 244.24725111573935 126.22084794193506 49.650765717029572 3984.241994343698
leaf_count=15193 279 311 1180 281 71 13719
internal_value=0.000947702 0.0174818 0.0247625 0.0155326 -0.000391004 3.63333e-05
internal_weight=7283.15 541.006 455.637 370.468 6742.14 6692.49
internal_count=31034 2051 1740 1461 28983 28912
is_linear=0
shrinkage=0.05


Tree=78
num_leaves=7
num_cat=0
split_feature=16 19 6 23 24 12
split_gain=66.5037 104.442 71.3808 60.0557 58.7222 89.7459
threshold=973.50000000000011 13.500000000000002 114.50000000000001 5.0353701788701182 77.500000000000014 21.500000000000004
decision_type=8 10 10 10 10 10
left_child=2 -2 3 4 5 -1
right_child=1 -3 -4 -5 -6 -7
leaf_value=-0.020855817136052977 0.05154994918941283 0.0040043591083745297 -0.044969764210511548 0.015733064834031692 0.00044546594299431938 -0.00070497147888252433
leaf_weight=997.74582711979747 137.66968187689781 612.01708026230335 93.164941221475601 439.57257027179003 3837.1329917311668 1231.5117226913571
leaf_count=7303 409 1820 237 1766 13672 5944
internal_value=-0.0010427 0.0130191 -0.00264883 -0.00200873 -0.0033062 -0.00975035
internal_weight=7348.81 749.687 6599.13 6505.96 6066.39 2229.26
internal_count=31151 2229 28922 28685 26919 13247
is_linear=0
shrinkage=0.05


Tree=79
num_leaves=7
num_cat=0
split_feature=0 16 21 31 35 19
split_gain=63.7075 105.678 89.8139 99.7454 86.3626 122.288
threshold=25.500000000000004 41.500000000000007 0.65022275531185758 1.5000000000000002 922.99527777777791 2.5000000000000004
decision_type=8 10 10 2 10 10
left_child=2 -2 3 4 5 -1
right_child=1 -3 -4 -5 -6 -7
leaf_value=0.038207361084075048 0.031324216657157636 0.0015395994141669631 -0.023060750931248375 -0.04696812083063976 -0.0060661840965911366 -0.0021300603029121806
leaf_weight=313.99543934315443 316.56863551586866 4040.5994791090488 593.56353252753615 109.336281940341 1507.8073812872171 455.96994489431381
leaf_count=1269 1387 13924 4119 38 8253 2090
internal_value=-0.00011479 0.00373702 -0.00574221 -0.0013967 0.00088888 0.0144601
internal_weight=7337.84 4357.17 2980.67 2387.11 2277.77 769.965
internal_count=31080 15311 15769 11650 11612 3359
is_linear=0
shrinkage=0.05


Tree=80
num_leaves=7
num_cat=0
split_feature=21 14 16 35 12 30
split_gain=68.8128 62.535 64.9331 61.9157 61.3572 116.937
threshold=0.06277844413982181 1.0000000180025095e-35 41.500000000000007 1065.152638888889 46.500000000000007 3.5000000000000004
decision_type=10 10 10 8 10 2
left_child=-1 -2 3 -3 5 -4
right_child=1 2 4 -5 -6 -7
leaf_value=0.052721357789152982 -0.010124424222012787 0.053635674467621852 0.0025733830103143018 0.0102092578698466 -0.0044858684278201401 0.040563997517797164
leaf_weight=56.640980862081051 1324.6528050042689 94.182505130767822 2002.5626350790262 499.36247938871384 3052.6142065748572 220.45895747840405
leaf_count=154 8314 208 8350 2801 11003 349
internal_value=0.000117484 -0.000333025 0.00188359 0.0174906 0.000112806 0.00642352
internal_weight=7250.47 7193.83 5869.18 593.545 5275.64 2223.02
internal_count=31179 31025 22711 3009 19702 8699
is_linear=0
shrinkage=0.05


Tree=81
num_leaves=7
num_cat=0
split_feature=21 21 10 29 8 2
split_gain=61.671 54.3471 89.5862 71.8488 72.1751 69.1667
threshold=0.06277844413982181 0.6002056202878685 151.50000000000003 2.5000000000000004 202.50000000000003 19200.500000000004
decision_type=10 10 10 2 10 10
left_child=-1 2 3 4 -2 -6
right_child=1 -3 -4 -5 5 -7
leaf_value=0.050139439704430827 0.0021765636219186592 -0.0072548352631704761 0.028185837476330879 0.036801701162037355 -0.0097857336218022881 -0.061407551780261777
leaf_weight=55.653844371438026 3977.863589849323 2098.5428818389773 308.56597802042961 128.26756651327014 629.76569350063801 67.812304228544235
leaf_count=160 17622 10039 848 172 2056 182
internal_value=-6.75285e-05 -0.000489505 0.00229198 0.000601108 -0.000430284 -0.0152052
internal_weight=7266.47 7210.82 5112.28 4803.71 4675.44 697.578
internal_count=31079 30919 20880 20032 19860 2238
is_linear=0
shrinkage=0.05


Tree=82
num_leaves=7
num_cat=0
split_feature=14 1 38 3 40 19
split_gain=55.7452 74.5022 99.7069 55.2617 56.2526 55.4468
threshold=29.500000000000004 2010.5000000000002 1.0000000180025095e-35 15775.000000000002 13.500000000000002 23.500000000000004
decision_type=8 10 2 10 2 10
left_child=-1 2 -2 4 -3 -5
right_child=1 3 -4 5 -6 -7
leaf_value=-0.0022987583018699563 0.0049756425851225144 -0.047551955982599065 0.036356777388065073 0.019833982733148924 -0.00026649200644655917 -0.0038114277283346335
leaf_weight=4874.8688294626772 679.07410559803247 110.97828078269958 400.36755790188909 363.75066106766462 137.54703909158707 752.95116935670376
leaf_count=23168 3224 37 373 1246 555 2460
internal_value=0.000791294 0.00694523 0.0167289 -0.000823268 -0.0219031 0.00394483
internal_weight=7319.54 2444.67 1079.44 1365.23 248.525 1116.7
internal_count=31063 7895 3597 4298 592 3706
is_linear=0
shrinkage=0.05


Tree=83
num_leaves=7
num_cat=0
split_feature=27 21 25 10 20 40
split_gain=50.8633 49.7373 94.479 79.7175 79.5034 87.4355
threshold=2.5000000000000004 0.6002056202878685 0.53194581890153392 30.500000000000004 0.0042441032121259591 14.500000000000002
decision_type=2 10 10 8 10 2
left_child=1 2 3 -1 5 -4
right_child=-2 -3 4 -5 -6 -7
leaf_value=0.010225141897130353 0.04280750312274606 -0.0063818084946410504 0.082060516158878133 0.04846012897815228 -0.0023828337354453982 0.011132140759543359
leaf_weight=836.33938843756914 65.432566948235035 2094.3388304039836 49.676742672920227 159.01215124875307 3919.3194069154561 222.34404402971268
leaf_count=3858 53 9985 16 449 15525 1178
internal_value=0.000521659 0.000112532 0.00273851 0.016545 -0.00055605 0.0253325
internal_weight=7346.46 7281.03 5186.69 995.352 4191.34 272.021
internal_count=31064 31011 21026 4307 16719 1194
is_linear=0
shrinkage=0.05


Tree=84
num_leaves=7
num_cat=0
split_feature=38 27 36 20 38 3
split_gain=61.6462 53.946 57.0757 60.5383 90.3176 51.5115
threshold=3.5000000000000004 2.5000000000000004 1.7748611111111112 0.0075963662742770484 1.0000000180025095e-35 606.50000000000011
decision_type=2 2 8 10 2 10
left_child=1 2 -1 4 -4 -5
right_child=-2 -3 3 5 -6 -7
leaf_value=-0.026729261961462403 0.02992067576169535 0.050824407327168843 0.0049979787179609061 -0.013993547557601136 0.055908577366259843 0.00055428803343181656
leaf_weight=196.43339748680592 169.96127707511187 46.576115738600492 355.74096261709929 676.67110999673605 110.87627096474171 5664.3403128273785
leaf_count=832 120 44 2056 4648 87 23271
internal_value=0.000602998 -0.000124431 -0.000499248 0.000276678 0.0175597 -0.00100796
internal_weight=7220.6 7050.64 7004.06 6807.63 466.617 6341.01
internal_count=31058 30938 30894 30062 2143 27919
is_linear=0
shrinkage=0.05


Tree=85
num_leaves=7
num_cat=0
split_feature=15 23 8 8 34 4
split_gain=67.0064 57.8561 53.8961 101.467 61.8653 65.3899
threshold=116.50000000000001 12.99467867376177 14.500000000000002 1.0000000180025095e-35 7091.7755555555568 146716.50000000003
decision_type=8 8 10 10 8 10
left_child=2 -2 3 -1 -4 -6
right_child=1 -3 4 -5 5 -7
leaf_value=-0.0083841795372274572 0.0063722056146002931 0.046492642259764475 -0.0048680390407341359 0.010923861607799186 -0.035595737581249613 0.043263855036342676
leaf_weight=1221.9540359452367 1755.0178073942661 89.938328396528959 2340.815280623734 1522.9715612493455 281.17360753193498 24.734130464494228
leaf_count=7134 5377 193 8683 7036 2450 128
internal_value=0.000236661 0.00844838 -0.00257851 0.00232892 -0.00766282 -0.0286263
internal_weight=7236.6 1844.96 5391.65 2744.93 2646.72 305.908
internal_count=31001 5570 25431 14170 11261 2578
is_linear=0
shrinkage=0.05


Tree=86
num_leaves=7
num_cat=0
split_feature=36 36 12 36 19 35
split_gain=59.863 121.965 129.382 76.3626 90.3575 72.3765
threshold=9504.3365277777793 7084.3868055555567 55.500000000000007 5397.7402777777779 13.500000000000002 9248.7726388888896
decision_type=10 10 10 10 10 10
left_child=1 3 -3 -1 5 -5
right_child=-2 2 -4 4 -6 -7
leaf_value=0.0013893497017750645 -0.033888061509453081 0.11920421243593765 -0.0048436569468889856 -0.024949375041099061 -0.05290467896070894 0.050286444859032643
leaf_weight=6797.0785374008119 119.58407337591052 39.661820493638515 39.000467851758003 75.161406256258488 138.27739428728819 48.233182560652494
leaf_count=27531 1150 220 231 488 1113 420
internal_value=0.000473175 0.0010722 0.0610879 0.000360623 -0.0258862 0.00527227
internal_weight=7257 7137.41 78.6623 7058.75 261.672 123.395
internal_count=31153 30003 451 29552 2021 908
is_linear=0
shrinkage=0.05


Tree=87
num_leaves=7
num_cat=0
split_feature=23 34 4 20 31 25
split_gain=50.8926 71.0976 76.1609 61.5079 54.0746 52.3108
threshold=5.0353701788701182 10765.585138888891 144121.00000000003 0.0042441032121259591 1.5000000000000002 0.48809496813986714
decision_type=8 8 10 10 2 10
left_child=1 3 -3 -1 -5 -2
right_child=5 2 -4 4 -6 -7
leaf_value=0.022006101375812298 0.023382841952098003 -0.027423433475807807 0.059398027552870471 3.3964082446091853e-05 -0.019373058180594913 -0.013143581448484574
leaf_weight=294.51119855418801 402.02008330449462 373.43552160635591 22.424253463745117 5580.4117386490107 378.60752248764038 125.50079944729805
leaf_count=1210 1478 3638 128 23864 130 543
internal_value=-0.000222488 -0.00141259 -0.0218257 -0.000103998 -0.00121427 0.0146511
internal_weight=7176.91 6649.39 395.86 6253.53 5959.02 527.521
internal_count=30991 28970 3766 25204 23994 2021
is_linear=0
shrinkage=0.05


Tree=88
num_leaves=7
num_cat=0
split_feature=37 37 24 23 40 37
split_gain=69.7029 68.4546 77.7159 62.1368 59.4023 54.9986
threshold=0.72821969696969713 0.82785560344827591 31.500000000000004 0.41922942928637869 10.500000000000002 0.81530214424951275
decision_type=2 2 10 8 2 2
left_child=3 4 -3 -1 -2 -6
right_child=1 2 -4 -5 5 -7
leaf_value=-0.018181923729974195 -0.019568065129432016 -0.051951116626948103 0.0032522086567296441 -0.0006722374618402117 0.017291888046633449 0.05533824849242245
leaf_weight=556.01452004909515 89.072320938110352 68.049209371209145 497.58277177065611 5236.1138340681791 702.64420889317989 107.06682457029819
leaf_count=3009 29 462 1479 23453 2173 338
internal_value=9.8215e-05 0.00982485 -0.00378612 -0.00236731 0.0183642 0.0226314
internal_weight=7256.54 1464.42 565.632 5792.13 898.783 809.711
internal_count=30943 4481 1941 26462 2540 2511
is_linear=0
shrinkage=0.05


end of trees

feature_importances:
n_dying_ch=50
ev_h_since_prev=49
ev_gap_last=44
ev_relapse_rate=42
act_share_7d=33
n_rows_28d=30
n_alarm_28d=29
n_undef_28d=25
ev_h_since_inc=20
rate_28d=19
ev_open_ch=17
n_alarm_7d=16
n_bad_28d=14
rate_7d=13
n_rows_7d=12
ev_inc_168h=12
n_rows_3d=11
ev_inc_672h=11
n_ch_bad_28d=10
ev_inc_24h=8
ev_inc_72h=8
n_alarm_3d=7
dying_share=7
n_active_ch=6
hour=6
n_rows_1d=5
n_undef_7d=5
ev_fail_3h=5
act_share_1d=4
ev_fail_24h=4
ev_fail_168h=4
n_ch_bad_7d=3
n_undef_3d=2
n_bad_3d=1
n_undef_1d=1
n_ch_bad_1d=1

parameters:
[boosting: gbdt]
[objective: binary]
[metric: average_precision]
[tree_learner: serial]
[device_type: cpu]
[data_sample_strategy: bagging]
[data: ]
[valid: ]
[num_iterations: 2000]
[learning_rate: 0.05]
[num_leaves: 7]
[num_threads: 6]
[seed: 60]
[deterministic: 1]
[force_col_wise: 1]
[force_row_wise: 0]
[histogram_pool_size: -1]
[max_depth: -1]
[min_data_in_leaf: 200]
[min_sum_hessian_in_leaf: 0.001]
[bagging_fraction: 0.8]
[pos_bagging_fraction: 1]
[neg_bagging_fraction: 1]
[bagging_freq: 1]
[bagging_seed: 30031]
[bagging_by_query: 0]
[feature_fraction: 0.8]
[feature_fraction_bynode: 1]
[feature_fraction_seed: 4443]
[extra_trees: 0]
[extra_seed: 18025]
[early_stopping_round: 0]
[early_stopping_min_delta: 0]
[first_metric_only: 1]
[max_delta_step: 0]
[lambda_l1: 0]
[lambda_l2: 5]
[linear_lambda: 0]
[min_gain_to_split: 0]
[drop_rate: 0.1]
[max_drop: 50]
[skip_drop: 0.5]
[xgboost_dart_mode: 0]
[uniform_drop: 0]
[drop_seed: 11744]
[top_rate: 0.2]
[other_rate: 0.1]
[min_data_per_group: 100]
[max_cat_threshold: 32]
[cat_l2: 10]
[cat_smooth: 10]
[max_cat_to_onehot: 4]
[top_k: 20]
[monotone_constraints: ]
[monotone_constraints_method: basic]
[monotone_penalty: 0]
[feature_contri: ]
[forcedsplits_filename: ]
[refit_decay_rate: 0.9]
[cegb_tradeoff: 1]
[cegb_penalty_split: 0]
[cegb_penalty_feature_lazy: ]
[cegb_penalty_feature_coupled: ]
[path_smooth: 0]
[interaction_constraints: ]
[verbosity: -1]
[saved_feature_importance_type: 0]
[use_quantized_grad: 0]
[num_grad_quant_bins: 4]
[quant_train_renew_leaf: 0]
[stochastic_rounding: 1]
[linear_tree: 0]
[max_bin: 255]
[max_bin_by_feature: ]
[min_data_in_bin: 3]
[bin_construct_sample_cnt: 200000]
[data_random_seed: 234]
[is_enable_sparse: 1]
[enable_bundle: 1]
[use_missing: 1]
[zero_as_missing: 0]
[feature_pre_filter: 1]
[pre_partition: 0]
[two_round: 0]
[header: 0]
[label_column: ]
[weight_column: ]
[group_column: ]
[ignore_column: ]
[categorical_feature: ]
[forcedbins_filename: ]
[precise_float_parser: 0]
[parser_config_file: ]
[objective_seed: 5137]
[num_class: 1]
[is_unbalance: 0]
[scale_pos_weight: 1]
[sigmoid: 1]
[boost_from_average: 1]
[reg_sqrt: 0]
[alpha: 0.9]
[fair_c: 1]
[poisson_max_delta_step: 0.7]
[tweedie_variance_power: 1.5]
[lambdarank_truncation_level: 30]
[lambdarank_norm: 1]
[label_gain: ]
[lambdarank_position_bias_regularization: 0]
[eval_at: ]
[multi_error_top_k: 1]
[auc_mu_weights: ]
[num_machines: 1]
[local_listen_port: 12400]
[time_out: 120]
[machine_list_filename: ]
[machines: ]
[gpu_platform_id: -1]
[gpu_device_id: -1]
[gpu_use_dp: 0]
[num_gpu: 1]

end of parameters

pandas_categorical:[]
