tree
version=v4
num_class=1
num_tree_per_iteration=1
label_index=0
max_feature_idx=41
objective=binary sigmoid:1
feature_names=n_active_ch n_rows_1d n_rows_3d n_rows_7d n_rows_28d n_bad_1d n_bad_3d n_bad_7d n_bad_28d n_undef_1d n_undef_3d n_undef_7d n_undef_28d n_alarm_1d n_alarm_3d n_alarm_7d n_alarm_28d n_ch_bad_1d n_ch_bad_7d n_ch_bad_28d act_share_1d act_share_7d rate_7d rate_28d n_dying_ch dying_share ev_inc_6h ev_inc_24h ev_inc_72h ev_inc_168h ev_inc_672h ev_fail_3h ev_fail_24h ev_fail_168h ev_h_since_inc ev_h_since_prev ev_gap_last ev_relapse_rate ev_open_ch is_rearm hour dow
feature_infos=[0:1459] [0:200094] [0:575548] [0:1039472] [0:3446064] [0:32012] [0:32027] [0:32027] [0:32057] [0:37262] [0:71955] [0:122355] [0:165289] [0:32013] [0:32065] [0:32176] [0:33059] [0:383] [0:947] [0:1109] [0:1] [0.0054644808743169399:1] [0:52] [0:13] [0:1420] [0:1] [0:3] [0:7] [0:11] [0:18] [0:25] [0:191] [0:561] [0:1165] [1:22977.983611111111] [2.0238888888888891:28233.218888888889] [1.0238888888888888:21790.846388888887] [0.090909090909090912:0.96551724137931039] [0:195] [0:1] [0:23] [0:6]
tree_sizes=887 893 904 902 904 902 899 897 903 903 900 902 901 902 901 894 902 895 899 902 904 903 906 913 900 905 912 902 906 901 900 909 905 910 907 895 903 904 908 903 902 897 912 912 908 911 910 905 910 906 906 898 906 913 903 902 905 905 895 916 900 902 906 912 905 909 905 909 895 907 903 903 905 903 906 911 905 911 900 903 910 914 898 908

Tree=0
num_leaves=7
num_cat=0
split_feature=35 35 16 24 24 4
split_gain=4954.29 1234.26 542.658 470.367 462.175 234.677
threshold=2629.6495833333338 110.55194444444446 548.50000000000011 747.50000000000011 102.50000000000001 132140.00000000003
decision_type=8 10 10 10 8 10
left_child=1 -1 3 -3 -2 -4
right_child=4 2 5 -5 -6 -7
leaf_value=-0.45019226005483975 -0.58938012639068926 -0.54322419565465496 -0.47519959506333259 -0.48992091815957389 -0.5556413918112062 -0.5265128569233104
leaf_weight=820.86987733840942 3296.0295211076736 1889.0232787132263 804.6012065410614 525.01274621486664 1472.3132876157761 313.05540776252747
leaf_count=620 13524 6168 2398 1503 5803 1053
internal_value=-0.543797 -0.505249 -0.51816 -0.531545 -0.578986 -0.489433
internal_weight=9120.91 4352.56 3531.69 2414.04 4768.34 1117.66
internal_count=31069 11742 11122 7671 19327 3451
is_linear=0
shrinkage=1


Tree=1
num_leaves=7
num_cat=0
split_feature=30 24 34 29 16 16
split_gain=3620.44 1448.79 718.15 469.731 271.75 259.224
threshold=1.5000000000000002 706.50000000000011 1459.1844444444446 2.5000000000000004 295.50000000000006 590.50000000000011
decision_type=2 8 8 2 10 10
left_child=1 2 4 5 -1 -2
right_child=3 -3 -4 -5 -6 -7
leaf_value=-0.015627382856652886 0.025485372737394419 0.048781599636108314 -0.038318270742934708 0.099686157416960339 0.017780774184927104 0.067927223525316202
leaf_weight=1803.8168770223856 799.25051887333393 763.77473606169224 3662.7693340927362 539.9369575381279 912.63509453833103 664.48574312031269
leaf_count=6147 1688 2595 15909 382 3035 1345
internal_value=0.000579596 -0.0160872 -0.023886 0.0598881 -0.00439134 0.0449182
internal_weight=9146.67 7143 6379.22 2003.67 2716.45 1463.74
internal_count=31101 27686 25091 3415 9182 3033
is_linear=0
shrinkage=0.05


Tree=2
num_leaves=7
num_cat=0
split_feature=36 34 24 30 16 24
split_gain=3366.31 1487.03 462.694 451.221 285.706 278.337
threshold=2701.1322222222229 63.217361111111117 729.50000000000011 2.5000000000000004 582.50000000000011 101.50000000000001
decision_type=8 10 10 2 10 10
left_child=1 3 4 -1 -3 -2
right_child=5 2 -4 -5 -6 -7
leaf_value=0.035900822871698879 -0.047680481275420267 -0.011865373401268255 0.041411001684050555 0.083459802317469786 0.027028487154027461 -0.014429020967236828
leaf_weight=1111.8830127865076 2559.3173176646233 2396.245688393712 677.55396641790867 920.26743629574776 582.83018423616886 841.4496876001358
leaf_count=925 10670 10399 2849 615 2480 3146
internal_value=-0.000164927 0.0233556 0.00427726 0.0575901 -0.00422359 -0.0394864
internal_weight=9089.55 5688.78 3656.63 2032.15 2979.08 3400.77
internal_count=31084 17268 15728 1540 12879 13816
is_linear=0
shrinkage=0.05


Tree=3
num_leaves=7
num_cat=0
split_feature=35 30 24 37 12 38
split_gain=3746.3 758.632 412.632 366.378 218.14 215.047
threshold=2665.1501388888896 2.5000000000000004 102.50000000000001 0.45804195804195807 20.500000000000004 1.0000000180025095e-35
decision_type=8 2 8 2 10 2
left_child=1 3 4 -1 -2 -5
right_child=2 -3 -4 5 -6 -7
leaf_value=-0.0089709513608434242 -0.052833665824227827 0.067306076661229938 -0.009265396923728136 0.019262148581324474 -0.02614021553721653 0.050466665534683923
leaf_weight=797.99654863774776 1817.1796885877848 1172.5027691572905 1448.5753179937601 1630.9083379656076 1350.9487868696451 838.91880384087563
leaf_count=2491 7852 1662 5798 6930 5616 713
internal_value=0.000106505 0.0328773 -0.0314138 0.0204402 -0.0415102 0.0299418
internal_weight=9057.03 4440.33 4616.7 3267.82 3168.13 2469.83
internal_count=31062 11796 19266 10134 13468 7643
is_linear=0
shrinkage=0.05


Tree=4
num_leaves=7
num_cat=0
split_feature=35 30 37 38 4 37
split_gain=3491.39 770.81 330.714 263.847 234.917 228.509
threshold=2818.6045833333342 2.5000000000000004 0.39047619047619053 1.0000000180025095e-35 2535.5000000000005 0.55363984674329514
decision_type=8 2 2 2 8 2
left_child=1 2 -1 -4 -2 -6
right_child=4 -3 3 -5 5 -7
leaf_value=-0.015333429028355706 -0.051470085018378658 0.065979158931815426 0.015047287942149976 0.047083768532601718 -0.030058544048570626 0.0065635292362388083
leaf_weight=583.93739446997643 1084.2165552526712 1156.8423811793327 1925.2290695011616 965.80295345187187 2882.2842881977558 497.77943834662437
leaf_count=1771 4698 1620 8165 748 12179 1984
internal_value=0.000311073 0.0307066 0.0188862 0.0258125 -0.0312242 -0.0246635
internal_weight=9096.09 4631.81 3474.97 2891.03 4464.28 3380.06
internal_count=31165 12304 10684 8913 18861 14163
is_linear=0
shrinkage=0.05


Tree=5
num_leaves=7
num_cat=0
split_feature=35 35 29 37 23 2
split_gain=3001.75 618.155 515.06 337.351 172.314 167.697
threshold=1332.7075000000002 5436.9231944444455 2.5000000000000004 0.37797619047619052 5.0353701788701182 3923.0000000000005
decision_type=8 8 2 2 8 10
left_child=2 3 5 -2 -3 -1
right_child=1 4 -4 -5 -6 -7
leaf_value=0.044534536780742394 -0.030243839125378605 -0.041031539935756769 0.085978580628378418 0.0072427572119415449 -0.0057563452543423653 0.018349810592122057
leaf_weight=1163.4479082226753 859.21540081501007 2714.8390401005745 507.5187920331955 1959.9534541964531 398.73309549689293 1308.3683875054121
leaf_count=2959 3374 11968 374 7440 1604 3381
internal_value=-0.000631007 -0.0211913 0.0402776 -0.00421558 -0.0365306 0.0307396
internal_weight=8912.08 5932.74 2979.34 2819.17 3113.57 2471.82
internal_count=31100 24386 6714 10814 13572 6340
is_linear=0
shrinkage=0.05


Tree=6
num_leaves=7
num_cat=0
split_feature=35 35 37 0 16 21
split_gain=2769.13 722.574 325.645 246.561 245.987 224.78
threshold=2818.6045833333342 205.22361111111113 0.25833333333333336 23.500000000000004 717.50000000000011 0.46963109354413707
decision_type=8 10 2 8 10 10
left_child=1 -1 -3 -2 -4 -5
right_child=3 2 4 5 -6 -7
leaf_value=0.062251212962006988 -0.038732095539387779 -0.03834697423173121 0.012364348235659853 0.0065097104566862844 0.044320427009271433 -0.028876006014307454
leaf_weight=1087.0351032018661 2537.011250436306 253.6097034662962 2556.1288282573223 745.78341226279736 785.65707224607468 1116.0749050527811
leaf_count=1000 11201 834 8204 2981 2253 4749
internal_value=-0.000128727 0.0266185 0.0157738 -0.0285981 0.0199322 -0.0147225
internal_weight=9081.3 4682.43 3595.4 4398.87 3341.79 1861.86
internal_count=31222 12291 11291 18931 10457 7730
is_linear=0
shrinkage=0.05


Tree=7
num_leaves=7
num_cat=0
split_feature=36 30 37 4 34 33
split_gain=2128.5 824.246 313.525 285.48 265.939 202.571
threshold=2914.9948611111117 2.5000000000000004 0.25833333333333336 236708.50000000003 4789.980833333334 2.5000000000000004
decision_type=8 2 2 8 10 2
left_child=1 2 -1 -2 -4 -3
right_child=3 5 4 -5 -6 -7
leaf_value=-0.028904996190000861 -0.035208598017085743 0.030736330952390312 0.015799482559768842 0.076092372005609851 -0.03932941204062175 0.073158228742500137
leaf_weight=505.01670353114605 3139.7455654740334 506.11640928685665 3850.1009358763695 54.148956537246704 227.21512475609779 664.19147716462612
leaf_count=1957 13515 1053 12691 161 1047 588
internal_value=-0.000505043 0.0176636 0.00807303 -0.0332056 0.0126829 0.0550211
internal_weight=8946.54 5752.64 4582.33 3193.89 4077.32 1170.31
internal_count=31012 17336 15695 13676 13738 1641
is_linear=0
shrinkage=0.05


Tree=8
num_leaves=7
num_cat=0
split_feature=35 24 4 38 36 16
split_gain=2228.7 624.965 332.396 290.034 271.938 183.285
threshold=1244.207916666667 706.50000000000011 2364.5000000000005 1.0000000180025095e-35 4917.4005555555568 291.50000000000006
decision_type=8 8 10 2 10 10
left_child=3 2 -2 -1 5 -4
right_child=1 -3 4 -5 -6 -7
leaf_value=0.016993754624737716 -0.04757171284765966 0.035322447540659933 -0.017966142993863683 0.048565133903300604 -0.041523670565388228 0.0065878746878534483
leaf_weight=1278.0962106883526 1071.2835842818022 503.71617080271244 2447.6874206066132 1708.08853726089 869.3288564234972 1098.1340969800949
leaf_count=5283 4853 1772 10338 1057 3793 4157
internal_value=-0.000148522 -0.0177368 -0.022636 0.0351035 -0.0165387 -0.0103632
internal_weight=8976.33 5990.15 5486.43 2986.18 4415.15 3545.82
internal_count=31253 24913 23141 6340 18288 14495
is_linear=0
shrinkage=0.05


Tree=9
num_leaves=7
num_cat=0
split_feature=35 38 4 16 37 16
split_gain=2193.21 463.189 215.07 198.947 184.368 161.286
threshold=2846.2472222222227 1.0000000180025095e-35 2364.5000000000005 396.50000000000006 0.56385869565217395 325.50000000000006
decision_type=8 2 8 10 2 10
left_child=1 5 -2 -3 -4 -1
right_child=2 3 4 -5 -6 -7
leaf_value=-0.0030022317312559843 -0.04712720603063076 0.024002671459761891 -0.024993873827928049 0.055360635876816368 0.0093443336085034662 0.021743222082031756
leaf_weight=1325.2893949300051 965.5497400611639 952.03556051850319 2807.8634307831526 1106.7784340083599 451.33595071732998 1301.6606909781694
leaf_count=5649 4510 636 12379 711 1827 5364
internal_value=-0.000318787 0.0232238 -0.026427 0.0409534 -0.0202317 0.00927722
internal_weight=8910.51 4685.76 4224.75 2058.81 3259.2 2626.95
internal_count=31076 12360 18716 1347 14206 11013
is_linear=0
shrinkage=0.05


Tree=10
num_leaves=7
num_cat=0
split_feature=36 28 29 19 36 37
split_gain=1664.4 608.033 211.739 199.607 351.389 168.548
threshold=3012.6204166666671 1.0000000180025095e-35 2.5000000000000004 62.500000000000007 4824.6498611111119 0.37797619047619052
decision_type=8 2 2 8 8 2
left_child=1 5 -3 -2 -5 -1
right_child=3 2 -4 4 -6 -7
leaf_value=-0.017314345990801353 -0.033581324064339134 0.027599216436251597 0.064483892719580702 0.12232660330105159 -0.024175369053963197 0.0087372359454162257
leaf_weight=784.57854527235031 2846.7135482728481 1573.2318489700556 520.22881093621254 52.983216255903244 135.13821788132191 2902.2087002247572
leaf_count=3559 12827 1307 319 134 584 12331
internal_value=-0.000329093 0.015411 0.0368969 -0.0302843 0.0191848 0.0031773
internal_weight=8815.08 5780.25 2093.46 3034.83 188.121 3686.79
internal_count=31061 17516 1626 13545 718 15890
is_linear=0
shrinkage=0.05


Tree=11
num_leaves=7
num_cat=0
split_feature=35 16 16 4 36 23
split_gain=1715.19 505.449 243.271 209.963 179.338 161.837
threshold=1332.7075000000002 291.50000000000006 706.50000000000011 2364.5000000000005 4824.6498611111119 0.55985639324761194
decision_type=8 10 10 10 10 10
left_child=2 3 5 -2 -3 -1
right_child=1 4 -4 -5 -6 -7
leaf_value=0.050657626020611392 -0.045486441791929982 0.014040171584175025 0.050052352140121652 -0.019047180264551988 -0.04248925083689873 0.013848927519220195
leaf_weight=355.73951643705368 983.18817438185215 1372.0752339959145 995.82106694579124 3203.0795050412416 151.35153058171272 1780.387281820178
leaf_count=788 4662 5085 1862 13909 692 4036
internal_value=-3.04708e-05 -0.0163373 0.0296764 -0.0253036 0.00830338 0.0200828
internal_weight=8841.64 5709.69 3131.95 4186.27 1523.43 2136.13
internal_count=31034 24348 6686 18571 5777 4824
is_linear=0
shrinkage=0.05


Tree=12
num_leaves=7
num_cat=0
split_feature=35 24 0 29 3 24
split_gain=1550.91 556.124 283.612 253.774 203.073 142.549
threshold=1187.8637500000002 706.50000000000011 31.500000000000004 2.5000000000000004 5462.5000000000009 14.500000000000002
decision_type=8 8 10 2 10 10
left_child=3 2 5 4 -1 -2
right_child=1 -3 -4 -5 -6 -7
leaf_value=0.041510982515162227 -0.045331110759219868 0.032550655351541856 -0.0054678076536515876 0.061138927854244796 0.011065536065251288 -0.022663922669797984
leaf_weight=857.48042412102222 987.21166975796223 538.33209401369095 1971.4238025993109 504.64870043098927 1515.6772186607122 2394.651213824749
leaf_count=1958 4759 1837 7878 375 3685 10604
internal_value=-0.000991012 -0.0156843 -0.0205607 0.029065 0.0221304 -0.0293379
internal_weight=8769.43 5891.62 5353.29 2877.81 2373.16 3381.86
internal_count=31096 25078 23241 6018 5643 15363
is_linear=0
shrinkage=0.05


Tree=13
num_leaves=7
num_cat=0
split_feature=35 29 24 16 12 2
split_gain=1538.69 367.235 302.803 249.309 243.856 140.829
threshold=2602.2509722222226 2.5000000000000004 108.50000000000001 366.50000000000006 21.500000000000004 3761.5000000000005
decision_type=8 2 10 10 10 10
left_child=1 3 4 -1 -2 -5
right_child=2 -3 -4 5 -6 -7
leaf_value=0.0030998338088597827 -0.042592931200362658 0.05999644854705765 -0.0013539768671549011 0.044820149138333772 -0.013563195640662119 0.017199828149421545
leaf_weight=2007.8090240061283 1678.6418106555939 520.83808627724648 1329.6482110470533 768.3808027356863 1279.9900964945555 1171.9803615659475
leaf_count=6115 8204 376 5585 1917 5861 3234
internal_value=0.000199468 0.0207185 -0.0211835 0.0154677 -0.0300779 0.0282245
internal_weight=8757.29 4469.01 4288.28 3948.17 2958.63 1940.36
internal_count=31292 11642 19650 11266 14065 5151
is_linear=0
shrinkage=0.05


Tree=14
num_leaves=7
num_cat=0
split_feature=35 24 16 16 28 24
split_gain=1343.28 462.903 246.935 230.488 178.043 121.61
threshold=1244.207916666667 706.50000000000011 291.50000000000006 675.50000000000011 2.5000000000000004 186.50000000000003
decision_type=8 8 10 10 2 10
left_child=3 2 5 4 -1 -2
right_child=1 -3 -4 -5 -6 -7
leaf_value=0.011813066985260646 -0.028493464293004707 0.031266154701517293 0.00055500912870108893 0.046029368310682904 0.061720393866185143 -0.0036682149963915378
leaf_weight=1791.0460398197174 3387.4189464747906 502.63530647754669 1255.9954552352428 1028.791641458869 194.15112571418285 579.13348542153835
leaf_count=4309 15862 1708 4894 1992 89 2332
internal_value=-0.000130321 -0.0143508 -0.0187669 0.0268611 0.0168368 -0.0248781
internal_weight=8739.17 5725.18 5222.55 3013.99 1985.2 3966.55
internal_count=31186 24796 23088 6390 4398 18194
is_linear=0
shrinkage=0.05


Tree=15
num_leaves=7
num_cat=0
split_feature=35 16 28 21 3 37
split_gain=1287.35 422.666 269.738 197.575 179.43 147.752
threshold=1332.7075000000002 288.50000000000006 2.5000000000000004 0.6002056202878685 6569.0000000000009 0.27922077922077926
decision_type=8 8 2 8 10 2
left_child=2 3 4 -2 -1 -3
right_child=1 5 -4 -5 -6 -7
leaf_value=0.03677449405851272 -0.014780660669893447 -0.0314670268458263 0.068197891085687856 -0.038687087991335085 0.010911504450921081 0.014456751257714201
leaf_weight=1097.5190496444702 2726.7189046740532 196.74710097908974 335.92462827265263 1268.6474483311176 1728.5359736531973 1333.1128136366606
leaf_count=2504 12378 905 166 6170 4076 4940
internal_value=0.00069677 -0.0138609 0.0261165 -0.0224105 0.0210028 0.00846747
internal_weight=8687.21 5525.23 3161.98 3995.37 2826.06 1529.86
internal_count=31139 24393 6746 18548 6580 5845
is_linear=0
shrinkage=0.05


Tree=16
num_leaves=7
num_cat=0
split_feature=35 16 24 28 12 4
split_gain=1133.54 308.464 245.243 202.831 200.799 142.887
threshold=2665.1501388888896 558.50000000000011 108.50000000000001 2.5000000000000004 21.500000000000004 41151.000000000007
decision_type=8 10 8 2 10 10
left_child=1 3 4 -1 -2 -3
right_child=2 5 -4 -5 -6 -7
leaf_value=0.0040040359515749182 -0.03925026029782927 0.051574239457358263 -0.0011900063512680894 0.059113493272634314 -0.012146901345445419 0.021434499875594877
leaf_weight=2778.0242909044027 1584.3576256930828 694.54095736145973 1288.0934300124645 172.71924620866776 1209.7878465652466 927.79504750669003
leaf_count=8067 8126 1371 5424 76 5720 2375
internal_value=-0.000110409 0.0169768 -0.0192495 0.00732436 -0.0275579 0.0344565
internal_weight=8655.32 4573.08 4082.24 2950.74 2794.15 1622.34
internal_count=31159 11889 19270 8143 13846 3746
is_linear=0
shrinkage=0.05


Tree=17
num_leaves=7
num_cat=0
split_feature=34 30 36 37 33 3
split_gain=939.972 390.763 282.539 250.066 124.4 117.516
threshold=1340.0883333333336 2.5000000000000004 3513.7331944444445 0.45804195804195807 2.5000000000000004 29997.500000000004
decision_type=8 2 8 2 2 10
left_child=1 3 -2 -1 5 -3
right_child=2 4 -4 -5 -6 -7
leaf_value=-0.012551084894776224 -0.0044345741829969346 0.033182125583336546 -0.033296241230249359 0.014738007411162466 0.054513034481275646 -0.024943404709840914
leaf_weight=1193.7469093203545 1589.3291156738997 412.12907458841801 1817.163712695241 2799.4263560473919 630.16569831967354 105.90923227369785
leaf_count=4128 7436 827 9669 8187 585 258
internal_value=0.000496242 0.0139876 -0.0198568 0.00657452 0.0396284 0.0211739
internal_weight=8547.87 5141.38 3406.49 3993.17 1148.2 518.038
internal_count=31090 13985 17105 12315 1670 1085
is_linear=0
shrinkage=0.05


Tree=18
num_leaves=7
num_cat=0
split_feature=38 36 24 8 37 2
split_gain=928.685 475.327 198.258 196.263 145.625 165.92
threshold=1.0000000180025095e-35 3513.7331944444445 837.50000000000011 1.5000000000000002 0.45804195804195807 3337.5000000000005
decision_type=2 8 10 8 2 10
left_child=1 2 -1 -2 -5 -6
right_child=3 -3 -4 4 5 -7
leaf_value=-0.0042016106261518662 -0.0076136298042602767 -0.028471451305326925 0.0271020019178781 0.0030416917247292909 0.05918246908518885 0.026421481792620934
leaf_weight=3425.1905105113983 342.95641583204269 2202.2759686559439 588.28710229694843 332.86582459509373 641.31427918374538 1002.0721444785595
leaf_count=15266 333 11745 2379 196 512 628
internal_value=0.000241205 -0.0098344 0.00041482 0.0272081 0.033255 0.0393468
internal_weight=8534.96 6215.75 4013.48 2319.21 1976.25 1643.39
internal_count=31059 29390 17645 1669 1336 1140
is_linear=0
shrinkage=0.05


Tree=19
num_leaves=7
num_cat=0
split_feature=35 21 16 37 37 12
split_gain=778.122 264.546 260.509 236.853 155.054 152.349
threshold=2440.2983333333336 0.46963109354413707 558.50000000000011 0.39047619047619053 0.86939571150097483 22.500000000000004
decision_type=8 10 10 2 2 10
left_child=2 3 4 -2 -1 -3
right_child=1 5 -4 -5 -6 -7
leaf_value=0.0080132918465241534 -0.020919999087832462 -0.041058842581185265 0.03121112159841833 0.01356114252683485 -0.05354945227412046 -0.014249612627699674
leaf_weight=2708.1846419423819 920.26467840373516 1063.6561482846737 1552.1684020459652 1073.6969127207994 101.3320996761322 1067.3222000151873
leaf_count=7186 4494 5590 3597 4733 321 5061
internal_value=8.9777e-05 -0.015469 0.0148049 -0.00236531 0.00570169 -0.027696
internal_weight=8486.63 4124.94 4361.69 1993.96 2809.52 2130.98
internal_count=30982 19878 11104 9227 7507 10651
is_linear=0
shrinkage=0.05


Tree=20
num_leaves=7
num_cat=0
split_feature=35 35 14 24 16 4
split_gain=778.11 272.733 225.495 150.954 148.734 134.813
threshold=2846.2472222222227 110.55194444444446 1.0000000180025095e-35 872.50000000000011 717.50000000000011 113834.50000000001
decision_type=8 10 8 10 10 10
left_child=1 -1 -2 4 -3 -6
right_child=2 3 -4 -5 5 -7
leaf_value=0.039514353919139725 -0.033509186930798844 -0.0019368392517296396 -0.0078491055682625432 0.030659553546037461 0.042462042775020574 -0.0021144988660604723
leaf_weight=842.222641274333 1294.5392990410328 2506.3663336634636 2522.4827743768692 617.94106633961201 407.19984382390976 287.42964123189449
leaf_count=606 6856 7948 11942 1875 1080 825
internal_value=0.000142866 0.0138437 -0.0165841 0.00813808 0.00374935 0.0241335
internal_weight=8478.18 4661.16 3817.02 3818.94 3201 694.629
internal_count=31132 12334 18798 11728 9853 1905
is_linear=0
shrinkage=0.05


Tree=21
num_leaves=7
num_cat=0
split_feature=35 15 35 4 12 20
split_gain=710.775 298.366 154.953 147.571 145.492 133.64
threshold=1244.207916666667 64.500000000000014 228.41652777777782 2364.5000000000005 32.500000000000007 0.66678090015992697
decision_type=8 8 10 10 10 10
left_child=2 3 -1 4 -2 -5
right_child=1 -3 -4 5 -6 -7
leaf_value=0.034776609955271591 -0.04803166638253048 0.0081603039795310525 0.010881815716972471 -0.010164689341556416 0.00034748426376165597 -0.05084207628101009
leaf_weight=1059.8381221443415 645.39305956661701 1490.7580325603485 1890.4171412736177 2929.0400693416595 204.10007140040398 212.42582353949547
leaf_count=1112 3599 5832 5245 13086 1020 1173
internal_value=-0.000258613 -0.0109061 0.01951 -0.0180294 -0.036474 -0.0129917
internal_weight=8431.97 5481.72 2950.26 3990.96 849.493 3141.47
internal_count=31067 24710 6357 18878 4619 14259
is_linear=0
shrinkage=0.05


Tree=22
num_leaves=7
num_cat=0
split_feature=35 34 24 24 23 11
split_gain=727.534 243.871 190.843 120.449 118.279 99.6923
threshold=2892.4106944444452 14.850416666666669 102.50000000000001 837.50000000000011 6.731659433247148 8.5000000000000018
decision_type=8 10 10 10 10 10
left_child=1 -1 4 -3 5 -2
right_child=2 3 -4 -5 -6 -7
leaf_value=0.02731735403259955 -0.034349875059723874 -0.0012038678295897165 -0.00047814083507264238 0.025307711782733291 0.011059817644089696 -0.010921718065363416
leaf_weight=1859.5756405442953 1616.9169313013554 2228.1025010347366 1258.450640141964 525.29405738413334 212.34102961421013 639.20450326800346
leaf_count=862 8910 9399 5462 2113 1043 3202
internal_value=8.61153e-05 0.0133538 -0.0163318 0.00389073 -0.0243969 -0.027751
internal_weight=8339.89 4612.97 3726.91 2753.4 2468.46 2256.12
internal_count=30991 12374 18617 11512 13155 12112
is_linear=0
shrinkage=0.05


Tree=23
num_leaves=7
num_cat=0
split_feature=35 16 14 36 22 24
split_gain=620.248 211.839 170.342 136.171 126.501 161.852
threshold=2818.6045833333342 958.50000000000011 1.0000000180025095e-35 5118.1291666666675 6.1578001033898904 135.50000000000003
decision_type=8 10 8 10 10 10
left_child=1 4 -2 -4 5 -1
right_child=2 -3 3 -5 -6 -7
leaf_value=-0.0070041393986840939 -0.030905509772094233 0.035721611933573497 -0.0022296511404914089 -0.031141162821423624 0.050738881473367518 0.014064912880765591
leaf_weight=1596.6971492320299 1236.9421470016241 757.61063821613789 1974.7000197172165 508.39245755970478 152.68258628249168 2111.9090149700642
leaf_count=4710 6821 1633 9317 2589 235 5709
internal_value=-0.00059763 0.0116348 -0.0157809 -0.00819973 0.00686867 0.00499666
internal_weight=8338.93 4618.9 3720.03 2483.09 3861.29 3708.61
internal_count=31014 12287 18727 11906 10654 10419
is_linear=0
shrinkage=0.05


Tree=24
num_leaves=7
num_cat=0
split_feature=36 28 24 16 24 24
split_gain=628.19 266.767 187.127 181.7 165.45 152.574
threshold=3474.7206944444447 2.5000000000000004 197.50000000000003 958.50000000000011 872.50000000000011 1098.5000000000002
decision_type=8 2 8 10 10 10
left_child=1 3 -2 4 -1 -6
right_child=2 -3 -4 -5 5 -7
leaf_value=-0.00091451589266937122 -0.026443095178837112 0.055866229666210278 0.023408778571660176 0.028909112365587575 0.053136011132214847 0.004914547209518119
leaf_weight=4274.0371456593275 2116.8130100518465 279.22162839770317 202.74232599139214 759.21433845162392 284.85836854577065 380.5221474468708
leaf_count=14803 11441 152 811 1958 805 1098
internal_value=1.32704e-05 0.00858361 -0.0220448 0.00621991 0.00270676 0.0258011
internal_weight=8297.41 5977.85 2319.56 5698.63 4939.42 665.381
internal_count=31068 18816 12252 18664 16706 1903
is_linear=0
shrinkage=0.05


Tree=25
num_leaves=7
num_cat=0
split_feature=35 4 37 23 12 12
split_gain=548.737 251.759 183.422 153.341 145.489 124.791
threshold=1187.8637500000002 2364.5000000000005 0.37797619047619052 12.99467867376177 32.500000000000007 90.500000000000014
decision_type=8 8 2 10 10 10
left_child=3 4 -3 5 -2 -1
right_child=1 2 -4 -5 -6 -7
leaf_value=0.027301339143314965 -0.046288244262185883 -0.017620897659264802 0.0029761840289804957 0.068632701190545473 0.00073350575745424621 0.0052207951838764005
leaf_weight=1157.7049639225006 638.77193684875965 1738.0706439465284 2842.153958901763 136.86256983876228 220.75915737450123 1429.7157715559006
leaf_count=2370 3714 8719 11480 120 1124 3527
internal_value=-0.000355503 -0.00952739 -0.00485054 0.0179425 -0.0342769 0.015134
internal_weight=8164.04 5439.76 4580.22 2724.28 859.531 2587.42
internal_count=31054 25037 20199 6017 4838 5897
is_linear=0
shrinkage=0.05


Tree=26
num_leaves=7
num_cat=0
split_feature=35 14 24 23 21 38
split_gain=472.489 212.184 158.691 121.386 104.278 158.991
threshold=1244.207916666667 1.0000000180025095e-35 706.50000000000011 12.99467867376177 0.57933578253010642 1.0000000180025095e-35
decision_type=8 10 10 10 10 2
left_child=3 -2 -3 4 5 -1
right_child=1 2 -4 -5 -6 -7
leaf_value=0.0047888897213143435 -0.025392851020542052 -0.0068836835203225748 0.02357907279233247 0.065358187749538485 -0.00093242607818677474 0.033545997627388871
leaf_weight=902.06225007772446 1459.0893458873034 3371.1742095351219 484.56796154379845 114.4372424185276 840.17398639023304 1028.5485972315073
leaf_count=3669 7834 15374 1645 116 1856 700
internal_value=-0.000346248 -0.0091872 -0.00302972 0.0159273 0.0137717 0.0201566
internal_weight=8200.05 5314.83 3855.74 2885.22 2770.78 1930.61
internal_count=31194 24853 17019 6341 6225 4369
is_linear=0
shrinkage=0.05


Tree=27
num_leaves=7
num_cat=0
split_feature=34 24 36 37 35 24
split_gain=491.199 256.146 201.818 163.652 107.732 107.411
threshold=106.64805555555557 19.500000000000004 4917.4005555555568 0.37797619047619052 205.22361111111113 831.50000000000011
decision_type=8 10 10 2 10 10
left_child=3 -2 5 -1 -5 -3
right_child=1 2 -4 4 -6 -7
leaf_value=-0.0110039719741184 -0.028928643471237976 -0.0018368077589100374 -0.029519760928485246 0.037246124013557584 0.014083634263274334 0.021139428560817398
leaf_weight=376.53938420116901 1134.05229601264 3464.5807699859142 595.64374566078186 931.74057599902153 1103.511927947402 591.08154042065144
leaf_count=403 6672 16165 3450 801 1160 2389
internal_value=0.000225448 -0.00767728 -0.00247041 0.019159 0.0247527 0.00153371
internal_weight=8197.15 5785.36 4651.31 2411.79 2035.25 4055.66
internal_count=31040 28676 22004 2364 1961 18554
is_linear=0
shrinkage=0.05


Tree=28
num_leaves=7
num_cat=0
split_feature=27 36 37 23 24 36
split_gain=412.759 264.913 124.665 118.771 113.127 108.426
threshold=1.0000000180025095e-35 3513.7331944444445 0.7386128364389235 5.0353701788701182 68.500000000000014 237.7490277777778
decision_type=2 8 2 10 10 10
left_child=1 -1 5 4 -3 -2
right_child=2 3 -4 -5 -6 -7
leaf_value=0.00092184347663145912 0.028613696859148569 -0.035359562010069033 0.040006552362857925 0.0085400720963299138 -0.0083545037342593487 0.00091156791711241342
leaf_weight=4061.7535904198885 584.4316580593586 1136.8106602877378 544.4404065310955 285.15525449812412 593.05899056792259 882.27746456861496
leaf_count=18123 301 7187 283 1577 3178 470
internal_value=6.33016e-05 -0.0064362 0.0196691 -0.0212336 -0.0261521 0.0120096
internal_weight=8087.93 6076.78 2011.15 2015.02 1729.87 1466.71
internal_count=31119 30065 1054 11942 10365 771
is_linear=0
shrinkage=0.05


Tree=29
num_leaves=7
num_cat=0
split_feature=35 4 28 36 3 36
split_gain=447.904 215.468 148.294 147.974 140.091 220.296
threshold=1332.7075000000002 2364.5000000000005 2.5000000000000004 5118.1291666666675 13606.500000000002 2346.9779166666672
decision_type=8 8 2 10 8 10
left_child=2 -2 -1 4 -3 -6
right_child=1 3 -4 -5 5 -7
leaf_value=0.012497993205651429 -0.03206554677665284 -0.008656252147235281 0.050033578227791586 -0.025766483282169197 0.0026973909253896373 0.051279935020204274
leaf_weight=2739.7386175096035 789.02649793028831 2015.6511690765619 287.16322341561317 641.58829264342785 1372.9511563181877 276.27424894273281
leaf_count=6522 4753 9151 171 3491 5871 1007
internal_value=0.000916632 -0.00813096 0.0161356 -0.00371358 0.000176936 0.0109662
internal_weight=8122.39 5095.49 3026.9 4306.46 3664.88 1649.23
internal_count=30966 24273 6693 19520 16029 6878
is_linear=0
shrinkage=0.05


Tree=30
num_leaves=7
num_cat=0
split_feature=37 34 34 30 8 24
split_gain=401.26 265.674 144.445 126.144 125.574 112.38
threshold=0.25833333333333336 106.64805555555557 6445.748611111112 2.5000000000000004 6.5000000000000009 27.500000000000004
decision_type=2 8 8 2 10 10
left_child=5 3 -3 -2 -4 -1
right_child=1 2 4 -5 -6 -7
leaf_value=-0.047012951963882978 0.010806043258555761 0.0026314418576104293 0.0059455936070332283 0.035606807509375622 -0.035794260705665902 -0.014976385271830893
leaf_weight=388.53963129222393 1463.1838801205158 3814.5108972340822 278.1073225736618 790.20181323587894 500.27042889595032 926.66346235573292
leaf_count=2381 1500 17388 1722 714 2991 4514
internal_value=0.000658023 0.00552133 -0.00138144 0.0195626 -0.0209382 -0.0245829
internal_weight=8161.48 6846.27 4592.89 2253.39 778.378 1315.2
internal_count=31210 24315 22101 2214 4713 6895
is_linear=0
shrinkage=0.05


Tree=31
num_leaves=7
num_cat=0
split_feature=38 24 15 36 20 19
split_gain=406.856 199.542 157.804 150.999 124.27 96.185
threshold=1.0000000180025095e-35 17.500000000000004 151.50000000000003 4917.4005555555568 0.12010928961748635 19.500000000000004
decision_type=2 10 8 10 10 10
left_child=1 -1 4 -3 -2 -5
right_child=2 3 -4 5 -6 -7
leaf_value=-0.026478074308906637 0.025224391239025742 0.0011650003502828553 0.038244919536333945 -0.010786453462547387 -0.0035142120179286265 -0.053434423809910925
leaf_weight=1011.3606458455324 687.26982875168324 4257.5186045616865 705.46160608530045 377.62368409335613 821.46740800142288 201.31846170127392
leaf_count=6229 474 19600 536 2286 640 1233
internal_value=0.000574209 -0.00633833 0.0188037 -0.00210387 0.00961706 -0.0259472
internal_weight=8062.02 5847.82 2214.2 4836.46 1508.74 578.942
internal_count=30998 29348 1650 23119 1114 3519
is_linear=0
shrinkage=0.05


Tree=32
num_leaves=7
num_cat=0
split_feature=37 15 21 8 24 0
split_gain=347.885 253.959 124.933 113.169 194.029 114.223
threshold=0.25833333333333336 113.50000000000001 0.6002056202878685 14.500000000000002 729.50000000000011 63.500000000000007
decision_type=2 8 10 10 10 10
left_child=-1 2 3 5 -5 -2
right_child=1 -3 -4 4 -6 -7
leaf_value=-0.023323370663067181 0.008214944966407154 0.019986935060302479 -0.014580757295475999 -0.016930550819884291 0.017707783328778627 0.049248916850643656
leaf_weight=1297.0813868045807 1488.6132110059261 1969.0653214901686 1292.3270191550255 1180.7909770905972 608.69184747338295 186.94566659629345
leaf_count=6828 6149 5325 5637 4898 1747 580
internal_value=0.000334392 0.00491034 -0.00134427 0.00360632 -0.00513183 0.0129261
internal_weight=8023.52 6726.43 4757.37 3465.04 1789.48 1675.56
internal_count=31164 24336 19011 13374 6645 6729
is_linear=0
shrinkage=0.05


Tree=33
num_leaves=7
num_cat=0
split_feature=35 4 37 12 15 16
split_gain=332.006 263.562 193.133 109.96 104.662 106.003
threshold=205.22361111111113 2183.5000000000005 0.25833333333333336 45.500000000000007 1.0000000180025095e-35 44.500000000000007
decision_type=8 8 2 10 8 10
left_child=3 -2 -3 -1 -4 -6
right_child=1 2 4 -5 5 -7
leaf_value=0.046932062207045419 -0.030912822145485352 -0.019770854613230058 -0.022801856483266748 0.012188366136395375 0.024919828973875249 0.0027388142687161041
leaf_weight=418.66188164055347 784.78863894939423 1052.6238745301962 344.4643217176199 502.93481071293354 611.03615540266037 4301.6309892237186
leaf_count=402 4682 5635 1756 623 2436 15661
internal_value=-9.02111e-06 -0.00368285 -0.000274276 0.0281398 0.00364456 0.00552021
internal_weight=8016.14 7094.54 6309.76 921.597 5257.13 4912.67
internal_count=31195 30170 25488 1025 19853 18097
is_linear=0
shrinkage=0.05


Tree=34
num_leaves=7
num_cat=0
split_feature=35 16 16 4 21 11
split_gain=270.617 184.669 137.015 122.359 102.08 100.569
threshold=1187.8637500000002 285.50000000000006 686.50000000000011 41151.000000000007 0.6002056202878685 9.5000000000000018
decision_type=8 10 10 10 10 10
left_child=2 4 -1 -4 -2 -6
right_child=1 -3 3 -5 5 -7
leaf_value=0.0048181103804235742 -0.0076207842017201339 0.0070976085252814486 0.049316534348015972 0.011989728002054018 -0.040036869701141481 -0.0091168031087810082
leaf_weight=1856.6157682389021 2544.6582085117698 1647.1218405067921 393.41276572644711 498.80556383728981 579.37445356696844 484.97716246545315
leaf_count=4160 12549 6300 747 1113 3765 2437
internal_value=-0.00011355 -0.00676049 0.0125855 0.0286316 -0.0130863 -0.0260565
internal_weight=8004.97 5256.13 2748.83 892.218 3609.01 1064.35
internal_count=31071 25051 6020 1860 18751 6202
is_linear=0
shrinkage=0.05


Tree=35
num_leaves=7
num_cat=0
split_feature=37 35 9 12 36 34
split_gain=268.35 170.371 137.562 125.027 121.422 116.509
threshold=0.25833333333333336 228.41652777777782 1279.0000000000002 105.50000000000001 20.552777777777781 6445.748611111112
decision_type=2 8 8 10 10 8
left_child=-1 3 5 -2 -5 -3
right_child=1 2 -4 4 -6 -7
leaf_value=-0.021259104889575258 0.041866615369463525 0.0024673296460438771 0.065838807259114826 0.03934883736030851 -0.01281385797399868 -0.018607917575410565
leaf_weight=1262.8382426872849 462.73118065297604 4970.5275749340653 74.687650933861732 166.67417892813683 314.06030081212521 750.32410684227943
leaf_count=6864 462 18301 172 214 378 4726
internal_value=-0.000154393 0.0038133 0.000597841 0.023458 0.00549021 -0.000310651
internal_weight=8001.84 6739 5795.54 943.466 480.734 5720.85
internal_count=31117 24253 23199 1054 592 23027
is_linear=0
shrinkage=0.05


Tree=36
num_leaves=7
num_cat=0
split_feature=16 21 23 35 8 37
split_gain=262.441 156.342 122.714 103.75 158.362 102.255
threshold=288.50000000000006 0.6002056202878685 12.99467867376177 1187.8637500000002 11.500000000000002 0.69732205778717427
decision_type=8 10 8 10 8 2
left_child=1 3 5 4 -1 -2
right_child=2 -3 -4 -5 -6 -7
leaf_value=0.025760942640976586 0.0016117576166621893 -0.022836410072027514 0.059706484008640717 -0.0092887817161795248 -0.010718514239673398 0.019942897563076267
leaf_weight=652.09102766215801 2139.8440913110971 1318.6311321109533 114.69551506638527 2029.4848272949457 539.7227363884449 1176.2725270837545
leaf_count=2153 7047 6797 182 9931 2123 2944
internal_value=-0.000485803 -0.00836893 0.00994279 -0.00242049 0.00926516 0.0081343
internal_weight=7970.74 4539.93 3430.81 3221.3 1191.81 3316.12
internal_count=31177 21004 10173 14207 4276 9991
is_linear=0
shrinkage=0.05


Tree=37
num_leaves=7
num_cat=0
split_feature=34 37 23 22 24 19
split_gain=236.14 197.824 125.453 123.66 148.835 104.963
threshold=5507.9051388888902 0.37797619047619052 5.0353701788701182 24.457002346748819 93.500000000000014 4.5000000000000009
decision_type=8 2 10 8 10 10
left_child=1 2 -1 4 -3 -2
right_child=5 3 -4 -5 -6 -7
leaf_value=-0.013895724755353726 -0.0050861642114008697 -0.005324292215763444 0.044902211470265296 0.058045190749755372 0.01329853687196832 -0.035602205208683561
leaf_weight=1708.7422352284193 534.75233459472656 1586.2845304906368 90.976865336298943 117.96710021793842 3295.4673309624195 595.25856384634972
leaf_count=8021 3579 5603 298 115 9572 3829
internal_value=-0.000134016 0.00338786 -0.0108073 0.00850329 0.00724795 -0.0212472
internal_weight=7929.45 6799.44 1799.72 4999.72 4881.75 1130.01
internal_count=31017 23609 8319 15290 15175 7408
is_linear=0
shrinkage=0.05


Tree=38
num_leaves=7
num_cat=0
split_feature=37 28 21 0 24 11
split_gain=205.211 134.601 123.532 141.138 118.995 115.151
threshold=0.25833333333333336 2.5000000000000004 0.6002056202878685 28.500000000000004 26.500000000000004 213.00000000000003
decision_type=2 2 10 10 10 8
left_child=4 2 5 -4 -1 -2
right_child=1 -3 3 -5 -6 -7
leaf_value=-0.044207318539334961 0.0037169222041416069 0.041269147795576125 -0.026684430341569827 0.0016848675989967138 -0.0093528431542734755 0.03117795004772056
leaf_weight=337.02044934779406 4118.1822102218866 218.80292092263699 698.84987521916628 1161.1004164963961 876.16739635914564 416.01157189905643
leaf_count=2354 15218 156 3772 3977 4452 1134
internal_value=-0.000318007 0.00315368 0.00181817 -0.00901746 -0.019177 0.00626803
internal_weight=7826.13 6612.95 6394.14 1859.95 1213.19 4534.19
internal_count=31063 24257 24101 7749 6806 16352
is_linear=0
shrinkage=0.05


Tree=39
num_leaves=7
num_cat=0
split_feature=35 0 2 35 36 36
split_gain=207.471 169.131 136.686 100.23 91.564 169.909
threshold=1286.2555555555557 23.500000000000004 3761.5000000000005 14711.324027777779 4824.6498611111119 3806.3420833333334
decision_type=8 8 10 10 10 10
left_child=2 3 -1 -2 5 -3
right_child=1 4 -4 -5 -6 -7
leaf_value=0.022216519772474914 -0.013219425309075956 0.0034202714809579864 0.00048745238709878226 -0.05327804299557283 -0.022172269716322607 0.081210782887846431
leaf_weight=1322.8009478449821 2194.291269659996 2222.3311880379915 1591.3762621879578 164.02197960019112 328.00709698349237 67.50926448404789
leaf_count=2962 11947 9234 3524 1265 1902 196
internal_value=-0.000212551 -0.00641526 0.0103719 -0.0161123 0.00233452 0.00588564
internal_weight=7890.34 4976.16 2914.18 2358.31 2617.85 2289.84
internal_count=31030 24544 6486 13212 11332 9430
is_linear=0
shrinkage=0.05


Tree=40
num_leaves=7
num_cat=0
split_feature=34 27 15 31 19 35
split_gain=184.972 117.632 107.855 100.89 100.58 139.337
threshold=5507.9051388888902 2.5000000000000004 99.500000000000014 1.5000000000000002 4.5000000000000009 14711.324027777779
decision_type=8 2 8 2 10 10
left_child=1 2 3 -1 5 -2
right_child=4 -3 -4 -5 -6 -7
leaf_value=-0.0008464274601597023 0.0090274860211545637 0.054877348434058074 0.010958025077485589 -0.032938055178932786 -0.033711885865930123 -0.055354154938134614
leaf_weight=4218.3730483800173 426.12127254158258 100.65335659682751 2124.5821672976017 255.02497088909149 581.78639145940542 99.41099239885807
leaf_count=17461 2799 50 5967 81 3869 799
internal_value=-0.000598496 0.00253512 0.00169568 -0.00271068 -0.0194812 -0.00355801
internal_weight=7805.95 6698.63 6597.98 4473.4 1107.32 525.532
internal_count=31026 23559 23509 17542 7467 3598
is_linear=0
shrinkage=0.05


Tree=41
num_leaves=7
num_cat=0
split_feature=28 37 34 19 4 20
split_gain=196.211 187.588 100.569 150.686 89.4449 88.4594
threshold=2.5000000000000004 0.25833333333333336 6301.748611111112 4.5000000000000009 132140.00000000003 0.60050505050505054
decision_type=2 2 8 10 10 10
left_child=1 -1 -3 5 -5 -4
right_child=-2 2 3 4 -6 -7
leaf_value=-0.019486148736617373 0.04502078514850634 0.0045263265326473028 0.027010784946539159 -0.041551021997717597 0.029699000883621592 -0.03465286196300605
leaf_weight=1167.7813270390034 232.83310343325138 5668.4901197403669 230.41132316738367 388.63754994422197 46.00942850112915 72.568420350551605
leaf_count=6815 162 19370 1403 2667 240 541
internal_value=0.000302631 -0.00110087 0.0022632 -0.0150418 -0.0337569 0.0119186
internal_weight=7806.73 7573.9 6406.12 737.627 434.647 302.98
internal_count=31198 31036 24221 4851 2907 1944
is_linear=0
shrinkage=0.05


Tree=42
num_leaves=7
num_cat=0
split_feature=38 4 12 1 24 16
split_gain=197.607 145.605 124.543 103.702 99.9854 126.97
threshold=1.0000000180025095e-35 2039.5000000000002 25.500000000000004 1233.5000000000002 12.500000000000002 36.500000000000007
decision_type=2 10 10 10 10 10
left_child=1 2 -1 -2 -3 -6
right_child=3 4 -4 -5 5 -7
leaf_value=-0.042280193514251906 0.024950373803026324 -0.023461103104367942 0.0038691352583715612 0.0029016207639077272 0.023995905920527732 -0.0023605376593697053
leaf_weight=428.98116508871317 1001.6941447257996 471.52760277688503 219.27361721545458 1137.2002759426832 509.92455444484949 4053.6878839358687
leaf_count=3179 876 3136 1289 784 2797 19178
internal_value=0.000325285 -0.00455059 -0.0267599 0.0132617 -0.00166751 0.000607492
internal_weight=7822.29 5683.39 648.255 2138.89 5035.14 4563.61
internal_count=31239 29579 4468 1660 25111 21975
is_linear=0
shrinkage=0.05


Tree=43
num_leaves=7
num_cat=0
split_feature=15 22 24 37 36 36
split_gain=197.085 143.718 133.842 107.821 91.2014 101.681
threshold=1.0000000180025095e-35 24.457002346748819 15.500000000000002 0.73385416666666681 1.7748611111111112 237.7490277777778
decision_type=10 10 10 2 8 8
left_child=-1 2 -2 4 -4 -6
right_child=1 -3 3 -5 5 -7
leaf_value=-0.025874606284589881 -0.020411959218898369 0.052995792116320273 -0.033529969952996605 0.016177102830932481 0.017779237046670032 -0.0016003717657097232
leaf_weight=663.61877816170454 628.25046129524708 133.25577192008495 186.54032856225967 1355.1857190728188 808.02053099870682 4037.2953675463796
leaf_count=4269 3390 367 753 3758 2035 16673
internal_value=8.54627e-05 0.00251181 0.0015158 0.00368696 0.000310386 0.00164643
internal_weight=7812.17 7148.55 7015.29 6387.04 5031.86 4845.32
internal_count=31245 26976 26609 23219 19461 18708
is_linear=0
shrinkage=0.05


Tree=44
num_leaves=7
num_cat=0
split_feature=37 29 24 21 36 23
split_gain=156.363 115.308 89.2327 81.64 86.5525 102.333
threshold=0.25833333333333336 2.5000000000000004 27.500000000000004 0.081574453837783556 40.326250000000009 5.0353701788701182
decision_type=2 2 10 10 10 10
left_child=2 3 -1 -2 5 -5
right_child=1 -3 -4 4 -6 -7
leaf_value=-0.039700833495848582 0.052983928841626532 0.029632369350385063 -0.0088264413653833442 -0.01527969337819389 0.0039021978758537732 0.014876826357899229
leaf_weight=320.25181831419468 69.003231808543205 361.85516180098057 849.8850826844573 1397.8654304519296 4381.1661565303802 347.61252371221781
leaf_count=2407 228 355 4439 6918 15116 1625
internal_value=-0.000613051 0.0023951 -0.0174093 0.000781704 0.000151035 -0.00924867
internal_weight=7727.64 6557.5 1170.14 6195.65 6126.64 1745.48
internal_count=31088 24242 6846 23887 23659 8543
is_linear=0
shrinkage=0.05


Tree=45
num_leaves=7
num_cat=0
split_feature=38 35 16 4 12 34
split_gain=137.566 121.294 120.112 98.3715 117.663 129.659
threshold=1.0000000180025095e-35 14711.324027777779 1163.5000000000002 2039.5000000000002 25.500000000000004 2365.6219444444446
decision_type=2 10 8 10 10 10
left_child=1 3 -2 4 -1 -6
right_child=2 -3 -4 -5 5 -7
leaf_value=-0.038634541828320275 0.0061451315771828153 -0.043045633082044496 0.041938681458311554 -0.00052534882504757456 -0.011042571587640595 0.087819082713806382
leaf_weight=375.80416553467512 1780.8087006956339 189.50639396160841 265.39756567776203 4854.4554231315851 165.31425069272518 36.240485243499279
leaf_count=2867 1311 1604 317 23827 937 235
internal_value=-0.00020627 -0.00424732 0.0108785 -0.00285537 -0.0222736 0.00842873
internal_weight=7667.53 5621.32 2046.21 5431.81 577.359 201.555
internal_count=31098 29470 1628 27866 4039 1172
is_linear=0
shrinkage=0.05


Tree=46
num_leaves=7
num_cat=0
split_feature=38 4 20 12 36 35
split_gain=162.249 118.717 115.932 103.051 94.3729 89.9745
threshold=1.0000000180025095e-35 2039.5000000000002 0.087001221801710535 25.500000000000004 694.51555555555569 15925.140833333337
decision_type=2 10 10 10 10 10
left_child=1 3 4 -1 -2 -3
right_child=2 5 -4 -5 -6 -7
leaf_value=-0.03975211374847825 0.039475142815016427 -0.00036512191732477993 0.0031920889306787121 0.002912320314869073 0.0034418808157997945 -0.042495334923257667
leaf_weight=395.14112907648087 524.63605418801308 4890.2714596763253 1369.8361324220896 217.9925914555788 278.17300416529179 125.1020382642746
leaf_count=3129 451 24077 1100 1291 128 1091
internal_value=0.000473675 -0.00400694 0.0120638 -0.0246824 0.0270882 -0.00145728
internal_weight=7801.15 5628.51 2172.65 613.134 802.809 5015.37
internal_count=31267 29588 1679 4420 579 25168
is_linear=0
shrinkage=0.05


Tree=47
num_leaves=7
num_cat=0
split_feature=37 21 16 23 4 29
split_gain=168.066 148.295 172.475 124.883 111.681 100.574
threshold=0.37797619047619052 0.48758930771125897 540.50000000000011 1.2222235172036422 174359.50000000003 2.5000000000000004
decision_type=2 10 10 10 10 2
left_child=-1 5 -3 -4 -5 -2
right_child=1 2 3 4 -6 -7
leaf_value=-0.011858126229637824 0.0094071386539565371 -0.01521059060142628 0.030940424312247885 0.0068910747727951365 -0.058798523305625676 0.050022173752240266
leaf_weight=2113.9684943929315 3182.4734578430653 1483.9902315661311 446.60552544891834 268.24215220659971 79.930597230792046 155.51043011248112
leaf_count=11268 10865 6755 1157 668 313 146
internal_value=0.000142285 0.00466539 -0.00516095 0.0135813 -0.00880833 0.0113713
internal_weight=7730.72 5616.75 2278.77 794.778 348.173 3337.98
internal_count=31172 19904 8893 2138 981 11011
is_linear=0
shrinkage=0.05


Tree=48
num_leaves=7
num_cat=0
split_feature=15 21 11 25 23 28
split_gain=152.392 83.7264 96.2362 85.6596 76.8198 73.1537
threshold=142.50000000000003 0.6002056202878685 174.50000000000003 0.20710681244743484 5.0353701788701182 2.5000000000000004
decision_type=8 10 10 10 8 2
left_child=1 5 3 -3 -2 -1
right_child=4 2 -4 -5 -6 -7
leaf_value=-0.0015964458880956167 0.0089072793700721211 0.00034031662202650042 0.0025957292246274848 -0.032030812142345752 0.042254111110836858 0.047612114222383789
leaf_weight=4368.4564090967178 1426.1537389680743 281.01110725104809 556.53947159647942 743.21548601984978 192.38458240777254 71.854170709848404
leaf_count=18421 4178 1576 2020 4377 408 49
internal_value=-0.000607723 -0.00427041 -0.0141326 -0.0231908 0.0129889 -0.000747484
internal_weight=7639.61 6021.08 1580.77 1024.23 1618.54 4440.31
internal_count=31029 26443 7973 5953 4586 18470
is_linear=0
shrinkage=0.05


Tree=49
num_leaves=7
num_cat=0
split_feature=35 21 3 21 36 36
split_gain=128.89 125.18 82.179 75.2045 74.5747 71.1941
threshold=15925.140833333337 0.06277844413982181 606.50000000000011 0.41688948306595369 1.7748611111111112 5.0402777777777787
decision_type=10 10 10 10 8 8
left_child=1 -1 3 -3 -4 -6
right_child=-2 2 4 -5 5 -7
leaf_value=0.072986646680395714 -0.045326416802852716 -0.0033509452303501345 -0.028523785399422907 -0.032630215568651831 0.037502159570069901 0.0018956036261542587
leaf_weight=53.789207182824612 152.96849250793457 606.28625217825174 192.07699632644653 339.7867848277092 138.71792487055063 6105.1460001915693
leaf_count=129 1408 3014 689 2501 303 23043
internal_value=-0.000634389 0.00031485 -0.000263718 -0.013983 0.00176228 0.00271604
internal_weight=7588.77 7435.8 7382.01 946.073 6435.94 6243.86
internal_count=31087 29679 29550 5515 24035 23346
is_linear=0
shrinkage=0.05


Tree=50
num_leaves=7
num_cat=0
split_feature=28 15 4 16 14 0
split_gain=174.139 127.321 82.672 97.3288 116.619 93.3928
threshold=2.5000000000000004 1.0000000180025095e-35 2364.5000000000005 54.500000000000007 18.500000000000004 28.500000000000004
decision_type=2 8 8 10 10 8
left_child=1 -1 -3 5 -5 -4
right_child=-2 2 3 4 -6 -7
leaf_value=-0.021816210819653327 0.044718562490604352 -0.016204883758940466 0.0076347647790213601 -0.0078035650731604128 0.007110650997422978 0.042554491152798121
leaf_weight=635.1056269556284 214.22583301365376 596.08539805561304 628.61316342651844 2311.8525526970625 3013.2851197570562 272.22908522933722
leaf_count=4269 167 3655 2862 9513 9702 1045
internal_value=0.000796644 -0.00049424 0.00150527 0.00321251 0.000634554 0.0183639
internal_weight=7671.4 7457.17 6822.07 6225.98 5325.14 900.842
internal_count=31213 31046 26777 23122 19215 3907
is_linear=0
shrinkage=0.05


Tree=51
num_leaves=7
num_cat=0
split_feature=22 4 12 4 8 36
split_gain=124.174 112.827 86.1493 102.041 89.5101 88.4047
threshold=35.665644235385699 2364.5000000000005 23.500000000000004 1075.0000000000002 1.5000000000000002 133.43680555555559
decision_type=8 10 10 10 10 8
left_child=1 2 5 4 -4 -1
right_child=-2 -3 3 -5 -6 -7
leaf_value=0.038391545692877609 0.049853612311320378 0.0014974468254238171 -0.0011712512409003683 -0.028947909379588882 0.073398526485981996 -0.039043133501145501
leaf_weight=36.43248525261879 119.20051077753305 6777.1762637123466 101.35843994468451 139.58373024314642 61.573339641094208 417.06817232072353
leaf_count=146 305 25813 526 759 296 3272
internal_value=0.000265887 -0.000551305 -0.0188062 0.00187443 0.0283556 -0.0324715
internal_weight=7652.39 7533.19 756.016 302.516 162.932 453.501
internal_count=31117 30812 4999 1581 822 3418
is_linear=0
shrinkage=0.05


Tree=52
num_leaves=7
num_cat=0
split_feature=36 23 24 24 37 36
split_gain=130.269 106.613 140.376 104.733 97.4757 112.764
threshold=5118.1291666666675 5.0353701788701182 28.500000000000004 237.50000000000003 0.57359307359307377 5.0402777777777787
decision_type=10 8 10 10 2 10
left_child=1 2 -1 -3 -4 -6
right_child=-2 3 4 -5 5 -7
leaf_value=-0.014892886214136484 -0.022051994207677741 0.032380399072978315 -0.0024993760485155173 -0.026976575226146111 0.05988328423144447 0.0087908605242330365
leaf_weight=1220.3562615886331 598.76875494420528 467.23663885891438 2779.5466434508562 84.258342072367668 108.46965661644936 2339.8879093378782
leaf_count=7123 4029 1720 10829 306 261 6767
internal_value=0.000232631 0.00215327 0.000340882 0.0231508 0.00390775 0.0111718
internal_weight=7598.52 6999.76 6448.26 551.495 5227.9 2448.36
internal_count=31035 27006 24980 2026 17857 7028
is_linear=0
shrinkage=0.05


Tree=53
num_leaves=7
num_cat=0
split_feature=37 23 34 21 23 29
split_gain=114.131 100.376 101.55 80.3502 118.262 83.6593
threshold=0.25833333333333336 5.0353701788701182 1.0000000180025095e-35 0.6002056202878685 1.2306355165679366 2.5000000000000004
decision_type=2 8 10 10 10 2
left_child=-1 2 -2 5 -5 -4
right_child=1 -3 3 4 -6 -7
leaf_value=-0.015323290657161601 -0.026224385689331067 0.022844170846691696 0.0040117403902118426 0.0024951354180328266 -0.026150638381538763 0.042110455323055178
leaf_weight=1116.5832204669714 340.18122730404139 523.10025461763144 3901.3817380145192 986.49596405774355 561.91407849639654 144.7175350934267
leaf_count=6897 2640 1918 13706 3770 2049 145
internal_value=-0.000600272 0.00195529 9.64106e-05 0.00171887 -0.00795105 0.00542472
internal_weight=7574.37 6457.79 5934.69 5594.51 1548.41 4046.1
internal_count=31125 24228 22310 19670 5819 13851
is_linear=0
shrinkage=0.05


Tree=54
num_leaves=7
num_cat=0
split_feature=27 14 22 35 16 8
split_gain=111.72 104.141 89.6585 87.0832 76.0062 80.5131
threshold=2.5000000000000004 18.500000000000004 24.457002346748819 14711.324027777779 325.50000000000006 180.50000000000003
decision_type=2 8 8 10 10 10
left_child=1 3 4 -1 -3 -6
right_child=-2 2 -4 -5 5 -7
leaf_value=-0.0038231563132668693 0.057674231703495907 -0.0060109198274467188 0.05623225253526392 -0.043663027798189605 0.0201678176071689 0.00066177801192029778
leaf_weight=4189.7878854349256 79.680557906627655 998.78551010787487 84.088846750557423 136.88866317272186 1084.9001186043024 1028.653574757278
leaf_count=19351 49 4040 181 1369 3204 2920
internal_value=0.000564187 -7.85948e-05 0.00675978 -0.00513257 0.00533509 0.0106983
internal_weight=7602.79 7523.1 3196.43 4326.68 3112.34 2113.55
internal_count=31114 31065 10345 20720 10164 6124
is_linear=0
shrinkage=0.05


Tree=55
num_leaves=7
num_cat=0
split_feature=15 23 24 23 37 4
split_gain=135.458 92.2377 83.828 101.864 86.9645 81.2389
threshold=1.0000000180025095e-35 12.99467867376177 872.50000000000011 0.54311328032006434 0.93933823529411775 53731.500000000007
decision_type=8 8 10 10 2 10
left_child=-1 2 4 -4 -2 -5
right_child=1 -3 3 5 -6 -7
leaf_value=-0.022119244924680148 -0.0010242047636152705 0.035086847067392013 0.0485330032604308 -0.0064854898645113832 0.06041357884577158 0.033685876050110704
leaf_weight=598.6665161177516 5951.0847408697009 206.48216788470745 188.40312510728836 387.9420912116766 53.161170721054077 180.43660275638103
leaf_count=4243 23789 613 538 1181 98 549
internal_value=0.000603034 0.00256985 0.00155159 0.0171763 -0.000430424 0.00644979
internal_weight=7566.18 6967.51 6761.03 756.782 6004.25 568.379
internal_count=31011 26768 26155 2268 23887 1730
is_linear=0
shrinkage=0.05


Tree=56
num_leaves=7
num_cat=0
split_feature=36 36 8 36 23 36
split_gain=101.219 112.625 224.031 100.933 84.748 98.8028
threshold=5118.1291666666675 3806.3420833333334 1.5000000000000002 3513.7331944444445 5.0353701788701182 1.7748611111111112
decision_type=10 10 10 10 8 10
left_child=1 3 -3 4 5 -1
right_child=-2 2 -4 -5 -6 -7
leaf_value=-0.015881543746953036 -0.01931054160946194 -0.026760034635951481 0.079302220924736405 -0.037485299164259633 0.020943278168184799 0.0028291888307493749
leaf_weight=810.50837232917547 591.51191471517086 78.082617044448853 123.33235868811607 160.86971333622932 537.18255662173033 5227.8009366989136
leaf_count=5043 4063 495 424 1293 1956 17727
internal_value=0.000454619 0.00215248 0.0385328 0.00103695 0.00200716 0.000306628
internal_weight=7529.29 6937.78 201.415 6736.36 6575.49 6038.31
internal_count=31001 26938 919 26019 24726 22770
is_linear=0
shrinkage=0.05


Tree=57
num_leaves=7
num_cat=0
split_feature=15 29 4 0 15 4
split_gain=116.87 67.5871 63.1147 114.118 84.5845 73.3796
threshold=143.50000000000003 2.5000000000000004 202207.00000000003 32.500000000000007 1.0000000180025095e-35 174359.50000000003
decision_type=8 2 10 10 10 10
left_child=2 -2 4 -4 -1 -6
right_child=1 -3 3 -5 5 -7
leaf_value=-0.022248273209765294 0.0089644616177622614 0.042966371449222988 0.073214725905343045 0.0023350774768420754 -0.0011381717260477596 -0.046793673927023965
leaf_weight=566.4083615988493 1413.2606445327401 158.78122226893902 69.122499704360962 244.32015018165112 4964.1825227960944 84.605699494481087
leaf_count=4145 4328 225 210 870 21022 320
internal_value=0.000426138 0.0125241 -0.00278962 0.0188701 -0.00401438 -0.00194879
internal_weight=7500.68 1572.04 5928.64 313.443 5615.2 5048.79
internal_count=31120 4553 26567 1080 25487 21342
is_linear=0
shrinkage=0.05


Tree=58
num_leaves=7
num_cat=0
split_feature=38 21 36 11 19 18
split_gain=105.978 68.8963 81.3975 79.8519 85.6407 71.8616
threshold=1.0000000180025095e-35 0.6002056202878685 1198.2280555555558 30.500000000000004 9.5000000000000018 18.500000000000004
decision_type=2 10 10 8 10 10
left_child=-1 2 3 4 -2 -3
right_child=1 5 -4 -5 -6 -7
leaf_value=-0.0029898754037473692 0.035080947700470419 -0.0155106909865813 -0.0037416469374109322 0.048404531131051143 0.0013572619500200446 0.020357750026318081
leaf_weight=5466.6630362570286 323.65355058014393 408.23066814243793 358.36157347261906 247.08331160992384 441.67473042011261 206.01573342084885
leaf_count=29433 308 456 198 225 311 144
internal_value=0.000604137 0.0104845 0.016702 0.0239212 0.015754 -0.00341332
internal_weight=7451.68 1985.02 1370.77 1012.41 765.328 614.246
internal_count=31075 1642 1042 844 619 600
is_linear=0
shrinkage=0.05


Tree=59
num_leaves=7
num_cat=0
split_feature=27 37 33 20 8 16
split_gain=92.4511 81.0515 85.1356 78.8872 75.4724 93.5977
threshold=2.5000000000000004 0.37797619047619052 2.5000000000000004 0.28130024115755631 1.0000000180025095e-35 79.500000000000014
decision_type=2 2 2 10 10 10
left_child=1 2 4 -3 -1 -6
right_child=-2 3 -4 -5 5 -7
leaf_value=-0.020770546842696833 0.049067849006707312 0.0062072860151615641 -0.053064207887239694 -0.0073409154702793675 0.018521423036978395 -0.009975923301121398
leaf_weight=635.66332554072142 89.651533924043179 3925.7052497193217 100.43979143351316 1473.939903460443 447.44495718926191 788.41755020618439
leaf_count=4349 54 13914 195 5895 2676 3921
internal_value=-3.35601e-05 -0.000663572 -0.00932599 0.00250567 -0.00684354 0.00037462
internal_weight=7461.26 7371.61 1971.97 5399.65 1871.53 1235.86
internal_count=31004 30950 11141 19809 10946 6597
is_linear=0
shrinkage=0.05


Tree=60
num_leaves=7
num_cat=0
split_feature=27 37 36 37 36 24
split_gain=105.815 86.1699 96.2206 80.0734 106.384 75.9485
threshold=2.5000000000000004 0.73385416666666681 1.7748611111111112 0.76123407109322605 1414.2820833333335 28.500000000000004
decision_type=2 2 8 2 10 10
left_child=1 2 -1 -3 5 -5
right_child=-2 3 -4 4 -6 -7
leaf_value=-0.037998115995975502 0.055998875529529674 0.031696402976103016 -0.0025679074251058098 -0.046017363833495507 0.04970432020017921 0.0025040808388453011
leaf_weight=193.2248043268919 76.92534327507019 322.27646373212337 5804.4772853180766 83.769567422568798 106.21621577441692 877.4046315997839
leaf_count=795 49 840 26055 517 298 2632
internal_value=-0.000513644 -0.00113959 -0.00374004 0.0100569 0.00340603 -0.00194098
internal_weight=7464.29 7387.37 5997.7 1389.67 1067.39 961.174
internal_count=31186 31137 26850 4287 3447 3149
is_linear=0
shrinkage=0.05


Tree=61
num_leaves=7
num_cat=0
split_feature=35 21 29 36 23 0
split_gain=87.6475 74.192 99.3279 87.9246 64.2006 58.6353
threshold=15925.140833333337 0.6002056202878685 2.5000000000000004 1.7748611111111112 5.936436594464511 27.500000000000004
decision_type=10 10 2 8 8 10
left_child=1 2 3 -1 -5 -3
right_child=-2 5 -4 4 -6 -7
leaf_value=-0.033003077425372111 -0.040156399408977105 -0.018607533900378153 0.039921430602592033 0.0020485084473618751 0.028306763962266997 -0.0013617518872450574
leaf_weight=166.87066508829594 132.02362630516291 769.53947762399912 175.31781119853258 4539.0918827056885 240.44226800650358 1357.7182550504804
leaf_count=694 1408 4634 191 18352 951 4883
internal_value=-0.000539907 0.000208798 0.0034686 0.00213758 0.00339767 -0.00762945
internal_weight=7381 7248.98 5121.72 4946.4 4779.53 2127.26
internal_count=31113 29705 20188 19997 19303 9517
is_linear=0
shrinkage=0.05


Tree=62
num_leaves=7
num_cat=0
split_feature=40 35 24 4 8 25
split_gain=94.5458 92.991 64.6922 83.6724 82.1197 107.798
threshold=10.500000000000002 15925.140833333337 872.50000000000011 28825.500000000004 15.500000000000002 0.78109048429286143
decision_type=2 10 10 10 10 10
left_child=-1 2 4 -4 5 -2
right_child=1 -3 3 -5 -6 -7
leaf_value=0.01968796243083247 0.0089011542346702083 -0.04266896946297595 0.036866463320271235 0.0010468332538371087 -0.0072201169756014819 -0.016785739774581369
leaf_weight=593.07972776889801 2321.4507823288441 126.54724296927452 251.92834578454494 446.95559488236904 3301.790482789278 490.6338733881712
leaf_count=193 11483 1397 807 1432 13405 2443
internal_value=0.000612978 -0.0010303 -0.000226135 0.014129 -0.00187729 0.00439764
internal_weight=7532.39 6939.31 6812.76 698.884 6113.88 2812.08
internal_count=31160 30967 29570 2239 27331 13926
is_linear=0
shrinkage=0.05


Tree=63
num_leaves=7
num_cat=0
split_feature=21 15 4 27 37 37
split_gain=94.7599 89.0939 88.5189 59.3088 53.0398 45.4589
threshold=0.06277844413982181 1.0000000180025095e-35 141674.50000000003 2.5000000000000004 0.92724867724867732 0.25833333333333336
decision_type=10 10 10 2 2 2
left_child=-1 2 -2 4 5 -3
right_child=1 3 -4 -5 -6 -7
leaf_value=0.060308720528184881 -0.025879798220262991 -0.010694001315870802 0.041771069616934088 0.04480504556420789 0.048665605168139378 0.0014667788190697315
leaf_weight=58.955515623092651 519.18827278912067 879.35776897519827 48.780726984143257 70.612861655652523 51.161995284259319 5860.2667884454131
leaf_count=166 3949 5153 192 48 118 21554
internal_value=-0.000293009 -0.000814149 -0.0197557 0.000767028 0.000276478 -0.00012666
internal_weight=7488.32 7429.37 567.969 6861.4 6790.79 6739.62
internal_count=31180 31014 4141 26873 26825 26707
is_linear=0
shrinkage=0.05


Tree=64
num_leaves=7
num_cat=0
split_feature=37 2 23 35 31 8
split_gain=74.1527 76.2798 73.6959 64.6445 54.7412 74.2045
threshold=0.94281045751633996 260.50000000000006 12.99467867376177 3254.4727777777784 1.5000000000000002 14.500000000000002
decision_type=2 8 8 8 2 10
left_child=1 3 4 -1 5 -3
right_child=-2 2 -4 -5 -6 -7
leaf_value=0.0031818672518962561 0.059023199007489029 0.009450668236825166 0.032925525967308154 -0.021588578737083419 -0.017155541757361548 -0.0023800551106487981
leaf_weight=417.23848766833544 47.834228061139584 2114.2183922976255 178.88169553130865 704.02247235178947 391.9827978014946 3534.4452824965119
leaf_count=1464 104 10004 560 5326 129 13486
internal_value=4.14708e-07 -0.000424104 0.00174277 -0.0123979 0.000792885 0.00205247
internal_weight=7388.62 7340.79 6219.53 1121.26 6040.65 5648.66
internal_count=31073 30969 24179 6790 23619 23490
is_linear=0
shrinkage=0.05


Tree=65
num_leaves=7
num_cat=0
split_feature=35 21 3 36 36 19
split_gain=94.9082 73.5628 82.77 56.9488 146.692 103.195
threshold=14.189861111111112 0.06277844413982181 606.50000000000011 5118.1291666666675 3806.3420833333334 13.500000000000002
decision_type=8 10 10 10 10 10
left_child=-1 -2 -3 4 -4 -5
right_child=1 2 3 5 -6 -7
leaf_value=0.035659778553922016 0.056690710845713657 -0.015591109038855081 0.00069307972007908749 0.0034199078692676767 0.050290551035331289 -0.042232891278312978
leaf_weight=176.08023714274168 49.870974205434322 897.19662734121084 5678.5399914979935 298.39380092173815 148.10691502690315 205.71425092965364
leaf_count=103 155 5817 20884 1984 636 1477
internal_value=-9.6637e-05 -0.000985619 -0.00142248 0.000596217 0.00199583 -0.0154417
internal_weight=7453.9 7277.82 7227.95 6330.75 5826.65 504.108
internal_count=31056 30953 30798 24981 21520 3461
is_linear=0
shrinkage=0.05


Tree=66
num_leaves=7
num_cat=0
split_feature=21 28 4 12 4 8
split_gain=75.4819 73.9075 68.8274 87.256 83.6659 72.2579
threshold=0.06277844413982181 2.5000000000000004 2364.5000000000005 23.500000000000004 1075.0000000000002 1.0000000180025095e-35
decision_type=10 2 10 10 10 10
left_child=-1 2 3 -2 5 -5
right_child=1 -3 -4 4 -6 -7
leaf_value=0.056650537629676347 -0.030408589706483809 0.030395766384937063 -0.0001031573205442421 -9.1958947999372074e-07 -0.024429450520572833 0.068184233007977879
leaf_weight=52.364853627979755 431.36201816052198 178.6643388196826 6495.0115029737353 89.176869817078114 125.29520931094885 63.85552915930748
leaf_count=162 3477 164 25880 488 719 341
internal_value=-0.000483229 -0.000926501 -0.00172378 -0.0164511 0.00533564 0.0297077
internal_weight=7435.73 7383.37 7204.7 709.69 278.328 153.032
internal_count=31231 31069 30905 5025 1548 829
is_linear=0
shrinkage=0.05


Tree=67
num_leaves=7
num_cat=0
split_feature=21 11 12 24 35 31
split_gain=63.1916 85.6764 143.845 102.928 80.2146 77.8807
threshold=0.6002056202878685 190.50000000000003 788.50000000000011 566.50000000000011 445.73236111111117 2.5000000000000004
decision_type=10 8 10 10 8 2
left_child=1 2 5 -4 -5 -1
right_child=-2 -3 3 4 -6 -7
leaf_value=0.0046714563381795087 -0.0074426348442937071 0.023563666401865486 -0.059074527023851089 -0.046640682845678592 0.0049008934762412972 -0.044591892077310527
leaf_weight=4186.9839156232774 2177.4414110556245 444.23670599609613 145.43456220626831 100.28979714214802 263.90787006914616 76.822391003370285
leaf_count=17998 10090 1232 580 217 884 28
internal_value=-0.000297718 0.00268827 0.000722894 -0.0242498 -0.00973164 0.00373267
internal_weight=7395.12 5217.68 4773.44 509.632 364.198 4263.81
internal_count=31029 20939 19707 1681 1101 18026
is_linear=0
shrinkage=0.05


Tree=68
num_leaves=7
num_cat=0
split_feature=36 36 8 36 36 35
split_gain=70.478 83.4608 161.495 78.6125 149.419 116.184
threshold=5118.1291666666675 3806.3420833333334 1.5000000000000002 6841.5052777777792 9504.3365277777793 8728.3116666666683
decision_type=10 10 8 10 10 10
left_child=1 -1 -3 -2 5 -5
right_child=3 2 -4 4 -6 -7
leaf_value=0.00057552504746389362 -0.031783673180908481 -0.021648114320972401 0.069095390286662547 -0.015545631054287591 -0.029257001252300491 0.09234749689067559
leaf_weight=6652.330190744251 339.63522820174694 78.351536817848682 118.01401901990175 38.677876122295856 127.06705203279853 59.36865421384573
leaf_count=26020 2394 518 413 175 1156 371
internal_value=0.000131346 0.00153592 0.0332495 -0.0167659 0.00609003 0.0510962
internal_weight=7413.44 6848.7 196.366 564.749 225.114 98.0465
internal_count=31047 26951 931 4096 1702 546
is_linear=0
shrinkage=0.05


Tree=69
num_leaves=7
num_cat=0
split_feature=14 23 31 37 37 36
split_gain=72.5201 73.2407 66.2927 66.4729 69.3677 84.3257
threshold=1.0000000180025095e-35 5.0353701788701182 1.5000000000000002 0.73385416666666681 0.75204918032786894 47.087083333333339
decision_type=10 10 2 2 2 10
left_child=-1 2 3 -2 -5 -6
right_child=1 -3 -4 4 5 -7
leaf_value=-0.010583210418900821 -0.0011109696450444305 0.021393082231371034 -0.020176438417870694 0.03787606339994537 -0.017084038893081136 0.016231358562332997
leaf_weight=1413.0977204144001 4066.6206124275923 444.86111720651388 360.17062902450562 214.1709404066205 264.27321695536375 641.83109640330076
leaf_count=8473 17473 1525 121 560 895 2011
internal_value=-0.000415032 0.00198979 0.00041583 0.00186378 0.0126191 0.0064742
internal_weight=7405.03 5991.93 5547.07 5186.9 1120.28 906.104
internal_count=31058 22585 21060 20939 3466 2906
is_linear=0
shrinkage=0.05


Tree=70
num_leaves=7
num_cat=0
split_feature=35 24 4 4 8 16
split_gain=69.0066 45.8719 104.49 134.635 82.925 134.668
threshold=15925.140833333337 872.50000000000011 28119.500000000004 53731.500000000007 21.500000000000004 751.50000000000011
decision_type=10 10 10 10 10 10
left_child=1 4 -3 -4 5 -1
right_child=-2 2 3 -5 -6 -7
leaf_value=0.0023826645937490417 -0.0379308638238183 0.037380198959131299 -0.02242786339882738 0.030777169880731092 -0.0066990661658733776 0.051325634567168425
leaf_weight=3053.6026298999786 115.05975205078721 258.16161586344242 299.53341633081436 190.07860711216927 3244.5643914192915 142.36678013950586
leaf_count=14798 1382 783 922 571 11937 439
internal_value=-0.000336701 0.000290998 0.0119704 -0.00167013 -0.00107326 0.00463963
internal_weight=7303.37 7188.31 747.774 489.612 6440.53 3195.97
internal_count=30832 29450 2276 1493 27174 15237
is_linear=0
shrinkage=0.05


Tree=71
num_leaves=7
num_cat=0
split_feature=15 29 24 23 40 40
split_gain=70.345 55.1137 56.0092 68.0195 66.9576 71.5153
threshold=1.0000000180025095e-35 6.5000000000000009 872.50000000000011 0.56611244158901608 4.5000000000000009 15.500000000000002
decision_type=8 2 8 10 2 2
left_child=-1 2 4 -4 -2 -6
right_child=1 -3 3 -5 5 -7
leaf_value=-0.015971184745600782 -0.035509737546315992 0.049261683751013113 0.040081061871756377 0.0058718111611104724 0.011983042222559904 -0.0016911136065674217
leaf_weight=563.60394572466612 122.88128411769867 56.991882264614105 190.6305044144392 573.81465773284435 1191.587784409523 4754.8507053665817
leaf_count=4273 40 57 552 1722 374 24109
internal_value=0.000933136 0.00232634 0.00189918 0.0146076 0.000287815 0.00105677
internal_weight=7454.36 6890.76 6833.76 764.445 6069.32 5946.44
internal_count=31127 26854 26797 2274 24523 24483
is_linear=0
shrinkage=0.05


Tree=72
num_leaves=7
num_cat=0
split_feature=27 24 24 23 36 3
split_gain=61.016 61.5518 79.8555 77.7711 59.7752 119.079
threshold=2.5000000000000004 872.50000000000011 1076.5000000000002 0.42620181554257824 47.087083333333339 42235.500000000007
decision_type=2 8 10 10 8 10
left_child=1 3 -3 -1 5 -5
right_child=-2 2 -4 4 -6 -7
leaf_value=-0.01849443176764996 0.04404663563846288 0.033523118864126934 0.00020897359833712992 -0.021498648204014693 0.0015339925693268516 0.032904341452746212
leaf_weight=657.36019078269601 72.043877743184566 283.05672770738602 479.17334218323231 660.02320058643818 5127.3409616164863 113.92228961735964
leaf_count=3375 55 845 1435 2006 23038 287
internal_value=-0.000217599 -0.000682963 0.0127181 -0.00224891 -0.000425152 -0.0133309
internal_weight=7392.92 7320.88 762.23 6558.65 5901.29 773.945
internal_count=31041 30986 2280 28706 25331 2293
is_linear=0
shrinkage=0.05


Tree=73
num_leaves=7
num_cat=0
split_feature=14 1 38 19 4 16
split_gain=62.5763 77.8945 117.96 75.4779 128.926 110.945
threshold=27.500000000000004 2043.5000000000002 1.0000000180025095e-35 27.500000000000004 598833.00000000012 503.50000000000006
decision_type=10 8 2 10 10 10
left_child=-1 2 -2 5 -5 -3
right_child=1 3 -4 4 -6 -7
leaf_value=-0.0030847548977120508 0.0035092520493134717 -0.0093876990428370024 0.036186219119655742 -0.0040054647679502974 -0.067497816272667932 0.03549910455711041
leaf_weight=4803.8824374116957 718.10171726346016 271.90423140674829 445.02187214419246 766.09770660847425 84.377137288451195 270.43596120178699
leaf_count=22797 3421 988 380 2359 321 792
internal_value=0.000277642 0.00659095 0.0161131 -0.00139012 -0.0106623 0.0131148
internal_weight=7359.82 2555.94 1163.12 1392.82 850.475 542.34
internal_count=31058 8261 3801 4460 2680 1780
is_linear=0
shrinkage=0.05


Tree=74
num_leaves=7
num_cat=0
split_feature=34 4 19 20 16 0
split_gain=62.9881 110.806 60.7502 58.3708 70.3002 60.8504
threshold=10765.585138888891 138948.50000000003 4.5000000000000009 0.0042441032121259591 40.500000000000007 25.500000000000004
decision_type=8 10 10 10 8 10
left_child=3 2 -2 4 -1 -5
right_child=1 -3 -4 5 -6 -7
leaf_value=-0.023854234167486773 -0.0016036857004550085 0.064224906217924344 -0.034748179101080426 -0.0061311409882744737 0.032602114550436982 0.0039764107854154988
leaf_weight=64.953617125749588 236.9267742857337 36.058032922446728 328.64812603592873 2319.47565998137 272.20266842097044 4138.2091570273042
leaf_count=347 1908 208 2789 11139 877 13806
internal_value=3.34293e-05 -0.0154042 -0.0209992 0.00141064 0.0215361 0.000344039
internal_weight=7396.47 601.633 565.575 6794.84 337.156 6457.68
internal_count=31074 4905 4697 26169 1224 24945
is_linear=0
shrinkage=0.05


Tree=75
num_leaves=7
num_cat=0
split_feature=22 24 27 32 37 16
split_gain=63.0987 83.6061 63.8249 65.6364 54.5923 89.7341
threshold=24.457002346748819 14.500000000000002 2.5000000000000004 1.5000000000000002 0.73956521739130443 74.500000000000014
decision_type=10 10 2 2 2 10
left_child=1 -1 3 4 5 -3
right_child=-2 2 -4 -5 -6 -7
leaf_value=-0.017948262507054679 0.031374032189827206 0.0098534315841433059 0.053149660282453264 -0.017204688027140046 0.010697410429388326 -0.0055451065516247712
leaf_weight=709.5865327604115 142.00661171227694 1302.9091873914003 51.148609846830368 527.42569297552109 1184.5835328102112 3415.5668252632022
leaf_count=5204 441 6738 39 331 3840 14579
internal_value=-0.00105528 -0.00171702 7.23813e-05 -0.000390766 0.00112481 -0.00128719
internal_weight=7333.23 7191.22 6481.63 6430.49 5903.06 4718.48
internal_count=31172 30731 25527 25488 25157 21317
is_linear=0
shrinkage=0.05


Tree=76
num_leaves=7
num_cat=0
split_feature=37 35 19 36 24 37
split_gain=54.5341 65.2423 125.142 78.0518 61.0227 60.6275
threshold=0.25833333333333336 8988.4988888888893 13.500000000000002 5397.7402777777779 27.500000000000004 0.17424242424242428
decision_type=2 10 10 10 10 2
left_child=4 3 -3 -2 5 -1
right_child=1 2 -4 -5 -6 -7
leaf_value=0.0064833364422350647 0.0019919826546701716 0.066904788479949642 -0.021824734981825449 -0.041217493271208605 -0.0033443342434743271 -0.04725243887275421
leaf_weight=72.519163072109222 6016.2357096597552 98.220601685345173 61.422036334872246 101.36200171709061 767.51188607513905 175.14355093985796
leaf_count=605 22808 575 470 516 4491 1728
internal_value=0.000338936 0.00207992 0.0331403 0.00124297 -0.0103837 -0.0317009
internal_weight=7292.41 6277.24 159.643 6117.6 1015.17 247.663
internal_count=31193 24369 1045 23324 6824 2333
is_linear=0
shrinkage=0.05


Tree=77
num_leaves=7
num_cat=0
split_feature=21 11 29 25 25 12
split_gain=63.3504 100.372 98.1627 87.0537 72.1822 69.5149
threshold=0.6002056202878685 51.500000000000007 2.5000000000000004 0.52913342386691575 0.22239159891598917 952.50000000000011
decision_type=10 8 2 10 10 10
left_child=1 2 5 -3 -2 -1
right_child=4 3 -4 -5 -6 -7
leaf_value=0.00094413104160097859 0.0047206615205759965 0.047119701631016336 0.043224447323634452 0.0091905120272621661 -0.014314298817629856 -0.023061009497018017
leaf_weight=4021.1396067216992 803.62064910680056 210.36702205985785 125.08291712403297 519.91157961636782 1296.3291361667216 321.0121341496706
leaf_count=17634 3426 628 155 1676 6570 1075
internal_value=0.000283143 0.00324421 0.00042614 0.0203627 -0.00703598 -0.000855035
internal_weight=7297.46 5197.51 4467.23 730.279 2099.95 4342.15
internal_count=31164 21168 18864 2304 9996 18709
is_linear=0
shrinkage=0.05


Tree=78
num_leaves=7
num_cat=0
split_feature=18 40 21 11 22 16
split_gain=73.8268 91.2942 68.183 65.6349 66.8974 78.5907
threshold=25.500000000000004 11.500000000000002 0.6002056202878685 65.500000000000014 1.1510607487193443 44.500000000000007
decision_type=8 2 10 10 10 10
left_child=2 -2 -1 -4 5 -5
right_child=1 -3 3 4 -6 -7
leaf_value=0.001348070395362902 0.037004981164083385 0.0038856899947642461 -0.019416141799023619 0.054084699365495287 -0.013552507793129005 0.0021154100274104865
leaf_weight=4479.9718910641968 270.71915602684021 854.06444934010506 920.87450315803289 91.973493434488773 423.64561229199171 292.96123756468296
leaf_count=18990 97 3214 5719 385 1628 1015
internal_value=0.00022837 0.0119855 -0.00190926 -0.0103266 8.09624e-05 0.0150669
internal_weight=7334.21 1124.78 6209.43 1729.45 808.58 384.935
internal_count=31048 3311 27737 8747 3028 1400
is_linear=0
shrinkage=0.05


Tree=79
num_leaves=7
num_cat=0
split_feature=27 35 36 21 4 36
split_gain=74.9674 61.9618 54.4926 52.893 46.3505 92.7537
threshold=2.5000000000000004 15925.140833333337 1.4283333333333335 0.06277844413982181 2364.5000000000005 133.43680555555559
decision_type=2 10 8 10 10 8
left_child=1 2 -1 -4 5 -5
right_child=-2 -3 3 4 -6 -7
leaf_value=-0.034042125516562764 0.05288906418525742 -0.037463436091804157 0.050878322482191332 0.052158449035473932 0.0016364288334587082 -0.017353627867839498
leaf_weight=109.87393201887608 61.450581721961498 106.39988794922829 47.077952161431313 47.12430689483881 6293.299007050693 624.98303158208728
leaf_count=477 51 1397 120 122 24412 4564
internal_value=2.3731e-05 -0.000461916 0.000116738 0.000675825 0.000300262 -0.0121307
internal_weight=7290.21 7228.76 7122.36 7012.48 6965.41 672.107
internal_count=31143 31092 29695 29218 29098 4686
is_linear=0
shrinkage=0.05


Tree=80
num_leaves=7
num_cat=0
split_feature=11 16 19 12 24 21
split_gain=85.5231 100.541 104.094 76.1949 116.036 80.7366
threshold=174.50000000000003 36.500000000000007 9.5000000000000018 834.50000000000011 566.50000000000011 0.54713563029805867
decision_type=10 10 10 10 10 10
left_child=3 -2 -3 5 -5 -1
right_child=1 2 -4 4 -6 -7
leaf_value=0.0038390439080136459 0.050004828093806658 -0.018876019874757812 0.015951203587226626 -0.051788378399570983 -0.0027308627991012441 -0.0094591627777512732
leaf_weight=3916.1904609836638 151.51925913989544 282.33243583887815 845.30371586233377 180.29903320968151 346.61198659241199 1604.9954779855907
leaf_count=16471 598 1125 2418 726 1016 8851
internal_value=0.000713869 0.0124334 0.00718649 -0.001773 -0.0198464 -3.17736e-05
internal_weight=7327.25 1279.16 1127.64 6048.1 526.911 5521.19
internal_count=31205 4141 3543 27064 1742 25322
is_linear=0
shrinkage=0.05


Tree=81
num_leaves=7
num_cat=0
split_feature=24 37 8 18 21 8
split_gain=60.1058 60.2823 53.5189 101.18 115.091 91.6791
threshold=872.50000000000011 0.92724867724867732 21.500000000000004 26.500000000000004 0.86679487179487191 1.0000000180025095e-35
decision_type=10 2 10 10 10 10
left_child=1 2 5 4 -4 -1
right_child=-2 -3 3 -5 -6 -7
leaf_value=-0.0080815490948081114 0.013173319102703186 0.050644402963068262 -0.015680615775141706 0.0069399171769895674 0.025589524722564275 0.009119263439117363
leaf_weight=1291.5508431717753 725.88963323831558 49.049702249467373 2149.8492916859686 939.76894408464432 178.83695892989635 1920.0302369706333
leaf_count=7363 2243 131 9109 2690 613 8909
internal_value=-0.000425094 -0.00194586 -0.00238267 -0.00688216 -0.0124631 0.00220007
internal_weight=7254.98 6529.09 6480.04 3268.46 2328.69 3211.58
internal_count=31058 28815 28684 12412 9722 16272
is_linear=0
shrinkage=0.05


Tree=82
num_leaves=7
num_cat=0
split_feature=37 31 37 21 15 3
split_gain=58.6072 72.512 59.542 79.1793 81.9384 70.0171
threshold=0.25833333333333336 1.5000000000000002 0.17424242424242428 0.62051852485667847 36.500000000000007 14596.500000000002
decision_type=2 2 2 8 10 10
left_child=1 2 -1 4 -4 -6
right_child=-2 -3 3 -5 5 -7
leaf_value=0.006800628837444013 0.00097069619611847211 -0.068448403787854314 -0.021144735236608907 -0.04916711111549011 -0.01245537093384785 0.059562845030802336
leaf_weight=376.16291156411171 6333.2050187699497 48.836710438132286 319.12385882809758 151.02542493492365 61.728839062154293 65.814244143664837
leaf_count=2260 24344 17 2499 1388 399 303
internal_value=-0.00082578 -0.0119014 -0.00873052 -0.0184805 -0.00767545 0.0255522
internal_weight=7355.9 1022.69 973.855 597.692 446.667 127.543
internal_count=31210 6866 6849 4589 3201 702
is_linear=0
shrinkage=0.05


Tree=83
num_leaves=7
num_cat=0
split_feature=35 21 29 36 3 4
split_gain=62.9247 60.7457 52.9755 55.447 88.8366 59.5565
threshold=15925.140833333337 0.06277844413982181 2.5000000000000004 47.087083333333339 48009.000000000007 37717.000000000007
decision_type=10 10 2 10 10 10
left_child=1 -1 3 4 5 -3
right_child=-2 2 -4 -5 -6 -7
leaf_value=0.052731255596390428 -0.038660735396737839 -0.0031584969770086509 0.02164175949057524 0.002060867855337475 0.027742932314299008 -0.022549174743414925
leaf_weight=50.672405056655407 97.964670971035957 902.47515058517456 274.43886971846223 5131.5027418918908 151.94368297606707 703.28895502537489
leaf_count=125 1366 5145 363 20419 530 3252
internal_value=0.000150968 0.000704411 0.000299874 -0.000565381 -0.00821663 -0.0116948
internal_weight=7312.29 7214.32 7163.65 6889.21 1757.71 1605.76
internal_count=31200 29834 29709 29346 8927 8397
is_linear=0
shrinkage=0.05


end of trees

feature_importances:
ev_h_since_prev=48
ev_gap_last=48
n_dying_ch=47
ev_relapse_rate=44
n_alarm_28d=35
n_rows_28d=34
act_share_7d=27
rate_28d=22
n_undef_28d=17
n_bad_28d=15
ev_h_since_inc=15
n_alarm_7d=14
ev_inc_168h=13
ev_open_ch=12
n_ch_bad_28d=11
ev_inc_72h=11
n_active_ch=9
n_rows_7d=9
n_undef_7d=9
ev_inc_24h=9
n_alarm_3d=7
rate_7d=7
ev_inc_672h=7
act_share_1d=6
n_rows_3d=5
ev_fail_3h=5
dying_share=4
hour=4
n_ch_bad_7d=3
ev_fail_168h=3
n_rows_1d=2
n_undef_1d=1
ev_fail_24h=1

parameters:
[boosting: gbdt]
[objective: binary]
[metric: average_precision]
[tree_learner: serial]
[device_type: cpu]
[data_sample_strategy: bagging]
[data: ]
[valid: ]
[num_iterations: 2000]
[learning_rate: 0.05]
[num_leaves: 7]
[num_threads: 6]
[seed: 63]
[deterministic: 1]
[force_col_wise: 1]
[force_row_wise: 0]
[histogram_pool_size: -1]
[max_depth: -1]
[min_data_in_leaf: 200]
[min_sum_hessian_in_leaf: 0.001]
[bagging_fraction: 0.8]
[pos_bagging_fraction: 1]
[neg_bagging_fraction: 1]
[bagging_freq: 1]
[bagging_seed: 29509]
[bagging_by_query: 0]
[feature_fraction: 0.8]
[feature_fraction_bynode: 1]
[feature_fraction_seed: 11097]
[extra_trees: 0]
[extra_seed: 29805]
[early_stopping_round: 0]
[early_stopping_min_delta: 0]
[first_metric_only: 1]
[max_delta_step: 0]
[lambda_l1: 0]
[lambda_l2: 5]
[linear_lambda: 0]
[min_gain_to_split: 0]
[drop_rate: 0.1]
[max_drop: 50]
[skip_drop: 0.5]
[xgboost_dart_mode: 0]
[uniform_drop: 0]
[drop_seed: 32569]
[top_rate: 0.2]
[other_rate: 0.1]
[min_data_per_group: 100]
[max_cat_threshold: 32]
[cat_l2: 10]
[cat_smooth: 10]
[max_cat_to_onehot: 4]
[top_k: 20]
[monotone_constraints: ]
[monotone_constraints_method: basic]
[monotone_penalty: 0]
[feature_contri: ]
[forcedsplits_filename: ]
[refit_decay_rate: 0.9]
[cegb_tradeoff: 1]
[cegb_penalty_split: 0]
[cegb_penalty_feature_lazy: ]
[cegb_penalty_feature_coupled: ]
[path_smooth: 0]
[interaction_constraints: ]
[verbosity: -1]
[saved_feature_importance_type: 0]
[use_quantized_grad: 0]
[num_grad_quant_bins: 4]
[quant_train_renew_leaf: 0]
[stochastic_rounding: 1]
[linear_tree: 0]
[max_bin: 255]
[max_bin_by_feature: ]
[min_data_in_bin: 3]
[bin_construct_sample_cnt: 200000]
[data_random_seed: 244]
[is_enable_sparse: 1]
[enable_bundle: 1]
[use_missing: 1]
[zero_as_missing: 0]
[feature_pre_filter: 1]
[pre_partition: 0]
[two_round: 0]
[header: 0]
[label_column: ]
[weight_column: ]
[group_column: ]
[ignore_column: ]
[categorical_feature: ]
[forcedbins_filename: ]
[precise_float_parser: 0]
[parser_config_file: ]
[objective_seed: 3313]
[num_class: 1]
[is_unbalance: 0]
[scale_pos_weight: 1]
[sigmoid: 1]
[boost_from_average: 1]
[reg_sqrt: 0]
[alpha: 0.9]
[fair_c: 1]
[poisson_max_delta_step: 0.7]
[tweedie_variance_power: 1.5]
[lambdarank_truncation_level: 30]
[lambdarank_norm: 1]
[label_gain: ]
[lambdarank_position_bias_regularization: 0]
[eval_at: ]
[multi_error_top_k: 1]
[auc_mu_weights: ]
[num_machines: 1]
[local_listen_port: 12400]
[time_out: 120]
[machine_list_filename: ]
[machines: ]
[gpu_platform_id: -1]
[gpu_device_id: -1]
[gpu_use_dp: 0]
[num_gpu: 1]

end of parameters

pandas_categorical:[]
