tree
version=v4
num_class=1
num_tree_per_iteration=1
label_index=0
max_feature_idx=41
objective=binary sigmoid:1
feature_names=n_active_ch n_rows_1d n_rows_3d n_rows_7d n_rows_28d n_bad_1d n_bad_3d n_bad_7d n_bad_28d n_undef_1d n_undef_3d n_undef_7d n_undef_28d n_alarm_1d n_alarm_3d n_alarm_7d n_alarm_28d n_ch_bad_1d n_ch_bad_7d n_ch_bad_28d act_share_1d act_share_7d rate_7d rate_28d n_dying_ch dying_share ev_inc_6h ev_inc_24h ev_inc_72h ev_inc_168h ev_inc_672h ev_fail_3h ev_fail_24h ev_fail_168h ev_h_since_inc ev_h_since_prev ev_gap_last ev_relapse_rate ev_open_ch is_rearm hour dow
feature_infos=[0:1459] [0:200094] [0:575548] [0:1039472] [0:3446064] [0:32012] [0:32027] [0:32027] [0:32057] [0:37262] [0:71955] [0:122355] [0:165289] [0:32013] [0:32065] [0:32176] [0:33059] [0:383] [0:947] [0:1109] [0:1] [0.0054644808743169399:1] [0:52] [0:13] [0:1420] [0:1] [0:3] [0:7] [0:11] [0:18] [0:25] [0:191] [0:561] [0:1165] [1:22977.983611111111] [2.0238888888888891:28233.218888888889] [1.0238888888888888:21790.846388888887] [0.090909090909090912:0.96551724137931039] [0:195] [0:1] [0:23] [0:6]
tree_sizes=886 895 900 895 900 900 904 902 905 900 900 902 905 902 899 896 897 908 906 901 896 902 905 904 899 905 903 902 903 902 901 905 905 903 906 903 904 903 903 903 906 908 903 903 906 908 906 906 898 911 908 910 902 909 907 904 909 904 907 897

Tree=0
num_leaves=7
num_cat=0
split_feature=35 30 24 24 16 35
split_gain=5157.4 1207.89 476.745 391.892 388.885 293.238
threshold=2665.1501388888896 2.5000000000000004 102.50000000000001 729.50000000000011 728.50000000000011 205.22361111111113
decision_type=8 2 8 10 10 10
left_child=1 3 -2 4 -1 -3
right_child=2 5 -4 -5 -6 -7
leaf_value=-0.53837541849684656 -0.58957807288159225 -0.44054084420604944 -0.55516188873023786 -0.48940876713997861 -0.48544589772063684 -0.49698006746711088
leaf_weight=2002.6714559793472 3268.8376260995865 746.03406059741974 1458.8335449695587 830.16623628139496 415.08311831951141 350.9381355047226
leaf_count=6517 13421 704 5731 2466 1212 936
internal_value=-0.54286 -0.50356 -0.578982 -0.518952 -0.529187 -0.458304
internal_weight=9072.56 4344.89 4727.67 3247.92 2417.75 1096.97
internal_count=30987 11835 19152 10195 7729 1640
is_linear=0
shrinkage=1


Tree=1
num_leaves=7
num_cat=0
split_feature=30 36 24 29 3 16
split_gain=3557.69 1414.86 593.732 424.298 284.091 231.15
threshold=1.5000000000000002 3012.6204166666671 716.50000000000011 2.5000000000000004 48009.000000000007 288.50000000000006
decision_type=2 8 10 2 8 10
left_child=1 2 5 -2 -3 -1
right_child=3 4 -4 -5 -6 -7
leaf_value=-0.015473728267831286 0.045339508624898224 -0.043167334602844019 0.04654039702072249 0.098709635196477907 0.038088622173998471 0.012816632775144552
leaf_weight=1951.2237840890884 1445.9635003656149 3213.3798687905073 675.66217994689941 507.23864971101284 107.61548066139221 1139.8360727727413
leaf_count=7541 3056 13121 2328 365 369 4125
internal_value=-0.000244253 -0.0167155 0.00426361 0.0594162 -0.040481 -0.00503774
internal_weight=9040.92 7087.72 3766.72 1953.2 3321 3091.06
internal_count=30905 27484 13994 3421 13490 11666
is_linear=0
shrinkage=0.05


Tree=2
num_leaves=7
num_cat=0
split_feature=35 35 24 16 24 4
split_gain=3963.14 1005.85 420.442 383.908 284.307 170.581
threshold=2818.6045833333342 205.22361111111113 141.50000000000003 540.50000000000011 855.50000000000011 112249.00000000001
decision_type=8 10 8 10 10 10
left_child=1 -1 -2 4 -3 -5
right_child=2 3 -4 5 -6 -7
leaf_value=0.077714857616557206 -0.040462600931035396 0.0019820187603904207 -0.0025909509918449667 0.060031175015587537 0.050018576281752748 0.019138696111986778
leaf_weight=989.68451933562756 3641.988345772028 2021.4220154881477 918.04749335348606 693.1323551684618 358.49766911566257 411.93163028359413
leaf_count=991 15272 6653 3673 2098 1114 1293
internal_value=-6.29626e-05 0.0333482 -0.0328493 0.0206555 0.00930767 0.0449427
internal_weight=9034.7 4474.67 4560.04 3484.98 2379.92 1105.06
internal_count=31094 12149 18945 11158 7767 3391
is_linear=0
shrinkage=0.05


Tree=3
num_leaves=7
num_cat=0
split_feature=35 16 38 36 37 30
split_gain=3778.67 652.635 518.857 285.66 218.539 210.395
threshold=1501.2641666666671 291.50000000000006 1.0000000180025095e-35 3513.7331944444445 0.31009615384615391 3.5000000000000004
decision_type=8 8 2 8 2 2
left_child=2 3 -1 -2 -3 -4
right_child=1 4 5 -5 -6 -7
leaf_value=0.021342129497461063 -0.018943416842083893 -0.0339238099999929 0.047882345470853814 -0.044757137966064647 0.01517163632934179 0.084290222859723873
leaf_weight=1500.9123733192682 1891.8306494355202 278.24728365242481 1112.1110106408596 2504.2485678792 1131.216447070241 645.26600436866283
leaf_count=6329 7704 1122 769 10556 4248 345
internal_value=-1.86864e-05 -0.0241991 0.0430364 -0.0336825 0.00539387 0.0614516
internal_weight=9063.83 5805.54 3258.29 4396.08 1409.46 1757.38
internal_count=31073 23630 7443 18260 5370 1114
is_linear=0
shrinkage=0.05


Tree=4
num_leaves=7
num_cat=0
split_feature=35 30 24 37 38 12
split_gain=3402.37 723.023 421.876 321.157 246.05 235.141
threshold=2558.7504166666672 2.5000000000000004 103.50000000000001 0.28991596638655465 1.0000000180025095e-35 20.500000000000004
decision_type=8 2 8 2 2 10
left_child=1 3 5 -1 -5 -2
right_child=2 -3 -4 4 -6 -7
leaf_value=-0.035674864551281181 -0.051307986736587867 0.065432831140414177 -0.0068320953900040549 0.01372248550953231 0.043747141957675248 -0.023699630448882059
leaf_weight=237.71938686072826 1810.0204403698444 1179.7073235064745 1439.0814794152975 1971.3666509687901 1044.7300710678101 1367.2680974751711
leaf_count=738 7891 1659 5842 8338 796 5753
internal_value=0.000705666 0.0319708 -0.0293232 0.019757 0.0241778 -0.0394833
internal_weight=9049.89 4433.52 4616.37 3253.82 3016.1 3177.29
internal_count=31017 11531 19486 9872 9134 13644
is_linear=0
shrinkage=0.05


Tree=5
num_leaves=7
num_cat=0
split_feature=35 16 29 24 16 36
split_gain=2974.16 705.508 479.895 317.998 236.019 231.238
threshold=1332.7075000000002 288.50000000000006 2.5000000000000004 150.50000000000003 686.50000000000011 4824.6498611111119
decision_type=8 8 2 10 10 10
left_child=2 3 4 -2 -1 -3
right_child=1 5 -4 -5 -6 -7
leaf_value=0.020354982106663023 -0.037800455419536562 0.014689081773559138 0.082878802963614329 -0.0034114062065740583 0.053592635846707148 -0.04826574558455432
leaf_weight=1774.3609004318714 3543.7166676968336 1378.3917956054211 526.39630061388016 830.6428150087595 766.77970027923584 158.15600125491619
leaf_count=4611 15294 5152 378 3229 1770 684
internal_value=-0.000325694 -0.0210531 0.0395836 -0.0312817 0.0304699 0.00807364
internal_weight=8978.44 5910.91 3067.54 4374.36 2541.14 1536.55
internal_count=31118 24359 6759 18523 6381 5836
is_linear=0
shrinkage=0.05


Tree=6
num_leaves=7
num_cat=0
split_feature=35 38 24 30 24 12
split_gain=2873.16 653.063 360.448 213.061 194.758 193.917
threshold=2665.1501388888896 1.0000000180025095e-35 108.50000000000001 2.5000000000000004 837.50000000000011 20.500000000000004
decision_type=8 2 8 2 10 10
left_child=1 4 5 -3 -1 -2
right_child=2 3 -4 -5 -6 -7
leaf_value=0.0043141237791955453 -0.048334114980355974 0.034967962616814605 -0.0066816903009685701 0.068235791870188411 0.039281070719325281 -0.02307984718397732
leaf_weight=2003.3074513822794 1782.4243672639132 1117.6120659708977 1363.6216096878052 872.12734490633011 492.51495604217052 1351.2479446977377
leaf_count=8465 7992 866 5443 467 2026 5813
internal_value=5.27008e-05 0.0283515 -0.0281724 0.0496842 0.0112791 -0.0374985
internal_weight=8982.86 4485.56 4497.29 1989.74 2495.82 3133.67
internal_count=31072 11824 19248 1333 10491 13805
is_linear=0
shrinkage=0.05


Tree=7
num_leaves=7
num_cat=0
split_feature=35 35 24 37 12 16
split_gain=2414.09 517.348 359.893 268.877 194.915 193.613
threshold=2818.6045833333342 228.41652777777782 102.50000000000001 0.25833333333333336 20.500000000000004 706.50000000000011
decision_type=8 10 8 2 10 10
left_child=1 -1 4 -3 -2 -5
right_child=2 3 -4 5 -6 -7
leaf_value=0.054551437032976817 -0.048025739497029936 -0.03494170692777309 -0.005896353643019478 0.01234146192150727 -0.021967770021808178 0.041097941298990665
leaf_weight=1100.8083588927984 1704.5177894681692 243.17801837623119 1357.3680984824896 2512.2441878765821 1262.0408957898617 761.41623477637768
leaf_count=1100 7814 815 5538 8116 5462 2245
internal_value=-0.000419339 0.024708 -0.0272511 0.0153025 -0.0369957 0.0190824
internal_weight=8941.57 4617.65 4323.93 3516.84 2966.56 3273.66
internal_count=31090 12276 18814 11176 13276 10361
is_linear=0
shrinkage=0.05


Tree=8
num_leaves=7
num_cat=0
split_feature=35 38 4 16 37 16
split_gain=2385.91 552.358 244.858 220.966 199.903 175.123
threshold=2665.1501388888896 1.0000000180025095e-35 2364.5000000000005 558.50000000000011 0.56385869565217395 487.50000000000006
decision_type=8 2 8 10 2 10
left_child=1 5 -2 -3 -4 -1
right_child=2 3 4 -5 -6 -7
leaf_value=0.00010615087391380241 -0.047928168742942867 0.031132589630174335 -0.024551416088475018 0.064969042755117321 0.010286911857727815 0.027705987550607609
leaf_weight=1620.2426403462887 990.27001383900642 1202.7892812490463 2915.7247395664454 823.25294308364391 476.48945553600788 885.72198736667633
leaf_count=6857 4515 791 12726 524 1952 3630
internal_value=0.000202579 0.0256255 -0.026087 0.0450076 -0.0196499 0.00989693
internal_weight=8914.49 4532.01 4382.48 2026.04 3392.21 2505.96
internal_count=30995 11802 19193 1315 14678 10487
is_linear=0
shrinkage=0.05


Tree=9
num_leaves=7
num_cat=0
split_feature=35 29 37 24 4 38
split_gain=2116.11 527.408 298.096 269.417 165.411 138.671
threshold=2846.2472222222227 2.5000000000000004 0.44949494949494956 452.50000000000006 151889.50000000003 1.0000000180025095e-35
decision_type=8 2 2 8 10 2
left_child=1 2 -1 4 -2 -4
right_child=3 -3 5 -5 -6 -7
leaf_value=-0.0093746739847866342 -0.032175054508594224 0.068721212505381699 0.014983622032740441 0.023555956436222603 0.010203185330334394 0.036281729172891734
leaf_weight=887.0265571475029 3742.5766981989145 538.21107243001461 1976.2310002446175 250.11060065031052 243.09719297289848 1255.1378555297852
leaf_count=2750 16893 384 8228 975 994 970
internal_value=-0.000861384 0.0223901 0.0162593 -0.0264191 -0.0295807 0.0232996
internal_weight=8892.39 4656.61 4118.4 4235.78 3985.67 3231.37
internal_count=31194 12332 11948 18862 17887 9198
is_linear=0
shrinkage=0.05


Tree=10
num_leaves=7
num_cat=0
split_feature=35 24 0 35 36 2
split_gain=2092.15 527.244 313.234 293.388 185.839 169.046
threshold=1332.7075000000002 706.50000000000011 40.500000000000007 110.55194444444446 4824.6498611111119 2606.5000000000005
decision_type=8 8 10 10 10 10
left_child=3 2 -2 -1 -4 -5
right_child=1 -3 4 5 -6 -7
leaf_value=0.057719329552392888 -0.029976283030073766 0.033139727837704878 0.0043400996050946957 0.040412124261598993 -0.039854635301955092 0.012502216048163043
leaf_weight=880.86270847916603 3668.33302333951 469.57351131737232 1330.5251543670893 902.69745413959026 284.46266034245491 1365.9929433614016
leaf_count=596 16310 1643 5233 2394 1243 3711
internal_value=0.000542028 -0.0173893 -0.0219073 0.0332706 -0.00354331 0.0236718
internal_weight=8902.45 5752.89 5283.32 3149.55 1614.99 2268.69
internal_count=31130 24429 22786 6701 6476 6105
is_linear=0
shrinkage=0.05


Tree=11
num_leaves=7
num_cat=0
split_feature=35 34 21 25 4 18
split_gain=1725.42 390.871 238.029 229.344 160.439 151.181
threshold=2665.1501388888896 38.665000000000006 0.46963109354413707 0.53194581890153392 2535.5000000000005 29.500000000000004
decision_type=8 10 10 10 10 10
left_child=1 5 3 -2 -4 -1
right_child=2 -3 4 -5 -6 -7
leaf_value=0.029581623299623511 0.03972293066961597 0.0086239666462074194 -0.060366937827852768 -0.015975264735603938 -0.027124472722436368 0.06089471049861013
leaf_weight=1399.4025887846947 200.86744886636734 2535.5354914814234 458.49712426960468 1819.2157204151154 1785.6925788968801 540.67230482399464
leaf_count=826 829 10559 2313 8021 8146 367
internal_value=-9.5325e-05 0.021578 -0.0228414 -0.0103525 -0.0340351 0.0384423
internal_weight=8739.88 4475.61 4264.27 2020.08 2244.19 1940.07
internal_count=31061 11752 19309 8850 10459 1193
is_linear=0
shrinkage=0.05


Tree=12
num_leaves=7
num_cat=0
split_feature=34 30 37 24 12 24
split_gain=1226.63 611.719 340.382 318.533 173.126 260.758
threshold=1340.0883333333336 2.5000000000000004 0.45804195804195807 716.50000000000011 27.500000000000004 72.500000000000014
decision_type=8 2 2 10 10 10
left_child=1 2 -1 4 5 -2
right_child=3 -3 -4 -5 -6 -7
leaf_value=-0.016030415595171887 -0.048080278870619317 0.046069604965746705 0.015352964755841117 0.046178448110968051 -0.012496462026644617 -0.010123836101297926
leaf_weight=1256.1086823940277 1365.0088605731726 1204.8484549075365 2740.232140570879 154.16372181475163 1371.9893809854984 680.41541242599487
leaf_count=4204 6918 1662 8168 644 6429 3154
internal_value=-0.000569439 0.0149185 0.005481 -0.0231134 -0.0263022 -0.0355095
internal_weight=8772.77 5201.19 3996.34 3571.58 3417.41 2045.42
internal_count=31179 14034 12372 17145 16501 10072
is_linear=0
shrinkage=0.05


Tree=13
num_leaves=7
num_cat=0
split_feature=35 16 28 0 4 36
split_gain=1468.07 419.644 295.702 212.605 194.432 165.443
threshold=2846.2472222222227 558.50000000000011 2.5000000000000004 23.500000000000004 41151.000000000007 4824.6498611111119
decision_type=8 10 2 8 10 10
left_child=1 2 -1 -2 -3 -5
right_child=3 4 -4 5 -6 -7
leaf_value=0.0038742849397918992 -0.031968113944439838 0.058990844796940112 0.069589240054900622 -0.0002101597138344525 0.024103867363471101 -0.03615355434539598
leaf_weight=2886.3544215410948 2347.9937681257725 700.25342917442322 177.03703926503658 1325.4685590714216 949.70505329966545 417.12513363361359
leaf_count=8431 11218 1427 82 5672 2417 1936
internal_value=-0.000258417 0.0187534 0.00777924 -0.0221609 0.0390436 -0.00889276
internal_weight=8803.94 4713.35 3063.39 4090.59 1649.96 1742.59
internal_count=31183 12357 8513 18826 3844 7608
is_linear=0
shrinkage=0.05


Tree=14
num_leaves=7
num_cat=0
split_feature=35 29 37 24 16 4
split_gain=1284.99 352.482 254.82 240.027 183.459 138.593
threshold=2818.6045833333342 2.5000000000000004 0.44949494949494956 108.50000000000001 706.50000000000011 123857.50000000001
decision_type=8 2 2 8 10 10
left_child=1 2 -1 -2 -4 -6
right_child=3 -3 4 -5 5 -7
leaf_value=-0.011931963289746224 -0.029776023000668523 0.055879330643593711 0.011152472775054816 -0.0035240699569972565 0.050436505889562923 0.0066403185517583231
leaf_weight=868.54836672544479 2788.7224684804678 512.60447588562965 2339.0066216886044 1267.1079026013613 627.80013933777809 255.15002012252808
leaf_count=2676 13604 377 6811 5276 1508 750
internal_value=-0.00108305 0.0169886 0.0120527 -0.0215889 0.0185268 0.0378892
internal_weight=8658.94 4603.11 4090.51 4055.83 3221.96 882.95
internal_count=31002 12122 11745 18880 9069 2258
is_linear=0
shrinkage=0.05


Tree=15
num_leaves=7
num_cat=0
split_feature=35 16 29 4 3 37
split_gain=1314.3 410.738 260.441 187.769 170.807 158.22
threshold=1309.4962500000004 288.50000000000006 2.5000000000000004 2448.5000000000005 6569.0000000000009 0.39047619047619053
decision_type=8 8 2 10 10 2
left_child=2 3 4 -2 5 -1
right_child=1 -3 -4 -5 -6 -7
leaf_value=-0.016575330573128814 -0.041908374216249863 0.0074563011681231424 0.06094536036722023 -0.016592343645228599 0.0098282590629031712 0.043971289596283318
leaf_weight=120.50604201853275 965.71615502238274 1563.4015304595232 467.70881448686123 3046.9025327712297 1523.0485500991344 866.77409286797047
leaf_count=291 4794 5927 367 13732 3823 2099
internal_value=5.31969e-05 -0.0142671 0.0268452 -0.0227297 0.0203833 0.0365348
internal_weight=8554.06 5576.02 2978.04 4012.62 2510.33 987.28
internal_count=31033 24453 6580 18526 6213 2390
is_linear=0
shrinkage=0.05


Tree=16
num_leaves=7
num_cat=0
split_feature=35 24 0 34 36 36
split_gain=1196.92 460.27 246.225 218.977 159.474 138.548
threshold=1244.207916666667 706.50000000000011 31.500000000000004 14.850416666666669 4917.4005555555568 3806.3420833333334
decision_type=8 8 10 10 10 10
left_child=3 2 -2 -1 5 -4
right_child=1 -3 4 -5 -6 -7
leaf_value=0.039131621157157112 -0.025932321616456123 0.032073069142875492 4.5816239015732238e-05 0.011683563138409757 -0.035562710077110996 0.074068093383272429
leaf_weight=1555.5782159119844 3234.4889744371176 509.92597307264805 1546.9944648444653 1370.9146107882261 315.1910784393549 60.907496720552444
leaf_count=712 15213 1746 6199 5586 1466 167
internal_value=0.000374138 -0.0130324 -0.0175187 0.0263154 -0.00333703 0.00307071
internal_weight=8594 5667.51 5157.58 2926.49 1923.09 1607.9
internal_count=31089 24791 23045 6298 7832 6366
is_linear=0
shrinkage=0.05


Tree=17
num_leaves=7
num_cat=0
split_feature=35 24 4 30 36 12
split_gain=1073.56 343.334 220.227 210.653 190.472 130.592
threshold=1332.7075000000002 706.50000000000011 2364.5000000000005 2.5000000000000004 5118.1291666666675 32.500000000000007
decision_type=8 8 10 2 10 10
left_child=3 2 5 -1 -4 -2
right_child=1 -3 4 -5 -6 -7
leaf_value=0.013470559930521701 -0.049533419783094605 0.028061784946889424 -0.0069681200525046755 0.040564195952979776 -0.035087759935220252 -0.0059768620313928426
leaf_weight=1935.7313677072525 705.27138578891754 454.81613104045391 3340.4666602909565 1142.7021082639694 730.78030972182751 229.09062652289867
leaf_count=5062 3745 1613 14409 1666 3513 1087
internal_value=-1.26619e-05 -0.0133213 -0.0171057 0.0235771 -0.0120524 -0.0389427
internal_weight=8538.86 5460.43 5005.61 3078.43 4071.25 934.362
internal_count=31095 24367 22754 6728 17922 4832
is_linear=0
shrinkage=0.05


Tree=18
num_leaves=7
num_cat=0
split_feature=36 34 24 24 12 23
split_gain=837.959 374.065 191.215 167.796 184.28 176.162
threshold=2701.1322222222229 52.826111111111125 831.50000000000011 102.50000000000001 16.500000000000004 5.0353701788701182
decision_type=8 10 10 10 10 10
left_child=1 -1 -3 5 -5 -2
right_child=3 2 -4 4 -6 -7
leaf_value=0.02802470877972817 -0.035484114196919797 -0.00369046149744244 0.027517000596100911 0.029852533860935032 -0.020653496997977569 0.0062947236769721393
leaf_weight=2024.6103066951036 1801.5392719954252 3086.5209513157606 578.49896039068699 278.14077857136726 493.80949456989765 291.67557781934738
leaf_count=1321 9335 13615 2333 1076 2076 1329
internal_value=-0.000299003 0.0108043 0.00126621 -0.0223282 -0.00238071 -0.0296614
internal_weight=8554.8 5689.63 3665.02 2865.17 771.95 2093.21
internal_count=31085 17269 15948 13816 3152 10664
is_linear=0
shrinkage=0.05


Tree=19
num_leaves=7
num_cat=0
split_feature=35 37 38 24 15 20
split_gain=924.277 269.643 253.902 195.896 143.116 139.582
threshold=2846.2472222222227 0.37797619047619052 1.0000000180025095e-35 452.50000000000006 176.50000000000003 0.12220435869953557
decision_type=8 2 2 8 10 10
left_child=1 -1 -3 -2 5 -4
right_child=3 2 4 -5 -6 -7
leaf_value=-0.015173657742255176 -0.020858405259081017 0.0085661879202821711 0.041391225432595234 0.024484698623095706 0.053345490369883952 0.0075789779283673524
leaf_weight=630.06505954265594 3583.3015347570181 2245.1989331543446 576.8580424785614 251.02643349766731 612.32735262811184 647.83656081557274
leaf_count=1857 17731 9272 338 965 400 469
internal_value=0.00035375 0.0151788 0.0198763 -0.0178619 0.0336387 0.0236088
internal_weight=8546.61 4712.29 4082.22 3834.33 1837.02 1224.69
internal_count=31032 12336 10479 18696 1207 807
is_linear=0
shrinkage=0.05


Tree=20
num_leaves=7
num_cat=0
split_feature=35 4 37 23 1 34
split_gain=804.294 310.432 257.116 164.621 130.993 117.121
threshold=1187.8637500000002 2364.5000000000005 0.37797619047619052 12.99467867376177 1022.5000000000001 5507.9051388888902
decision_type=8 8 2 10 10 8
left_child=3 -2 -3 4 -1 -4
right_child=1 2 5 -5 -6 -7
leaf_value=0.030782797212164533 -0.03803211990251773 -0.020817437144101739 0.0078746486561756673 0.07234500228599304 0.0086216927834175169 -0.018736205873693398
leaf_weight=1195.96458786726 904.31219404935837 1809.0579487085342 2366.081523925066 145.35437993705273 1511.8437515199184 495.9279537498951
leaf_count=2616 4825 8798 8922 115 3261 2525
internal_value=-0.000253389 -0.0113005 -0.00609018 0.0213159 0.0184483 0.0032389
internal_weight=8428.54 5575.38 4671.07 2853.16 2707.81 2862.01
internal_count=31062 25070 20245 5992 5877 11447
is_linear=0
shrinkage=0.05


Tree=21
num_leaves=7
num_cat=0
split_feature=35 37 32 4 0 24
split_gain=767.047 356.941 240.835 162.412 140.972 119.386
threshold=5507.604444444446 0.39047619047619053 1.0000000180025095e-35 68016.000000000015 119.50000000000001 79.500000000000014
decision_type=8 2 2 10 8 10
left_child=1 3 5 -1 -2 -3
right_child=4 2 -4 -5 -6 -7
leaf_value=-0.028045372901510868 -0.024667105617768661 -0.0080051789315375623 0.031577179129933595 0.01044324272218667 0.026811629444814983 0.014388915222856905
leaf_weight=740.5914564281702 2452.4330669045448 821.16056495904922 1747.3670974522829 430.05398899316788 136.60805547237396 2131.9368804842234
leaf_count=2834 12921 3679 845 1403 519 8875
internal_value=0.000742032 0.0107388 0.0168888 -0.0139217 -0.0219044 0.00815884
internal_weight=8460.15 5871.11 4700.46 1170.65 2589.04 2953.1
internal_count=31076 17636 13399 4237 13440 12554
is_linear=0
shrinkage=0.05


Tree=22
num_leaves=7
num_cat=0
split_feature=36 38 4 14 14 22
split_gain=690.596 312.427 230.249 150.209 128.9 120.817
threshold=2701.1322222222229 1.0000000180025095e-35 151889.50000000003 78.500000000000014 1.0000000180025095e-35 35.665644235385699
decision_type=8 2 8 10 10 10
left_child=1 -1 4 -3 -2 -6
right_child=2 3 -4 -5 5 -7
leaf_value=0.0022170781803133393 -0.036866088901304127 0.019021014474141312 0.040101487623246876 0.051324585705897666 -0.016621189008417896 0.059064095563843372
leaf_weight=3629.7729785591364 1017.2572972327471 1482.6532442271709 148.81040734052658 475.75839632749557 1579.4974873363972 49.729720205068588
leaf_count=15881 5530 977 532 336 7676 192
internal_value=0.000763869 0.0109115 -0.0195059 0.0269793 -0.0229269 -0.0141374
internal_weight=8383.48 5588.18 2795.29 1958.41 2646.48 1629.23
internal_count=31124 17194 13930 1313 13398 7868
is_linear=0
shrinkage=0.05


Tree=23
num_leaves=7
num_cat=0
split_feature=35 24 4 2 37 38
split_gain=652.531 347.102 193.534 147.094 139.486 115.321
threshold=1187.8637500000002 706.50000000000011 2364.5000000000005 2606.5000000000005 0.37797619047619052 1.0000000180025095e-35
decision_type=8 8 10 10 2 2
left_child=3 2 -2 5 -4 -1
right_child=1 -3 4 -5 -6 -7
leaf_value=0.015073635269848807 -0.035199745987693952 0.028140322689409827 -0.01998747958386024 0.010880015849657554 -0.0012938339208273188 0.048192779829692139
leaf_weight=463.27827499806881 867.6537299901247 542.68753980100155 1730.0843478292227 1801.5456303209066 2350.4224594533443 622.41908778250217
leaf_count=1879 4854 1800 8606 3720 9698 454
internal_value=0.000467417 -0.00964957 -0.0138184 0.0196909 -0.00923447 0.0341944
internal_weight=8378.09 5490.85 4948.16 2887.24 4080.51 1085.7
internal_count=31011 24958 23158 6053 18304 2333
is_linear=0
shrinkage=0.05


Tree=24
num_leaves=7
num_cat=0
split_feature=35 16 29 21 1 23
split_gain=605.249 253.487 202.642 156.534 131.452 135.78
threshold=1244.207916666667 288.50000000000006 2.5000000000000004 0.6250428375599727 1233.5000000000002 0.56611244158901608
decision_type=8 8 2 10 10 10
left_child=2 3 4 -2 5 -1
right_child=1 -3 -4 -5 -6 -7
leaf_value=0.053817879350969704 -0.011139299392399916 0.0062779353755040334 0.048923180883074915 -0.033777651336260171 0.0010303905602778475 0.014403512786039588
leaf_weight=286.91770899295807 2713.3485083132982 1581.2320009917021 439.57899966835976 1062.6806834191084 1274.1553467512131 894.27342835068703
leaf_count=615 13026 6049 353 5658 3109 2196
internal_value=-0.000563708 -0.0105153 0.0178389 -0.0175466 0.0121857 0.024164
internal_weight=8252.19 5357.26 2894.93 3776.03 2455.35 1181.19
internal_count=31006 24733 6273 18684 5920 2811
is_linear=0
shrinkage=0.05


Tree=25
num_leaves=7
num_cat=0
split_feature=35 24 28 4 2 35
split_gain=517.264 258.549 232.944 187.656 137.359 119.341
threshold=1187.8637500000002 706.50000000000011 2.5000000000000004 2364.5000000000005 3761.5000000000005 15925.140833333337
decision_type=8 8 2 10 10 10
left_child=2 3 4 -2 -1 -5
right_child=1 -3 -4 5 -6 -7
leaf_value=0.024768716051881627 -0.034045783010281584 0.023447699222223263 0.058871183093631346 -0.0063454469839324297 0.0014197777812040733 -0.047946984184713368
leaf_weight=1174.963434651494 848.72520193457603 544.33662766218185 296.23328924179077 3849.9206034243107 1352.5616910755634 175.67281022667885
leaf_count=2738 4858 1774 165 17281 3158 1049
internal_value=-5.10946e-05 -0.00909147 0.0172823 -0.0127456 0.0123014 -0.00821812
internal_weight=8242.41 5418.66 2823.76 4874.32 2527.53 4025.59
internal_count=31023 24962 6061 23188 5896 18330
is_linear=0
shrinkage=0.05


Tree=26
num_leaves=7
num_cat=0
split_feature=35 37 40 35 23 21
split_gain=481.926 280.476 228.342 195.795 115.539 125.218
threshold=5507.604444444446 0.37797619047619052 11.500000000000002 228.41652777777782 5.0353701788701182 0.23904084554391783
decision_type=8 2 2 10 8 10
left_child=1 -1 -2 -3 -4 -6
right_child=2 3 4 -5 5 -7
leaf_value=-0.01463186676625205 0.079370221896822496 0.033223122089304773 -0.025063301539859008 0.0080580505032788966 0.082485175857614501 -0.005631141080905502
leaf_weight=1107.4517956674099 53.401934623718262 971.90830750763416 2080.5619024634361 3729.1525524258614 42.458953469991684 264.59338827431202
leaf_count=4111 19 1007 11838 12576 184 1373
internal_value=0.000124724 0.00795882 -0.018495 0.0132905 -0.0208452 0.00767994
internal_weight=8249.53 5808.51 2441.02 4701.06 2387.61 307.052
internal_count=31108 17694 13414 13583 13395 1557
is_linear=0
shrinkage=0.05


Tree=27
num_leaves=7
num_cat=0
split_feature=34 37 35 24 12 23
split_gain=448.756 382.213 210.281 164.252 139.149 98.1194
threshold=5507.9051388888902 0.39047619047619053 228.41652777777782 81.500000000000014 724.00000000000011 5.0353701788701182
decision_type=8 2 10 10 10 10
left_child=1 5 4 -4 -3 -1
right_child=-2 2 3 -5 -6 -7
leaf_value=-0.017193766682642751 -0.02788029083463188 0.043018663575797436 -0.0093840418032639285 0.013020397382421074 0.0019045295706638155 0.035698252393918141
leaf_weight=1793.5426965653896 1258.5174596458673 750.06360338628292 1149.197153031826 2808.9009045958519 283.55971600115299 87.599092498421669
leaf_count=8148 7477 980 4561 9188 474 306
internal_value=-0.000492462 0.00453925 0.0117754 0.00651184 0.0318031 -0.0146426
internal_weight=8131.38 6872.86 4991.72 3958.1 1033.62 1881.14
internal_count=31134 23657 15203 13749 1454 8454
is_linear=0
shrinkage=0.05


Tree=28
num_leaves=7
num_cat=0
split_feature=16 21 29 14 38 2
split_gain=406.392 209.3 175.384 159.855 126.985 113.343
threshold=299.50000000000006 0.6002056202878685 2.5000000000000004 27.500000000000004 1.0000000180025095e-35 14810.000000000002
decision_type=8 10 2 8 2 10
left_child=1 2 5 -2 -5 -1
right_child=3 -3 -4 4 -6 -7
leaf_value=-0.0072752633828820747 -0.0010335701557786464 -0.025326131239981932 0.058483476428051739 0.010940077279576904 0.035635907329881811 0.028343080946579682
leaf_weight=3013.4206650853157 1230.7599827796221 1431.1905936747789 108.87664671242237 1217.0677649378777 913.38368807733059 236.29632037878036
leaf_count=13499 4004 6854 62 5155 637 868
internal_value=-1.74918e-06 -0.00935057 -0.00251541 0.0133146 0.0215865 -0.00464579
internal_weight=8151 4789.78 3358.59 3361.21 2130.45 3249.72
internal_count=31079 21283 14429 9796 5792 14367
is_linear=0
shrinkage=0.05


Tree=29
num_leaves=7
num_cat=0
split_feature=35 37 14 21 21 35
split_gain=385.514 199.292 133.594 162.467 125.18 131.687
threshold=5507.604444444446 0.37797619047619052 34.500000000000007 0.57778539334399526 0.30012406947890824 5647.727777777779
decision_type=8 2 10 10 10 10
left_child=1 -1 3 -3 5 -2
right_child=4 2 -4 -5 -6 -7
leaf_value=-0.01258026435610466 0.042473548767619669 0.011250217962858211 0.021545761545008191 -0.016891322375848158 -0.022321784208807871 -0.016630816497895544
leaf_weight=1087.564117282629 161.35074658691883 2008.789110943675 1847.0846793353558 683.3125296831131 2006.5024892091751 213.02864228188992
leaf_count=4154 753 6323 4912 2254 11587 1112
internal_value=-0.000533149 0.00660343 0.0112085 0.00408923 -0.0173776 0.00906615
internal_weight=8007.63 5626.75 4539.19 2692.1 2380.88 374.379
internal_count=31095 17643 13489 8577 13452 1865
is_linear=0
shrinkage=0.05


Tree=30
num_leaves=7
num_cat=0
split_feature=34 15 24 27 23 19
split_gain=360.798 208.101 135.777 120.975 109.366 93.4112
threshold=5507.9051388888902 136.50000000000003 872.50000000000011 2.5000000000000004 5.936436594464511 4.5000000000000009
decision_type=8 8 10 2 10 10
left_child=1 2 3 -1 -3 -2
right_child=5 4 -4 -5 -6 -7
leaf_value=-0.0050857741064105908 -0.010958211616113213 0.014942011534097783 0.021466315827939911 0.056782940215094571 0.057760942281180117 -0.038779796684123485
leaf_weight=4472.4581782817841 579.92935918271542 1494.1746538281441 586.49626782536507 75.452878370881081 161.84516482055187 636.34829775989056
leaf_count=17453 3614 4105 1744 31 242 3853
internal_value=-0.000592765 0.0039044 -0.00107128 -0.0039981 0.019288 -0.0256135
internal_weight=8006.7 6790.43 5134.41 4547.91 1656.02 1216.28
internal_count=31042 23575 19228 17484 4347 7467
is_linear=0
shrinkage=0.05


Tree=31
num_leaves=7
num_cat=0
split_feature=38 37 36 23 2 16
split_gain=364.652 237.619 132.143 118.231 104.35 130.898
threshold=1.0000000180025095e-35 0.25833333333333336 5397.7402777777779 1.5825191150864963 3489.5000000000005 199.50000000000003
decision_type=2 2 8 8 10 10
left_child=1 -1 -3 4 5 -2
right_child=3 2 -4 -5 -6 -7
leaf_value=-0.026447771515793302 -0.0048589523167420308 0.003506202415312955 -0.016152731427520387 0.033770577670330572 -0.0038644008832802328 0.039629791891323242
leaf_weight=1151.5731501430273 262.34860734641552 3600.3033168762922 1115.4778866171837 751.39945736527443 735.07630729675293 437.58339132368565
leaf_count=6776 221 16016 6685 627 465 335
internal_value=0.000357116 -0.00613836 -0.00115613 0.0177623 0.00929196 0.0230383
internal_weight=8053.76 5867.35 4715.78 2186.41 1435.01 699.932
internal_count=31125 29477 22701 1648 1021 556
is_linear=0
shrinkage=0.05


Tree=32
num_leaves=7
num_cat=0
split_feature=35 28 15 35 8 12
split_gain=307.44 195.089 124.589 122.004 99.7704 105.432
threshold=5507.604444444446 2.5000000000000004 90.500000000000014 14711.324027777779 18.500000000000004 10.500000000000002
decision_type=8 2 10 10 10 8
left_child=1 2 -1 4 5 -2
right_child=3 -3 -4 -5 -6 -7
leaf_value=-0.0023922100592868312 -0.019480684508762131 0.048784894131080392 0.013273851307237412 -0.049802304370626445 -0.026908714269832237 0.0087025190944841953
leaf_weight=3346.1276564896107 597.51554384827614 244.41143302619457 2038.3740592598915 236.33760775625706 732.74159805476665 734.16374811530113
leaf_count=11688 3683 163 5766 1605 4125 4003
internal_value=-0.000743739 0.00555109 0.0035452 -0.016123 -0.0121563 -0.00396866
internal_weight=7929.67 5628.91 5384.5 2300.76 2064.42 1331.68
internal_count=31033 17617 17454 13416 11811 7686
is_linear=0
shrinkage=0.05


Tree=33
num_leaves=7
num_cat=0
split_feature=38 37 4 8 1 24
split_gain=392.398 201.252 141.776 125.154 88.6594 87.4844
threshold=1.0000000180025095e-35 0.25833333333333336 2039.5000000000002 1.5000000000000002 998.50000000000011 26.500000000000004
decision_type=2 2 10 8 10 10
left_child=1 5 -3 -2 -5 -1
right_child=3 2 -4 4 -6 -7
leaf_value=-0.045232214436549997 -0.0090363821157787988 -0.025550305715868006 0.0018802527451056137 0.038310944192751231 0.015539698840539577 -0.015112425749096034
leaf_weight=353.65122716128826 330.41695839166641 526.2428959608078 4153.7708479911089 694.74736052751541 1131.7391825914383 762.8098141849041
leaf_count=2326 326 3294 19320 595 728 4406
internal_value=0.000987849 -0.00578817 -0.00122815 0.019169 0.0242822 -0.0248123
internal_weight=7953.38 5796.47 4680.01 2156.9 1826.49 1116.46
internal_count=30995 29346 22614 1649 1323 6732
is_linear=0
shrinkage=0.05


Tree=34
num_leaves=7
num_cat=0
split_feature=37 15 24 36 23 35
split_gain=292.261 199.557 113.348 127.134 166.419 107.426
threshold=0.25833333333333336 108.50000000000001 143.50000000000003 308.36152777777784 5.0353701788701182 228.41652777777782
decision_type=2 8 10 10 10 8
left_child=-1 2 3 4 -2 -4
right_child=1 -3 5 -5 -6 -7
leaf_value=-0.022650365317628967 -0.026761693446018642 0.016616253275755204 0.046029770773172503 0.0029561997122748169 0.016029003153114285 0.0035007794360691355
leaf_weight=1261.8501474782825 1193.9027858152986 2027.6911913454533 156.8758003115654 1255.0828405022621 276.79799431562424 1809.8473145961761
leaf_count=6850 5999 5521 150 5040 1246 6381
internal_value=-0.000620641 0.00352964 -0.00213692 -0.00873107 -0.0186811 0.00700123
internal_weight=7982.05 6720.2 4692.51 2725.78 1470.7 1966.72
internal_count=31187 24337 18816 12285 7245 6531
is_linear=0
shrinkage=0.05


Tree=35
num_leaves=7
num_cat=0
split_feature=34 37 16 36 36 20
split_gain=264.219 238.121 138.544 127.271 121.88 121.185
threshold=5507.9051388888902 0.37797619047619052 958.50000000000011 1.7748611111111112 30.045555555555559 0.30841060345472227
decision_type=8 2 8 8 8 10
left_child=1 3 5 -1 -5 -3
right_child=-2 2 -4 4 -6 -7
leaf_value=-0.070134899128246983 -0.022471985344392074 0.010046578388984524 0.028172357369580792 0.06038961715145709 -0.011557944487008028 -0.010288805093627141
leaf_weight=84.882351577281952 1141.6499480381608 3237.242491081357 795.55186356604099 56.111503273248672 1654.7326497361064 942.10064050555229
leaf_count=382 7409 10200 1893 57 7906 3126
internal_value=-0.000275555 0.00348099 0.00911311 -0.0121043 -0.00902914 0.00545579
internal_weight=7912.27 6770.62 4974.89 1795.73 1710.84 4179.34
internal_count=30973 23564 15219 8345 7963 13326
is_linear=0
shrinkage=0.05


Tree=36
num_leaves=7
num_cat=0
split_feature=16 21 28 10 23 11
split_gain=250.339 167.198 133.705 138.477 94.5837 93.8054
threshold=288.50000000000006 0.6002056202878685 2.5000000000000004 388.50000000000006 12.99467867376177 56.500000000000007
decision_type=8 10 2 10 8 10
left_child=1 2 3 -1 -2 -3
right_child=4 5 -4 -5 -6 -7
leaf_value=-0.0048641214902921861 0.0089082553082721356 -0.033528199710725959 0.055589867515220243 0.059954383700136317 0.054365682132483654 -0.0063842734294674219
leaf_weight=3006.426248319447 3276.685616210103 774.53669448941946 95.206916362047195 79.728900536894798 113.85283400118351 542.70073732733727
leaf_count=13805 9930 4615 47 245 185 2135
internal_value=0.000261573 -0.00746752 -0.00125459 -0.00309531 0.0105125 -0.0224114
internal_weight=7889.14 4498.6 3181.36 3086.16 3390.54 1317.24
internal_count=30962 20847 14097 14050 10115 6750
is_linear=0
shrinkage=0.05


Tree=37
num_leaves=7
num_cat=0
split_feature=37 15 20 23 8 36
split_gain=251.213 172.042 100.041 89.3036 88.8814 132.041
threshold=0.25833333333333336 116.50000000000001 0.62639354663282887 12.99467867376177 14.500000000000002 4824.6498611111119
decision_type=2 8 10 8 10 8
left_child=-1 2 4 -3 -2 -6
right_child=1 3 -4 -5 5 -7
leaf_value=-0.020508514978442798 0.00831252218295888 0.013456555370575378 -0.0323495601151782 0.054722792032779334 -5.4052333762200939e-05 -0.028843659137067979
leaf_weight=1240.6304538026452 2016.4490934833884 1788.3368067368865 239.01201394200325 137.37801973521709 1997.9152137637138 492.43254528194666
leaf_count=6860 8467 4981 1204 207 6507 2869
internal_value=0.000104968 0.00395072 -0.00116746 0.0165345 0.000520259 -0.0057932
internal_weight=7912.15 6671.52 4745.81 1925.71 4506.8 2490.35
internal_count=31095 24235 19047 5188 17843 9376
is_linear=0
shrinkage=0.05


Tree=38
num_leaves=7
num_cat=0
split_feature=15 29 4 4 36 10
split_gain=204.989 147.592 109.438 83.904 78.8438 73.4004
threshold=1.0000000180025095e-35 2.5000000000000004 2183.5000000000005 141674.50000000003 133.43680555555559 15.500000000000002
decision_type=10 2 10 10 8 10
left_child=3 2 4 -1 -2 -6
right_child=1 -3 -4 -5 5 -7
leaf_value=-0.032083576831587905 0.036568729304825028 0.032004941213290637 0.0015625674420869781 0.033667334435134748 -0.031714237878137236 0.035794824385681254
leaf_weight=638.31506142765284 50.189358130097389 365.40079116821289 6185.7338092327118 48.475372418761253 501.28212573379278 39.643996119499207
leaf_count=3992 144 372 23103 185 3012 192
internal_value=-0.00124476 0.00127153 -0.000407954 -0.0272329 -0.0208686 -0.026484
internal_weight=7829.04 7142.25 6776.85 686.79 591.115 540.926
internal_count=31000 26823 26451 4177 3348 3204
is_linear=0
shrinkage=0.05


Tree=39
num_leaves=7
num_cat=0
split_feature=37 16 21 19 23 34
split_gain=219.017 179.774 155.285 142.224 119.743 117.322
threshold=0.25833333333333336 728.50000000000011 0.6002056202878685 13.500000000000002 6.3009915457578591 204.79777777777781
decision_type=2 8 10 10 10 8
left_child=-1 2 4 -3 -2 -5
right_child=1 3 -4 5 -6 -7
leaf_value=-0.018760681881054016 0.003564969045976433 0.059660270218860348 -0.013200518745725554 0.029156522256815937 0.042150335009914275 -0.0049100962646107908
leaf_weight=1211.4457437619567 3709.8242965862155 200.33160470426083 1506.6404803097248 558.65739305317402 207.69545120000839 455.89178855717182
leaf_count=6846 13624 543 6616 830 808 1910
internal_value=0.000745216 0.00431596 0.000415162 0.021659 0.00566177 0.0138995
internal_weight=7850.49 6639.04 5424.16 1214.88 3917.52 1014.55
internal_count=31177 24331 21048 3283 14432 2740
is_linear=0
shrinkage=0.05


Tree=40
num_leaves=7
num_cat=0
split_feature=38 24 18 37 35 36
split_gain=259.398 156.837 113.696 146.405 122.769 104.302
threshold=1.0000000180025095e-35 17.500000000000004 28.500000000000004 0.68857758620689669 228.41652777777782 4917.4005555555568
decision_type=2 10 8 2 10 10
left_child=1 -1 3 4 -2 -3
right_child=2 5 -4 -5 -6 -7
leaf_value=-0.023590017698162675 0.022562539309786703 0.0012859019718950715 0.036980172913562759 0.031255301464605985 -0.012411795519142935 -0.02192482844506298
leaf_weight=953.48901845514774 368.24969689548016 4175.4042549878359 468.3139151185751 508.03801670670509 760.59746563434601 542.41389099508524
leaf_count=6281 306 19537 263 468 637 3533
internal_value=0.000413837 -0.00515073 0.0153812 0.00910793 -0.000953372 -0.00140305
internal_weight=7776.51 5671.31 2105.2 1636.89 1128.85 4717.82
internal_count=31025 29351 1674 1411 943 23070
is_linear=0
shrinkage=0.05


Tree=41
num_leaves=7
num_cat=0
split_feature=15 27 24 24 23 34
split_gain=172.545 125.254 116.09 130.009 94.5461 115.835
threshold=1.0000000180025095e-35 2.5000000000000004 872.50000000000011 1076.5000000000002 5.0353701788701182 10765.585138888891
decision_type=8 2 8 10 10 8
left_child=-1 2 4 -4 5 -2
right_child=1 -3 3 -5 -6 -7
leaf_value=-0.024694031144148205 -0.0013171794267296099 0.060463881738602211 0.044380864601670726 0.0030015206920834358 0.01982726346154207 -0.030450852105354073
leaf_weight=674.62585447728634 5419.6641700714827 84.454127818346024 302.10450178384781 499.13414956629276 480.1646164804697 359.15100556612015
leaf_count=4234 20443 43 837 1459 1699 2485
internal_value=-0.000619315 0.00166959 0.000923999 0.0187819 -0.00137524 -0.00315258
internal_weight=7819.3 7144.67 7060.22 801.239 6258.98 5778.82
internal_count=31200 26966 26923 2296 24627 22928
is_linear=0
shrinkage=0.05


Tree=42
num_leaves=7
num_cat=0
split_feature=15 28 4 36 24 4
split_gain=178.448 131.066 111.475 107.601 80.7563 108.729
threshold=1.0000000180025095e-35 2.5000000000000004 2364.5000000000005 133.43680555555559 872.50000000000011 25782.500000000004
decision_type=8 2 8 8 8 10
left_child=-1 2 3 -2 -4 -6
right_child=1 -3 4 -5 5 -7
leaf_value=-0.024738874311539469 0.043740103412847051 0.038659698507822138 0.00090979389257238297 -0.025712636325424844 0.044144407365770862 0.0047173413869061017
leaf_weight=661.63051350414753 57.264000400900841 234.73165872693062 5443.5800399258733 565.76260282099247 259.92712242901325 518.50326085090637
leaf_count=4207 185 165 20765 3444 698 1565
internal_value=-7.02688e-06 0.00232008 0.00104661 -0.0190316 0.00307076 0.0180802
internal_weight=7741.4 7079.77 6845.04 623.027 6222.01 778.43
internal_count=31029 26822 26657 3629 23028 2263
is_linear=0
shrinkage=0.05


Tree=43
num_leaves=7
num_cat=0
split_feature=37 23 36 36 8 36
split_gain=175.482 161.5 149.4 117.771 214.983 111.629
threshold=0.73385416666666681 5.0353701788701182 5118.1291666666675 3806.3420833333334 1.5000000000000002 3513.7331944444445
decision_type=2 8 8 10 10 8
left_child=1 2 3 5 -5 -1
right_child=-2 -3 -4 4 -6 -7
leaf_value=-0.0012286908883379739 0.016170429730047248 0.02384990098927163 -0.020588920455440154 -0.024507868608799704 0.081011652498408179 -0.041524703809942339
leaf_weight=4128.5724715515971 1451.9430146440864 506.09384082257748 1269.2123537883162 80.316863194108009 109.36797768622637 174.35223775357008
leaf_count=14490 4269 1881 8215 503 409 1236
internal_value=0.000538786 -0.00309224 -0.00547735 -0.00119002 0.0368503 -0.00290776
internal_weight=7719.86 6267.92 5761.82 4492.61 189.685 4302.92
internal_count=31003 26734 24853 16638 912 15726
is_linear=0
shrinkage=0.05


Tree=44
num_leaves=7
num_cat=0
split_feature=37 22 24 24 11 12
split_gain=146.959 111.7 129.616 110.243 85.9759 104.377
threshold=0.25833333333333336 24.457002346748819 14.500000000000002 27.500000000000004 206.50000000000003 834.50000000000011
decision_type=2 8 10 10 10 10
left_child=3 2 -2 -1 5 -4
right_child=1 -3 4 -5 -6 -7
leaf_value=-0.039957853390228032 -0.020080983448018536 0.042655718412916134 0.0043036157671989071 -0.0061423168367633627 0.018494705398057126 -0.019185734967735665
leaf_weight=336.08824876695871 591.1707165017724 169.66971954703331 4394.0997078716755 829.68766409903765 907.2867775708437 524.94192644953728
leaf_count=2409 3353 429 16178 4394 2689 1624
internal_value=0.000304215 0.00320322 0.00212775 -0.0160202 0.00439646 0.00177998
internal_weight=7752.94 6587.17 6417.5 1165.78 5826.33 4919.04
internal_count=31076 24273 23844 6803 20491 17802
is_linear=0
shrinkage=0.05


Tree=45
num_leaves=7
num_cat=0
split_feature=15 22 24 37 27 24
split_gain=151.106 130.917 95.621 93.387 95.4253 67.9063
threshold=1.0000000180025095e-35 35.665644235385699 706.50000000000011 0.93933823529411775 2.5000000000000004 14.500000000000002
decision_type=8 8 10 2 2 10
left_child=-1 2 3 4 5 -2
right_child=1 -3 -4 -5 -6 -7
leaf_value=-0.023659385750898175 -0.019620200065356391 0.053059012868804628 0.013402379625076403 0.061821354587502264 0.0505645180949328 -0.0016210628551507223
leaf_weight=646.79916401207447 579.87893827259541 116.01010532677174 1201.3064577132463 51.625011309981346 77.856540367007256 5048.3632563874125
leaf_count=4237 3233 266 3454 102 42 19846
internal_value=-0.000622524 0.00149872 0.000601714 -0.00207836 -0.0027101 -0.00349129
internal_weight=7721.84 7075.04 6959.03 5757.72 5706.1 5628.24
internal_count=31180 26943 26677 23223 23121 23079
is_linear=0
shrinkage=0.05


Tree=46
num_leaves=7
num_cat=0
split_feature=34 35 24 8 0 22
split_gain=153.799 124.866 86.8208 113.55 124.78 79.2278
threshold=61.533333333333339 15925.140833333337 863.50000000000011 15.500000000000002 34.500000000000007 2.4628730585351959
decision_type=8 10 10 10 10 8
left_child=5 2 3 4 -2 -1
right_child=1 -3 -4 -5 -6 -7
leaf_value=0.0071566781451593833 -0.0031668671070120198 -0.046693711763793569 0.016618460799523165 -0.012137284162930534 0.024173024544068888 0.032133371956217537
leaf_weight=1649.4550574868917 1813.6527877449989 161.47208586335182 519.21789276599884 2529.5027145147324 536.74302068352699 389.66804872453213
leaf_count=1395 10782 1365 2113 12368 2621 346
internal_value=0.000267606 -0.00404043 -0.00272277 -0.00479556 0.00311461 0.0119965
internal_weight=7599.71 5560.59 5399.12 4879.9 2350.4 2039.12
internal_count=30990 29249 27884 25771 13403 1741
is_linear=0
shrinkage=0.05


Tree=47
num_leaves=7
num_cat=0
split_feature=14 28 12 3 1 36
split_gain=151.017 118.385 84.8722 82.7711 75.1284 58.1506
threshold=1.0000000180025095e-35 2.5000000000000004 26.500000000000004 130.50000000000003 8172.5000000000009 1.7748611111111112
decision_type=8 2 10 10 10 8
left_child=2 5 4 -4 -1 -2
right_child=1 -3 3 -5 -6 -7
leaf_value=-0.026254712183300118 -0.026438101972135499 0.040030175537942636 0.054127374484907009 -0.0059555798212295391 0.043723331671202438 0.0024029212459403164
leaf_weight=944.24664486199617 175.26000174880028 201.63567896187305 59.574696034193039 505.38345231860876 35.579769782721996 5751.0981396064162
leaf_count=5749 730 154 267 2392 128 21754
internal_value=-0.000697455 0.0028269 -0.0146422 0.000799408 -0.0235046 0.00152844
internal_weight=7672.78 6127.99 1544.78 564.958 979.826 5926.36
internal_count=31174 22638 8536 2659 5877 22484
is_linear=0
shrinkage=0.05


Tree=48
num_leaves=7
num_cat=0
split_feature=15 27 36 36 8 36
split_gain=131.028 101.527 87.9588 108.96 207.688 84.8952
threshold=1.0000000180025095e-35 2.5000000000000004 5118.1291666666675 3806.3420833333334 1.5000000000000002 1.7748611111111112
decision_type=8 2 10 10 10 8
left_child=-1 2 3 5 -5 -2
right_child=1 -3 -4 4 -6 -7
leaf_value=-0.02193448822441809 -0.029012188654240857 0.057514519453055371 -0.018107750853821394 -0.032280302328988673 0.078760932319774324 0.0029416533502563198
leaf_weight=617.18238104134798 210.2201531380415 76.404713094234467 531.46890910714865 60.800218939781189 117.22340056300163 6090.079052105546
leaf_count=4213 823 44 3311 392 403 21904
internal_value=6.59588e-05 0.00199623 0.00135054 0.00295959 0.0409913 0.0018533
internal_weight=7703.38 7086.2 7009.79 6478.32 178.024 6300.3
internal_count=31090 26877 26833 23522 795 22727
is_linear=0
shrinkage=0.05


Tree=49
num_leaves=7
num_cat=0
split_feature=34 35 24 8 24 25
split_gain=179.567 127.987 86.1407 88.6321 103.387 100.844
threshold=29.43930555555556 15925.140833333337 16.500000000000004 12.500000000000002 729.50000000000011 0.79455277033840077
decision_type=8 10 10 10 10 10
left_child=-1 2 -2 5 -5 -4
right_child=1 -3 3 4 -6 -7
leaf_value=0.014776812415517829 -0.01684558834738718 -0.046530580654398863 0.016809532881919255 -0.0094957193734134925 0.012523248220722833 -0.010431173672679733
leaf_weight=1908.8189029172063 791.90067804604769 158.48209389299154 1309.5786611810327 2275.1359737738967 691.11522448062897 454.32421835511923
leaf_count=1097 5418 1419 7123 10905 2815 2305
internal_value=0.00153024 -0.00293005 -0.00163776 0.000923361 -0.00435302 0.00978356
internal_weight=7589.36 5680.54 5522.05 4730.15 2966.25 1763.9
internal_count=31082 29985 28566 23148 13720 9428
is_linear=0
shrinkage=0.05


Tree=50
num_leaves=7
num_cat=0
split_feature=14 4 12 36 36 4
split_gain=125.966 83.2739 90.2574 82.9023 97.4477 113.931
threshold=1.0000000180025095e-35 202207.00000000003 26.500000000000004 5118.1291666666675 3970.1341666666672 28825.500000000004
decision_type=8 10 10 10 10 10
left_child=1 2 -1 4 -2 -6
right_child=3 -3 -4 -5 5 -7
leaf_value=-0.024597580577118618 0.0039615722104192124 0.047781474507317512 0.00093435065708094729 -0.017912291532832213 -0.0031661307464791082 0.086012833104504485
leaf_weight=905.31532154232264 5534.0664866268635 50.204213038086891 557.94295082986355 418.57135839015245 64.931459315121174 73.935915976762772
leaf_count=5715 19381 181 2599 2614 394 181
internal_value=0.000222936 -0.0126627 -0.0148922 0.00343219 0.00502146 0.0456538
internal_weight=7604.97 1513.46 1463.26 6091.51 5672.93 138.867
internal_count=31065 8495 8314 22570 19956 575
is_linear=0
shrinkage=0.05


Tree=51
num_leaves=7
num_cat=0
split_feature=40 15 31 36 36 36
split_gain=122.199 109.428 119.744 78.6813 115.209 120.417
threshold=10.500000000000002 138.50000000000003 1.5000000000000002 9504.3365277777793 6841.5052777777792 5397.7402777777779
decision_type=2 8 2 10 10 10
left_child=-1 2 3 4 5 -2
right_child=1 -3 -4 -5 -6 -7
leaf_value=0.021057153467994326 -0.0020970096857293157 0.010359251438699353 -0.043796891282353867 -0.041510797615171006 0.052830083342227024 -0.037268850181566192
leaf_weight=616.22845053672791 4885.9062786623836 1403.5840331465006 189.42593540251255 130.16606473922729 86.253518894314766 251.16118165850639
leaf_count=197 22790 4577 64 1059 526 1775
internal_value=-0.000189635 -0.00208824 -0.00524671 -0.00384307 -0.00286558 -0.0038512
internal_weight=7562.73 6946.5 5542.91 5353.49 5223.32 5137.07
internal_count=30988 30791 26214 26150 25091 24565
is_linear=0
shrinkage=0.05


Tree=52
num_leaves=7
num_cat=0
split_feature=4 30 21 25 22 12
split_gain=110.809 130.669 90.6759 103.93 97.9079 123.646
threshold=2183.5000000000005 2.5000000000000004 0.6002056202878685 0.21514191378532466 1.2258100535913703 473.50000000000006
decision_type=8 2 10 10 10 10
left_child=1 -1 3 -2 5 -4
right_child=2 -3 4 -5 -6 -7
leaf_value=-0.02533827065629439 0.060272026822265658 0.056712264556053195 -0.010353124911907522 0.0036614437620719159 -0.018434678227281922 0.025436244352959516
leaf_weight=680.94118991494179 77.549895390868187 47.546450331807137 631.42276630550623 4640.4985021054745 1063.2769038379192 383.84320141375065
leaf_count=4692 226 62 3103 17354 4369 1263
internal_value=-0.00116964 -0.019633 0.00082232 0.00465477 -0.00786717 0.00323616
internal_weight=7525.08 728.488 6796.59 4718.05 2078.54 1015.27
internal_count=31069 4754 26315 17580 8735 4366
is_linear=0
shrinkage=0.05


Tree=53
num_leaves=7
num_cat=0
split_feature=23 34 24 27 20 40
split_gain=129.967 164.888 104.489 91.6169 71.2105 92.6593
threshold=5.936436594464511 10765.585138888891 15.500000000000002 2.5000000000000004 0.0042441032121259591 4.5000000000000009
decision_type=8 8 10 2 10 2
left_child=1 2 -1 4 -4 -6
right_child=-2 -3 3 -5 5 -7
leaf_value=-0.019398735234429129 0.025758747120274147 -0.029385967863323748 0.025224489705488542 0.057924847287292358 -0.046915864450517278 0.0014079871138430744
leaf_weight=593.18456062674522 459.02823641896248 490.04819642007351 303.26916565001011 68.685730874538422 96.004830837249756 5544.6003413423896
leaf_count=3462 1684 3910 1101 38 29 20808
internal_value=0.000121762 -0.00155367 0.000531737 0.00251251 0.00182404 0.000544678
internal_weight=7554.82 7095.79 6605.74 6012.56 5943.87 5640.61
internal_count=31032 29348 25438 21976 21938 20837
is_linear=0
shrinkage=0.05


Tree=54
num_leaves=7
num_cat=0
split_feature=15 22 37 34 19 4
split_gain=108.697 81.371 82.4647 72.3746 89.3249 81.715
threshold=1.0000000180025095e-35 35.665644235385699 0.93933823529411775 9445.7581944444464 2.5000000000000004 1162.5000000000002
decision_type=10 10 2 8 10 10
left_child=-1 2 3 -2 5 -5
right_child=1 -3 -4 4 -6 -7
leaf_value=-0.021223213079952442 0.0011571771366623615 0.043705663869062161 0.059403431491103054 -0.034048976314879478 -0.03131391094339106 0.049100729417382083
leaf_weight=596.27570939809084 6349.4604644775391 104.44528764486313 53.419764190912247 42.876770168542862 357.01549664139748 73.804799653589725
leaf_count=4168 23086 247 105 347 2588 473
internal_value=-0.000824414 0.000931867 0.000250912 -0.000255364 -0.0190035 0.0184023
internal_weight=7577.3 6981.02 6876.58 6823.16 473.697 116.682
internal_count=31014 26846 26599 26494 3408 820
is_linear=0
shrinkage=0.05


Tree=55
num_leaves=7
num_cat=0
split_feature=37 21 16 6 38 37
split_gain=102.922 105.145 89.5077 104.206 100.733 98.0694
threshold=0.25833333333333336 0.06277844413982181 958.50000000000011 122.50000000000001 1.5000000000000002 0.76533166458072599
decision_type=2 10 10 10 2 2
left_child=-1 -2 3 -3 5 -4
right_child=1 2 4 -5 -6 -7
leaf_value=-0.01465406498143401 0.068354201745488993 -0.00010228206234632866 0.017273922540633282 -0.052526800240940578 0.052740515760840261 -0.033966649551014347
leaf_weight=1110.0687097609043 53.790476687252522 5572.7661157920957 502.98061674833298 91.430504828691483 153.3150475397706 109.58653444051743
leaf_count=6852 116 21826 1554 206 192 344
internal_value=-0.000621809 0.00179002 0.0011805 -0.00099409 0.0171652 0.00790634
internal_weight=7593.94 6483.87 6430.08 5664.2 765.882 612.567
internal_count=31090 24238 24122 22032 2090 1898
is_linear=0
shrinkage=0.05


Tree=56
num_leaves=7
num_cat=0
split_feature=37 24 27 8 35 24
split_gain=118.114 89.6982 80.583 82.2622 131.389 108.469
threshold=0.25833333333333336 27.500000000000004 1.0000000180025095e-35 11.500000000000002 8988.4988888888893 729.50000000000011
decision_type=2 10 2 10 10 10
left_child=1 -1 3 4 -2 -5
right_child=2 -3 -4 5 -6 -7
leaf_value=-0.03748521166119434 0.0061172601710407157 -0.0053179823706536629 0.012656251120389529 -0.0097611078103421872 0.073133113120479598 0.01283888601785744
leaf_weight=288.40334388613701 1598.5724015906453 837.54001457244158 1842.9390615969896 2324.530265815556 71.736701555550098 682.98744966089725
leaf_count=2378 8562 4512 1022 11543 437 2786
internal_value=0.00123172 -0.0136867 0.0038162 0.000323663 0.00920515 -0.00461601
internal_weight=7646.71 1125.94 6520.77 4677.83 1670.31 3007.52
internal_count=31240 6890 24350 23328 8999 14329
is_linear=0
shrinkage=0.05


Tree=57
num_leaves=7
num_cat=0
split_feature=37 22 15 12 36 4
split_gain=98.313 86.0756 66.6871 63.0541 67.725 62.4606
threshold=0.73385416666666681 35.665644235385699 1.0000000180025095e-35 13.500000000000002 6527.2881944444453 924.50000000000011
decision_type=2 8 10 10 8 10
left_child=1 2 3 -1 -5 -2
right_child=5 -3 -4 4 -6 -7
leaf_value=-0.032752527703423337 -0.034011668325482726 0.038547730072470816 -0.0023193523927291476 -0.015424651873887861 0.052732171920977206 0.014073166860436104
leaf_weight=354.63475994765759 66.509565368294716 116.57321149110794 5501.2867942601442 122.42242232710123 46.086178064346313 1312.1033427193761
leaf_count=2800 380 313 22636 803 299 3860
internal_value=-0.000402878 -0.00311343 -0.00395088 -0.0209233 0.00419829 0.0116388
internal_weight=7519.62 6141 6024.43 523.143 168.509 1378.61
internal_count=31091 26851 26538 3902 1102 4240
is_linear=0
shrinkage=0.05


Tree=58
num_leaves=7
num_cat=0
split_feature=21 4 12 36 36 36
split_gain=103.492 112.306 121.966 82.4505 95.7198 81.5951
threshold=0.06277844413982181 2364.5000000000005 23.500000000000004 5118.1291666666675 6841.5052777777792 3806.3420833333334
decision_type=10 10 10 10 10 10
left_child=-1 2 -2 5 -5 -3
right_child=1 3 -4 4 -6 -7
leaf_value=0.062193187578362064 -0.034357081384980281 0.0023443304337228722 0.0069990680878555013 -0.033276160688726047 0.010896914455836966 0.037190181990780891
leaf_weight=61.754983872175217 463.19821820408106 6047.3436804413795 285.5459031239152 332.42850606888533 189.53948052972555 167.84127825498581
leaf_count=159 3450 21676 1585 2229 1298 747
internal_value=0.00021285 -0.000339629 -0.0186434 0.00170691 -0.0172846 0.00331448
internal_weight=7547.65 7485.9 748.744 6737.15 521.968 6215.18
internal_count=31144 30985 5035 25950 3527 22423
is_linear=0
shrinkage=0.05


Tree=59
num_leaves=7
num_cat=0
split_feature=37 12 29 21 24 8
split_gain=99.7165 75.0157 73.169 85.0523 63.6731 60.6056
threshold=0.25833333333333336 5011.0000000000009 4.5000000000000009 0.06277844413982181 14.500000000000002 12.500000000000002
decision_type=2 10 2 10 10 10
left_child=1 -1 3 -2 -5 -6
right_child=2 -3 -4 4 5 -7
leaf_value=-0.01582510963699443 0.062628374872543413 0.056288241083528506 0.041812385327465736 -0.013131407638065536 0.011085919183376872 -0.00010809515849497347
leaf_weight=1045.8116430565715 52.821511998772621 32.528842315077782 114.1948706060648 643.46819093078375 1760.3568735793233 3837.4662959873676
leaf_count=6694 122 96 109 3672 7058 13242
internal_value=0.000631138 -0.0134 0.0030008 0.002264 0.0017034 0.00341886
internal_weight=7486.65 1078.34 6408.31 6294.11 6241.29 5597.82
internal_count=30993 6790 24203 24094 23972 20300
is_linear=0
shrinkage=0.05


end of trees

feature_importances:
n_dying_ch=42
ev_h_since_prev=39
ev_gap_last=34
ev_relapse_rate=31
n_rows_28d=24
n_alarm_28d=19
n_undef_28d=15
rate_28d=14
ev_h_since_inc=14
n_alarm_7d=13
ev_open_ch=13
act_share_7d=12
n_bad_28d=9
ev_inc_168h=9
ev_inc_672h=8
rate_7d=7
n_alarm_3d=6
ev_inc_24h=6
ev_inc_72h=6
n_active_ch=5
n_rows_3d=5
n_rows_1d=4
act_share_1d=4
n_rows_7d=3
n_ch_bad_28d=3
dying_share=3
hour=3
n_undef_3d=2
n_undef_7d=2
n_ch_bad_7d=2
n_bad_3d=1
ev_fail_3h=1
ev_fail_24h=1

parameters:
[boosting: gbdt]
[objective: binary]
[metric: average_precision]
[tree_learner: serial]
[device_type: cpu]
[data_sample_strategy: bagging]
[data: ]
[valid: ]
[num_iterations: 2000]
[learning_rate: 0.05]
[num_leaves: 7]
[num_threads: 6]
[seed: 66]
[deterministic: 1]
[force_col_wise: 1]
[force_row_wise: 0]
[histogram_pool_size: -1]
[max_depth: -1]
[min_data_in_leaf: 200]
[min_sum_hessian_in_leaf: 0.001]
[bagging_fraction: 0.8]
[pos_bagging_fraction: 1]
[neg_bagging_fraction: 1]
[bagging_freq: 1]
[bagging_seed: 28986]
[bagging_by_query: 0]
[feature_fraction: 0.8]
[feature_fraction_bynode: 1]
[feature_fraction_seed: 17751]
[extra_trees: 0]
[extra_seed: 8817]
[early_stopping_round: 0]
[early_stopping_min_delta: 0]
[first_metric_only: 1]
[max_delta_step: 0]
[lambda_l1: 0]
[lambda_l2: 5]
[linear_lambda: 0]
[min_gain_to_split: 0]
[drop_rate: 0.1]
[max_drop: 50]
[skip_drop: 0.5]
[xgboost_dart_mode: 0]
[uniform_drop: 0]
[drop_seed: 20625]
[top_rate: 0.2]
[other_rate: 0.1]
[min_data_per_group: 100]
[max_cat_threshold: 32]
[cat_l2: 10]
[cat_smooth: 10]
[max_cat_to_onehot: 4]
[top_k: 20]
[monotone_constraints: ]
[monotone_constraints_method: basic]
[monotone_penalty: 0]
[feature_contri: ]
[forcedsplits_filename: ]
[refit_decay_rate: 0.9]
[cegb_tradeoff: 1]
[cegb_penalty_split: 0]
[cegb_penalty_feature_lazy: ]
[cegb_penalty_feature_coupled: ]
[path_smooth: 0]
[interaction_constraints: ]
[verbosity: -1]
[saved_feature_importance_type: 0]
[use_quantized_grad: 0]
[num_grad_quant_bins: 4]
[quant_train_renew_leaf: 0]
[stochastic_rounding: 1]
[linear_tree: 0]
[max_bin: 255]
[max_bin_by_feature: ]
[min_data_in_bin: 3]
[bin_construct_sample_cnt: 200000]
[data_random_seed: 254]
[is_enable_sparse: 1]
[enable_bundle: 1]
[use_missing: 1]
[zero_as_missing: 0]
[feature_pre_filter: 1]
[pre_partition: 0]
[two_round: 0]
[header: 0]
[label_column: ]
[weight_column: ]
[group_column: ]
[ignore_column: ]
[categorical_feature: ]
[forcedbins_filename: ]
[precise_float_parser: 0]
[parser_config_file: ]
[objective_seed: 1489]
[num_class: 1]
[is_unbalance: 0]
[scale_pos_weight: 1]
[sigmoid: 1]
[boost_from_average: 1]
[reg_sqrt: 0]
[alpha: 0.9]
[fair_c: 1]
[poisson_max_delta_step: 0.7]
[tweedie_variance_power: 1.5]
[lambdarank_truncation_level: 30]
[lambdarank_norm: 1]
[label_gain: ]
[lambdarank_position_bias_regularization: 0]
[eval_at: ]
[multi_error_top_k: 1]
[auc_mu_weights: ]
[num_machines: 1]
[local_listen_port: 12400]
[time_out: 120]
[machine_list_filename: ]
[machines: ]
[gpu_platform_id: -1]
[gpu_device_id: -1]
[gpu_use_dp: 0]
[num_gpu: 1]

end of parameters

pandas_categorical:[]
